0	0.0000	0.2381	81	None	None	0	5	9.580312758906386
1	0.2381	0.4762	81	None	None	0	5	9.822959817729915
2	0.4762	0.7143	76	None	None	0	4	8.264914576586076
3	0.7143	0.9524	72	None	None	0	3	7.902825374708141
4	0.9524	1.1905	69	None	None	0	2	7.441162006066543
5	1.1905	1.4286	64	None	None	0	1	7.0092637986401645
6	1.4286	1.6667	60	None	None	0	2	1.9143054119564233
7	1.6667	1.9048	57	None	None	0	1	2.054819709865084
8	2.6190	5.4762	69	None	None	0	3	1.3816807260676356
9	2.6190	5.4762	72	None	None	0	4	1.4883085011446084
10	2.8571	6.1905	68	None	None	0	2	1.5144793000426815
11	2.8571	6.1905	71	None	None	0	3	1.514479300042681
12	3.3333	6.9048	69	None	None	0	2	1.4276795684090002
13	3.3333	6.9048	72	None	None	0	4	1.223106159038542
14	3.5714	7.6190	68	None	None	0	2	1.2347912758897115
15	3.5714	7.6190	71	None	None	0	3	1.2347912758897117
16	4.0476	8.3333	69	None	None	0	2	1.234791275889712
17	4.0476	8.3333	72	None	None	0	4	1.2086204769916387
18	4.2857	9.0476	68	None	None	0	2	1.234791275889712
19	4.2857	9.0476	71	None	None	0	3	1.2347912758897115
20	5.4762	11.1905	69	None	None	0	2	1.3215910075233928
21	5.4762	11.1905	72	None	None	0	4	1.4883085011446089
22	5.7143	11.9048	68	None	None	0	2	1.5144793000426815
23	5.7143	11.9048	71	None	None	0	3	1.514479300042681
24	6.1905	12.6190	69	None	None	0	2	1.4276795684090002
25	6.1905	12.6190	72	None	None	0	4	1.223106159038542
26	6.4286	13.3333	68	None	None	0	2	1.3356061590385429
27	6.4286	13.3333	71	None	None	0	3	1.2172962998836114
28	6.9048	14.0476	69	None	None	0	2	1.5067591098009676
29	6.9048	14.0476	72	None	None	0	4	1.178728806770662
30	7.1429	14.7619	68	None	None	0	2	1.658170955530991
31	7.1429	14.7619	71	None	None	0	3	1.5398610963760595
32	8.3333	16.9048	69	None	None	0	2	1.9161236379270967
33	8.3333	16.9048	72	None	None	0	3	1.792666744267249
34	8.5714	17.6190	67	None	None	0	1	2.1596088930275763
35	8.5714	17.6190	71	None	None	0	3	1.8050634384821256
36	9.0476	18.3333	69	None	None	0	2	2.071676990981285
37	9.0476	18.3333	72	None	None	0	3	1.8576040238053337
38	9.2857	19.0476	67	None	None	0	1	1.8843188948272789
39	9.2857	19.0476	71	None	None	0	3	1.9080598252583556
40	9.7619	19.7619	69	None	None	0	2	2.0177705690600067
41	9.7619	19.7619	72	None	None	0	3	1.937880761897474
42	10.0000	20.4762	67	None	None	0	1	2.1417593363746343
43	10.0000	20.4762	71	None	None	0	5	2.1719599279932287
44	11.1905	22.6190	64	None	None	0	1	2.3631429126536507
45	11.1905	22.6190	72	None	None	0	5	2.35441401854653
46	11.4286	23.3333	62	None	None	0	1	2.6744897761222846
47	11.4286	23.3333	71	None	None	0	5	2.576710850502456
48	11.9048	24.0476	64	None	None	0	1	2.52696454053935
49	11.9048	24.0476	72	None	None	0	5	2.0727056229501764
50	12.1429	24.7619	62	None	None	0	1	2.2156176770707168
51	12.1429	24.7619	71	None	None	0	5	2.1178387514508907
52	12.6190	25.4762	64	None	None	0	1	2.1468160241781575
53	12.6190	25.4762	72	None	None	0	5	2.274656933269071
54	12.8571	26.1905	62	None	None	0	1	2.274656933269075
55	12.8571	26.1905	71	None	None	0	5	2.4092143082693833
56	14.0476	28.3333	64	None	None	0	1	2.5486410945826976
57	14.0476	28.3333	72	None	None	0	5	2.9878288671422437
58	14.2857	29.0476	62	None	None	0	1	3.8962795713676
59	14.2857	29.0476	71	None	None	0	3	3.7979647166746995
60	14.7619	29.7619	65	None	None	0	1	3.731952319980484
61	14.7619	29.7619	74	None	None	0	5	4.007158931550732
62	15.0000	30.4762	64	None	None	0	1	4.15451275143976
63	15.0000	30.4762	73	None	None	0	5	3.8061098339347352
64	15.4762	31.1905	67	None	None	0	2	3.9322461975711
65	15.4762	31.1905	76	None	None	0	5	3.4843295309044344
66	15.7143	16.1905	66	None	None	0	1	2.7237661506227373
67	15.9524	16.1905	75	None	None	0	5	2.0461772009467247
68	16.4286	16.9048	71	None	None	0	4	2.1615353276684903
69	16.9048	34.0476	64	None	None	0	1	4.764748719590278
70	16.9048	34.0476	72	None	None	0	5	5.228293617857582
71	17.1429	17.6190	71	None	None	0	4	6.285822872990362
72	17.6190	35.4762	64	None	None	0	1	6.515251658813319
73	17.6190	35.4762	72	None	None	0	5	6.964212213184331
74	17.8571	18.3333	71	None	None	0	4	12.974476979074982
75	18.3333	36.9048	64	None	None	0	2	12.973408458043776
76	18.3333	36.9048	72	None	None	0	5	21.694572524077206
77	18.5714	19.0476	59	None	None	0	1	26.937296404674193
78	18.6905	18.7500	63	None	None	0	2	26.937296404674193
79	18.7500	18.8095	64	None	None	0	1	22.095878494226476
80	18.8095	18.8690	66	None	None	0	2	21.74220933999763
81	18.8690	18.9286	68	None	None	0	3	22.285555918791953
82	18.9286	18.9881	69	None	None	0	1	19.10582874298281
83	18.9881	19.0476	71	None	None	0	4	12.991089937012681
84	19.0476	19.2857	72	None	None	0	5	21.694572524077344
85	19.2857	19.7619	59	None	None	0	1	26.937296404674385
86	19.4048	19.4643	63	None	None	0	2	26.9372964046744
87	19.4643	19.5238	64	None	None	0	1	22.09587849422651
88	19.5238	19.5833	66	None	None	0	2	21.742209339997668
89	19.5833	19.6429	68	None	None	0	3	22.285555918792003
90	19.6429	19.7024	69	None	None	0	1	19.105828742982748
91	19.7024	19.7619	71	None	None	0	4	12.99108993701257
92	19.7619	20.0000	72	None	None	0	5	21.97317948925136
93	20.0000	20.4762	59	None	None	0	1	24.888221357375542
94	20.1190	20.1786	63	None	None	0	2	29.795351092306817
95	20.1786	20.2381	64	None	None	0	0	-1
96	20.2381	20.2976	66	None	None	0	0	-1
97	20.2976	20.3571	68	None	None	0	0	-1
98	20.3571	20.4167	69	None	None	0	0	-1
99	20.4167	20.4762	71	None	None	0	0	-1
100	20.4762	20.7143	76	None	None	0	0	-1
101	20.7143	21.1905	59	None	None	0	0	-1
102	20.9524	21.1905	75	None	None	0	2	23.504181338028218
103	21.1905	21.4286	83	None	None	0	5	22.872359154929626
104	21.4286	21.6667	55	None	None	0	1	17.02367957746481
105	21.6667	21.9048	79	None	None	0	5	8.178169014084508
106	21.9048	22.1429	76	None	None	0	4	8.977012823207907
107	22.1429	22.3810	72	None	None	0	2	9.069698763410523
108	22.3810	22.6190	69	None	None	0	1	9.07891771347455
109	22.6190	22.8571	66	None	None	0	4	3.569082566227427
110	22.8571	23.0952	64	None	None	0	3	3.7128619089504236
111	23.0952	23.3333	64	None	None	0	3	3.9793908345702587
112	23.3333	23.5119	63	None	None	0	2	3.5188221192480245
113	23.5119	23.5714	63	None	None	0	2	6.088878234174509
114	23.5714	24.0476	64	None	None	0	1	5.161852083662157
115	24.2857	24.7619	71	None	None	0	5	6.188043947370533
116	24.7619	49.7619	64	None	None	0	1	6.515251658813319
117	24.7619	49.7619	72	None	None	0	5	6.964212213184331
118	25.0000	25.4762	71	None	None	0	4	12.974476979074982
119	25.4762	51.1905	64	None	None	0	2	12.973408458043776
120	25.4762	51.1905	72	None	None	0	5	21.694572524077206
121	25.7143	26.1905	59	None	None	0	1	26.937296404674193
122	25.8333	25.8929	63	None	None	0	2	26.937296404674193
123	25.8929	25.9524	64	None	None	0	1	22.095878494226476
124	25.9524	26.0119	66	None	None	0	2	21.74220933999763
125	26.0119	26.0714	68	None	None	0	3	22.285555918791953
126	26.0714	26.1310	69	None	None	0	1	19.10582874298281
127	26.1310	26.1905	71	None	None	0	4	12.991089937012681
128	26.1905	26.4286	72	None	None	0	5	21.973179489251486
129	26.4286	26.9048	59	None	None	0	1	24.88822135737564
130	26.5476	26.6071	63	None	None	0	2	29.795351092306987
131	26.6071	26.6667	64	None	None	0	0	-1
132	26.6667	26.7262	66	None	None	0	0	-1
133	26.7262	26.7857	68	None	None	0	0	-1
134	26.7857	26.8452	69	None	None	0	0	-1
135	26.8452	26.9048	71	None	None	0	0	-1
136	26.9048	27.1429	76	None	None	0	0	-1
137	27.1429	27.6190	59	None	None	0	0	-1
138	27.3810	27.6190	75	None	None	0	2	23.504181338028086
139	27.6190	27.8571	83	None	None	0	5	22.87235915492949
140	27.8571	28.0952	55	None	None	0	1	17.02367957746468
141	28.0952	28.3333	79	None	None	0	5	8.646185446009355
142	28.3333	28.5714	76	None	None	0	4	17.46798289738427
143	28.5714	28.8095	72	None	None	0	2	29.047032193158948
144	28.8095	29.0476	69	None	None	0	1	37.82520120724348
145	29.0476	29.2857	66	None	None	0	4	44.827930080482986
146	29.2857	29.5238	64	None	None	0	3	54.27687374245473
147	29.5238	29.7619	64	None	None	0	4	67.61714034205238
148	29.7619	30.0000	63	None	None	0	3	77.43052062374255
149	30.0000	30.4762	68	None	None	0	5	99.58060865191162
150	30.2381	30.4762	40	None	None	0	1	125.81476358148913
151	30.4762	30.7143	69	None	None	0	5	128.53813506036224
152	30.7143	30.9524	40	None	None	0	1	119.85157025241116
153	30.9524	31.4286	71	None	None	0	5	107.0236653228337
154	31.1905	31.4286	40	None	None	0	1	97.83405264677744
155	31.4286	31.9048	72	None	None	0	5	83.5734892664957
156	31.6667	31.9048	40	None	None	0	1	78.14257415626908
157	31.9048	32.1429	75	None	None	0	5	56.377163759103404
158	32.1429	32.6190	42	None	None	0	1	22.661885130811864
159	32.3810	32.8571	76	None	None	0	5	8.039878262527184
160	33.0952	33.2143	74	None	None	0	4	8.849192611200799
161	33.2143	33.3333	72	None	None	0	3	9.021203480766022
162	33.3333	33.5714	71	None	None	0	2	18.685246434138506
163	33.5714	33.6905	67	None	None	0	1	30.76711263132151
164	33.6905	33.8095	66	None	None	0	3	33.45129302660493
165	33.8095	33.9286	67	None	None	0	5	45.35075592719705
166	33.9286	34.0476	64	None	None	0	3	54.2028686032533
167	34.0476	34.1667	66	None	None	0	5	68.04500272385292
168	34.1667	34.2857	63	None	None	0	3	77.75755073921798
169	34.2857	34.7619	68	None	None	0	5	99.58060865191133
170	34.5238	34.7619	40	None	None	0	1	125.81476358148913
171	34.7619	35.0000	69	None	None	0	5	128.53813506036235
172	35.0000	35.2381	40	None	None	0	1	119.85157025241139
173	35.2381	35.7143	71	None	None	0	5	107.02366532283375
174	35.4762	35.7143	40	None	None	0	1	97.83405264677751
175	35.7143	36.1905	72	None	None	0	5	84.71571216912916
176	35.9524	36.1905	40	None	None	0	1	80.29362858064154
177	36.1905	36.4286	75	None	None	0	5	60.48066383565001
178	36.4286	36.9048	42	None	None	0	1	26.81918955518416
179	36.6667	37.1429	76	None	None	0	5	12.914870433935048
180	37.3810	37.5000	74	None	None	0	4	13.0064970355731
181	37.5000	37.6190	72	None	None	0	3	13.564105731225279
182	37.6190	37.7381	71	None	None	0	2	14.138018774703538
183	37.7381	37.8571	69	None	None	0	1	15.368616044090562
184	37.8571	37.9762	67	None	None	0	3	7.83947744437638
185	37.9762	38.0952	66	None	None	0	1	7.362150438865062
186	38.0952	38.2143	67	None	None	0	2	9.267657940396052
187	38.2143	38.3333	64	None	None	0	1	10.078219928928025
188	38.3333	38.4524	66	None	None	0	2	10.29867180686228
189	38.4524	38.5714	63	None	None	0	1	10.346235722967606
190	38.5714	38.8095	64	None	None	0	2	8.68871505548446
191	38.8095	39.0476	72	None	None	0	5	8.180352379428115
192	39.0476	39.2857	71	None	None	0	4	7.912351391041653
193	39.2857	39.5238	60	None	None	0	1	7.542633081182519
194	39.5238	39.7619	59	None	None	0	2	4.1438654755486555
195	39.7619	79.7619	63	None	None	0	3	3.7837502386728623
196	39.7619	79.7619	66	None	None	0	4	3.1317549335085464
197	39.7619	79.7619	69	None	None	0	5	2.921147539142347
198	40.0000	80.4762	64	None	None	0	3	3.129734884107652
199	40.0000	80.2381	67	None	None	0	5	3.1645940390372336
200	40.7143	40.9524	60	None	None	0	2	4.122059714094432
201	40.9524	41.1905	59	None	None	0	1	4.620898977534854
202	41.1905	82.5000	63	None	None	0	2	4.744452645228943
203	41.1905	82.5000	66	None	None	0	3	4.512346371221263
204	41.1905	82.5000	69	None	None	0	4	5.128434730474115
205	41.3690	41.4286	69	None	None	0	4	5.690934730474111
206	41.4286	41.6667	67	None	None	0	3	10.139460444296446
207	41.6667	41.7857	66	None	None	0	2	9.991755948088423
208	41.7857	41.8651	67	None	None	0	3	9.634696138441006
209	41.8651	41.9048	71	None	None	0	5	8.956279410211838
210	41.9048	42.1429	69	None	None	0	4	9.443145344073212
211	42.1429	42.3810	67	None	None	0	3	10.623860151367163
212	42.3810	42.5000	66	None	None	0	2	10.625860156304022
213	42.5000	42.6190	64	None	None	0	1	10.320074948267202
214	42.6190	42.7976	63	None	None	0	2	6.059616819057018
215	42.7976	42.8571	69	None	None	0	4	5.6909347304741615
216	42.8571	43.0952	67	None	None	0	3	10.139460444296336
217	43.0952	43.2143	66	None	None	0	2	9.436467486549864
218	43.2143	43.2937	67	None	None	0	3	9.8045320550119
219	43.2937	43.3333	71	None	None	0	5	15.250034163842791
220	43.3333	43.5714	69	None	None	0	4	14.531284155675154
221	43.5714	43.8095	67	None	None	0	3	14.594664437365301
222	43.8095	43.9286	66	None	None	0	2	14.418784155675148
223	43.9286	44.0476	64	None	None	0	1	13.965086972576565
224	44.0476	44.2262	63	None	None	0	2	11.676518514728032
225	44.2262	44.2857	63	None	None	0	2	15.517128843366502
226	44.2857	45.0000	64	None	None	0	1	10.688897640227381
227	45.0000	45.2381	81	None	None	0	5	9.580312758906436
228	45.2381	45.4762	81	None	None	0	5	9.822959817729965
229	45.4762	45.7143	76	None	None	0	4	8.264914576586138
230	45.7143	45.9524	72	None	None	0	3	7.902825374708196
231	45.9524	46.1905	69	None	None	0	2	7.441162006066602
232	46.1905	46.4286	64	None	None	0	1	7.009263798640232
233	46.4286	46.6667	60	None	None	0	2	1.9143054119564247
234	46.6667	46.9048	57	None	None	0	1	2.054819709865085
235	47.6190	95.4762	69	None	None	0	3	1.3816807260676343
236	47.6190	95.4762	72	None	None	0	4	1.488308501144607
237	47.8571	96.1905	68	None	None	0	2	1.5144793000426804
238	47.8571	96.1905	71	None	None	0	3	1.5144793000426804
239	48.3333	96.9048	69	None	None	0	2	1.4276795684089991
240	48.3333	96.9048	72	None	None	0	4	1.2231061590385395
241	48.5714	97.6190	68	None	None	0	2	1.2347912758897108
242	48.5714	97.6190	71	None	None	0	3	1.234791275889714
243	49.0476	98.3333	69	None	None	0	2	1.2347912758897122
244	49.0476	98.3333	72	None	None	0	4	1.208620476991635
245	49.2857	99.0476	68	None	None	0	2	1.23479127588971
246	49.2857	99.0476	71	None	None	0	3	1.234791275889713
247	50.4762	101.1905	69	None	None	0	2	1.3215910075233925
248	50.4762	101.1905	72	None	None	0	4	1.4883085011446056
249	50.7143	101.9048	68	None	None	0	2	1.5144793000426786
250	50.7143	101.9048	71	None	None	0	3	1.5144793000426784
251	51.1905	102.6190	69	None	None	0	2	1.427679568408999
252	51.1905	102.6190	72	None	None	0	4	1.223106159038544
253	51.4286	103.3333	68	None	None	0	2	1.3356061590385424
254	51.4286	103.3333	71	None	None	0	3	1.2172962998836088
255	51.9048	104.0476	69	None	None	0	2	1.506759109800968
256	51.9048	104.0476	72	None	None	0	4	1.1787288067706654
257	52.1429	104.7619	68	None	None	0	2	1.6581709555309918
258	52.1429	104.7619	71	None	None	0	3	1.5398610963760584
259	53.3333	106.9048	69	None	None	0	2	1.9161236379270972
260	53.3333	106.9048	72	None	None	0	3	1.7926667442672493
261	53.5714	107.6190	67	None	None	0	1	2.1596088930275776
262	53.5714	107.6190	71	None	None	0	3	1.8050634384821258
263	54.0476	108.3333	69	None	None	0	2	2.0716769909812847
264	54.0476	108.3333	72	None	None	0	3	1.8576040238053324
265	54.2857	109.0476	67	None	None	0	1	1.884318894827281
266	54.2857	109.0476	71	None	None	0	3	1.908059825258361
267	54.7619	109.7619	69	None	None	0	2	2.017770569060009
268	54.7619	109.7619	72	None	None	0	3	1.9378807618974732
269	55.0000	110.4762	67	None	None	0	1	2.141759336374634
270	55.0000	110.4762	71	None	None	0	5	2.1719599279932345
271	56.1905	112.6190	64	None	None	0	1	2.3631429126536574
272	56.1905	112.6190	72	None	None	0	5	2.354414018546537
273	56.4286	113.3333	62	None	None	0	1	2.6744897761222903
274	56.4286	113.3333	71	None	None	0	5	2.576710850502455
275	56.9048	114.0476	64	None	None	0	1	2.52696454053935
276	56.9048	114.0476	72	None	None	0	5	2.0727056229501817
277	57.1429	114.7619	62	None	None	0	1	2.2156176770707194
278	57.1429	114.7619	71	None	None	0	5	2.1178387514508827
279	57.6190	115.4762	64	None	None	0	1	2.146816024178149
280	57.6190	115.4762	72	None	None	0	5	2.274656933269064
281	57.8571	116.1905	62	None	None	0	1	2.2746569332690685
282	57.8571	116.1905	71	None	None	0	5	2.4092143082693775
283	59.0476	118.3333	64	None	None	0	1	2.548641094582692
284	59.0476	118.3333	72	None	None	0	5	2.9878288671422375
285	59.2857	119.0476	62	None	None	0	1	3.896279571367611
286	59.2857	119.0476	71	None	None	0	3	3.7979647166747084
287	59.7619	119.7619	65	None	None	0	1	3.7319523199804925
288	59.7619	119.7619	74	None	None	0	5	4.007158931550743
289	60.0000	120.4762	64	None	None	0	1	4.154512751439772
290	60.0000	120.4762	73	None	None	0	5	3.806109833934749
291	60.4762	121.1905	67	None	None	0	2	3.9322461975711143
292	60.4762	121.1905	76	None	None	0	5	3.484329530904448
293	60.7143	61.1905	66	None	None	0	1	2.723766150622735
294	60.9524	61.1905	75	None	None	0	5	2.046177200946726
295	61.4286	61.9048	71	None	None	0	4	2.1615353276684908
296	61.9048	124.0476	64	None	None	0	1	4.764748719590259
297	61.9048	124.0476	72	None	None	0	5	5.228293617857561
298	62.1429	62.6190	71	None	None	0	4	6.2858228729903445
299	62.6190	125.4762	64	None	None	0	1	6.515251658813323
300	62.6190	125.4762	72	None	None	0	5	6.964212213184313
301	62.8571	63.3333	71	None	None	0	4	12.974476979074993
302	63.3333	126.9048	64	None	None	0	2	12.973408458043787
303	63.3333	126.9048	72	None	None	0	5	21.694572524077195
304	63.5714	64.0476	59	None	None	0	1	26.937296404674107
305	63.6905	63.7500	63	None	None	0	2	26.937296404674107
306	63.7500	63.8095	64	None	None	0	1	22.09587849422636
307	63.8095	63.8690	66	None	None	0	2	21.742209339997476
308	63.8690	63.9286	68	None	None	0	3	22.28555591879181
309	63.9286	63.9881	69	None	None	0	1	19.105828742982556
310	63.9881	64.0476	71	None	None	0	4	12.991089937012564
311	64.0476	64.2857	72	None	None	0	5	21.69457252407725
312	64.2857	64.7619	59	None	None	0	1	26.937296404674168
313	64.4048	64.4643	63	None	None	0	2	26.937296404674164
314	64.4643	64.5238	64	None	None	0	1	22.095878494226415
315	64.5238	64.5833	66	None	None	0	2	21.74220933999757
316	64.5833	64.6429	68	None	None	0	3	22.285555918791903
317	64.6429	64.7024	69	None	None	0	1	19.105828742982798
318	64.7024	64.7619	71	None	None	0	4	12.991089937012672
319	64.7619	65.0000	72	None	None	0	5	21.97317948925216
320	65.0000	65.4762	59	None	None	0	1	24.888221357376302
321	65.1190	65.1786	63	None	None	0	2	29.795351092307595
322	65.1786	65.2381	64	None	None	0	0	-1
323	65.2381	65.2976	66	None	None	0	0	-1
324	65.2976	65.3571	68	None	None	0	0	-1
325	65.3571	65.4167	69	None	None	0	0	-1
326	65.4167	65.4762	71	None	None	0	0	-1
327	65.4762	65.7143	76	None	None	0	0	-1
328	65.7143	66.1905	59	None	None	0	0	-1
329	65.9524	66.1905	75	None	None	0	2	23.504181338028367
330	66.1905	66.4286	83	None	None	0	5	22.872359154929775
331	66.4286	66.6667	55	None	None	0	1	17.023679577465025
332	66.6667	66.9048	79	None	None	0	5	8.178169014084443
333	66.9048	67.1429	76	None	None	0	4	8.977012823207842
334	67.1429	67.3810	72	None	None	0	2	9.06969876341047
335	67.3810	67.6190	69	None	None	0	1	9.078917713474496
336	67.6190	67.8571	66	None	None	0	4	3.5690825662274204
337	67.8571	68.0952	64	None	None	0	3	3.7128619089504125
338	68.0952	68.3333	64	None	None	0	3	3.979390834570251
339	68.3333	68.5119	63	None	None	0	2	3.5188221192480267
340	68.5119	68.5714	63	None	None	0	2	6.088878234174505
341	68.5714	69.0476	64	None	None	0	1	5.161852083662148
342	69.2857	69.7619	71	None	None	0	5	6.188043947370524
343	69.7619	139.7619	64	None	None	0	1	6.515251658813312
344	69.7619	139.7619	72	None	None	0	5	6.964212213184308
345	70.0000	70.4762	71	None	None	0	4	12.974476979074971
346	70.4762	141.1905	64	None	None	0	2	12.973408458043757
347	70.4762	141.1905	72	None	None	0	5	21.694572524077177
348	70.7143	71.1905	59	None	None	0	1	26.937296404674168
349	70.8333	70.8929	63	None	None	0	2	26.937296404674214
350	70.8929	70.9524	64	None	None	0	1	22.095878494226465
351	70.9524	71.0119	66	None	None	0	2	21.74220933999762
352	71.0119	71.0714	68	None	None	0	3	22.285555918791953
353	71.0714	71.1310	69	None	None	0	1	19.1058287429827
354	71.1310	71.1905	71	None	None	0	4	12.991089937012573
355	71.1905	71.4286	72	None	None	0	5	21.973179489251358
356	71.4286	71.9048	59	None	None	0	1	24.888221357375503
357	71.5476	71.6071	63	None	None	0	2	29.795351092306745
358	71.6071	71.6667	64	None	None	0	0	-1
359	71.6667	71.7262	66	None	None	0	0	-1
360	71.7262	71.7857	68	None	None	0	0	-1
361	71.7857	71.8452	69	None	None	0	0	-1
362	71.8452	71.9048	71	None	None	0	0	-1
363	71.9048	72.1429	76	None	None	0	0	-1
364	72.1429	72.6190	59	None	None	0	0	-1
365	72.3810	72.6190	75	None	None	0	2	23.50418133802851
366	72.6190	72.8571	83	None	None	0	5	22.872359154929917
367	72.8571	73.0952	55	None	None	0	1	17.02367957746486
368	73.0952	73.3333	79	None	None	0	5	8.646185446009541
369	73.3333	73.5714	76	None	None	0	4	17.467982897384374
370	73.5714	73.8095	72	None	None	0	2	29.047032193159442
371	73.8095	74.0476	69	None	None	0	1	37.82520120724388
372	74.0476	74.2857	66	None	None	0	4	44.827930080483036
373	74.2857	74.5238	64	None	None	0	3	54.27687374245479
374	74.5238	74.7619	64	None	None	0	4	67.6171403420523
375	74.7619	75.0000	63	None	None	0	3	77.43052062374278
376	75.0000	75.4762	68	None	None	0	5	99.5806086519116
377	75.2381	75.4762	40	None	None	0	1	125.81476358148885
378	75.4762	75.7143	69	None	None	0	5	128.53813506036155
379	75.7143	75.9524	40	None	None	0	1	119.85157025241062
380	75.9524	76.4286	71	None	None	0	5	107.02366532283327
381	76.1905	76.4286	40	None	None	0	1	97.834052646777
382	76.4286	76.9048	72	None	None	0	5	83.57348926649543
383	76.6667	76.9048	40	None	None	0	1	78.14257415626845
384	76.9048	77.1429	75	None	None	0	5	56.37716375910302
385	77.1429	77.6190	42	None	None	0	1	22.66188513081182
386	77.3810	77.8571	76	None	None	0	5	8.039878262527155
387	78.0952	78.2143	74	None	None	0	4	8.84919261120077
388	78.2143	78.3333	72	None	None	0	3	9.021203480765998
389	78.3333	78.5714	71	None	None	0	2	18.685246434138307
390	78.5714	78.6905	67	None	None	0	1	30.767112631321318
391	78.6905	78.8095	66	None	None	0	3	33.451293026604745
392	78.8095	78.9286	67	None	None	0	5	45.350755927197156
393	78.9286	79.0476	64	None	None	0	3	54.20286860325342
394	79.0476	79.1667	66	None	None	0	5	68.04500272385302
395	79.1667	79.2857	63	None	None	0	3	77.75755073921786
396	79.2857	79.7619	68	None	None	0	5	99.58060865191122
397	79.5238	79.7619	40	None	None	0	1	125.81476358148845
398	79.7619	80.0000	69	None	None	0	5	128.53813506036232
399	80.0000	80.2381	40	None	None	0	1	119.85157025241136
400	80.2381	80.7143	71	None	None	0	5	107.02366532283344
401	80.4762	80.7143	40	None	None	0	1	97.8340526467772
402	80.7143	81.1905	72	None	None	0	5	84.71571216912886
403	80.9524	81.1905	40	None	None	0	1	80.29362858064147
404	81.1905	81.4286	75	None	None	0	5	60.48066383564994
405	81.4286	81.9048	42	None	None	0	1	26.81918955518482
406	81.6667	82.1429	76	None	None	0	5	12.914870433935086
407	82.3810	82.5000	74	None	None	0	4	13.006497035573132
408	82.5000	82.6190	72	None	None	0	3	13.56410573122531
409	82.6190	82.7381	71	None	None	0	2	14.13801877470357
410	82.7381	82.8571	69	None	None	0	1	15.368616044090542
411	82.8571	82.9762	67	None	None	0	3	7.839477444376366
412	82.9762	83.0952	66	None	None	0	1	7.362150438865047
413	83.0952	83.2143	67	None	None	0	2	9.267657940395956
414	83.2143	83.3333	64	None	None	0	1	10.07821992892793
415	83.3333	83.4524	66	None	None	0	2	10.298671806862206
416	83.4524	83.5714	63	None	None	0	1	10.346235722967531
417	83.5714	83.8095	64	None	None	0	2	8.688715055484385
418	83.8095	84.0476	72	None	None	0	5	8.18035237942804
419	84.0476	84.2857	71	None	None	0	4	7.9123513910415735
420	84.2857	84.5238	60	None	None	0	1	7.542633081182423
421	84.5238	84.7619	59	None	None	0	2	4.14386547554864
422	84.7619	169.7619	63	None	None	0	3	3.7837502386728468
423	84.7619	169.7619	66	None	None	0	4	3.1317549335085304
424	84.7619	169.7619	69	None	None	0	5	2.9211475391423316
425	85.0000	170.4762	64	None	None	0	3	3.1297348841076365
426	85.0000	170.2381	67	None	None	0	5	3.1645940390372473
427	85.7143	85.9524	60	None	None	0	2	4.122059714094446
428	85.9524	86.1905	59	None	None	0	1	4.620898977534834
429	86.1905	172.5000	63	None	None	0	2	4.744452645228952
430	86.1905	172.5000	66	None	None	0	3	4.512346371221266
431	86.1905	172.5000	69	None	None	0	4	5.128434730474127
432	86.3690	86.4286	69	None	None	0	4	5.6909347304741225
433	86.4286	86.6667	67	None	None	0	3	10.139460444296297
434	86.6667	86.7857	66	None	None	0	2	9.991755948088272
435	86.7857	86.8651	67	None	None	0	3	9.634696138440855
436	86.8651	86.9048	71	None	None	0	5	8.956279410211737
437	86.9048	87.1429	69	None	None	0	4	9.443145344073075
438	87.1429	87.3810	67	None	None	0	3	10.623860151366975
439	87.3810	87.5000	66	None	None	0	2	10.625860156303865
440	87.5000	87.6190	64	None	None	0	1	10.320074948267013
441	87.6190	87.7976	63	None	None	0	2	6.05961681905699
442	87.7976	87.8571	69	None	None	0	4	5.690934730474093
443	87.8571	88.0952	67	None	None	0	3	10.139460444296589
444	88.0952	88.2143	66	None	None	0	2	9.436467486550118
445	88.2143	88.2937	67	None	None	0	3	9.804532055012155
446	88.2937	88.3333	71	None	None	0	5	10.070697593108253
447	88.3333	88.5714	69	None	None	0	4	9.64889594174812
448	88.5714	88.8095	67	None	None	0	0	-1
449	88.8095	88.9286	66	None	None	0	0	-1
450	88.9286	89.0476	64	None	None	0	0	-1
451	89.0476	89.2262	63	None	None	0	0	-1
452	89.2262	89.2857	63	None	None	0	0	-1
453	89.2857	89.7619	64	None	None	0	0	-1
454	89.7619	89.8810	72	None	None	0	0	-1
455	90.0000	90.4762	71	None	None	0	0	-1
456	90.2381	90.4762	52	None	None	0	0	-1
457	90.4762	90.7143	72	None	None	0	0	-1
458	90.7143	91.1905	71	None	None	0	0	-1
459	90.9524	91.1905	52	None	None	0	0	-1
460	91.1905	91.4286	72	None	None	0	0	-1
461	91.4286	91.9048	71	None	None	0	0	-1
462	91.6667	91.9048	52	None	None	0	0	-1
463	91.9048	92.1429	63	None	None	0	0	-1
464	92.1429	92.3810	64	None	None	0	0	-1
465	92.3810	92.6190	52	None	None	0	0	-1
466	92.6190	92.8571	76	None	None	0	0	-1
467	92.8571	93.3333	74	None	None	0	0	-1
468	93.0952	93.3333	52	None	None	0	0	-1
469	93.3333	93.5714	76	None	None	0	0	-1
470	93.5714	94.0476	74	None	None	0	0	-1
471	93.8095	94.0476	52	None	None	0	0	-1
472	94.0476	94.2857	76	None	None	0	0	-1
473	94.2857	94.7619	74	None	None	0	0	-1
474	94.5238	94.7619	52	None	None	0	0	-1
475	94.7619	95.0000	61	None	None	0	0	-1
476	95.0000	95.2381	62	None	None	0	0	-1
477	95.2381	95.4762	52	None	None	0	0	-1
478	95.4762	95.7143	68	None	None	0	0	-1
479	95.7143	96.1905	69	None	None	0	0	-1
480	95.9524	96.1905	52	None	None	0	0	-1
481	96.1905	96.4286	68	None	None	0	0	-1
482	96.4286	96.9048	69	None	None	0	0	-1
483	96.6667	96.9048	52	None	None	0	0	-1
484	96.9048	97.1429	68	None	None	0	0	-1
485	97.1429	97.6190	69	None	None	0	0	-1
486	97.3810	97.6190	52	None	None	0	0	-1
487	97.6190	97.8571	59	None	None	0	0	-1
488	97.8571	98.0952	60	None	None	0	0	-1
489	98.0952	98.3333	52	None	None	0	0	-1
490	98.3333	98.5714	71	None	None	0	4	21.81258802816925
491	98.5714	99.0476	72	None	None	0	5	30.132423708920705
492	98.8095	99.0476	45	None	None	0	1	32.049677230047436
493	99.0476	99.2857	71	None	None	0	5	22.114818075117526
494	99.2857	99.5238	71	None	None	0	5	22.411766431925038
495	99.5238	99.7619	69	None	None	0	4	22.357775821596395
496	99.7619	100.0000	67	None	None	0	3	22.283303990610488
497	100.0000	200.4762	65	None	None	0	2	25.810827464788982
498	100.0000	200.4762	77	None	None	0	5	22.91396713615051
499	100.2381	100.4762	50	None	None	0	1	14.896361502347418
500	100.4762	100.7143	76	None	None	0	5	5.204460093896795
501	100.7143	100.9524	76	None	None	0	4	4.436502347417926
502	100.9524	101.1905	74	None	None	0	3	4.193544600939053
503	101.1905	101.4286	72	None	None	0	2	5.538231378319752
504	101.4286	203.3333	70	None	None	0	1	4.733592506895882
505	101.4286	203.3333	82	None	None	0	5	2.9997676017453623
506	101.9048	102.1429	81	None	None	0	4	3.283898061007704
507	102.1429	102.3810	81	None	None	0	5	2.210351654362648
508	102.3810	102.6190	79	None	None	0	4	2.0702214793733233
509	102.6190	102.7976	77	None	None	0	3	2.149577782481227
510	102.7976	102.8571	77	None	None	0	4	1.5965476349395211
511	102.8571	103.3333	76	None	None	0	3	1.2347912758897026
512	104.0476	208.3333	74	None	None	0	2	1.3215910075233859
513	104.0476	208.3333	77	None	None	0	4	1.4883085011446067
514	104.2857	209.0476	73	None	None	0	2	1.5144793000426806
515	104.2857	209.0476	76	None	None	0	3	1.5144793000426804
516	104.7619	209.7619	74	None	None	0	2	1.5159637012503282
517	104.7619	209.7619	77	None	None	0	4	1.3803324813017694
518	105.0000	210.4762	73	None	None	0	2	3.014268585627603
519	105.0000	210.4762	76	None	None	0	3	3.2750520363318243
520	105.4762	211.1905	74	None	None	0	2	3.1591429454227313
521	105.4762	211.1905	77	None	None	0	5	3.499629396782131
522	105.7143	211.9048	73	None	None	0	2	5.0395553440569705
523	105.7143	211.9048	76	None	None	0	4	5.282073112104365
524	106.9048	214.0476	72	None	None	0	1	5.125865044341868
525	106.9048	214.0476	81	None	None	0	5	5.565052816901409
526	107.1429	214.7619	70	None	None	0	1	5.565052816901409
527	107.1429	214.7619	79	None	None	0	5	5.565052816901409
528	107.6190	215.4762	72	None	None	0	1	5.628775141624647
529	107.6190	215.4762	81	None	None	0	5	5.110303991004043
530	107.8571	216.1905	70	None	None	0	1	3.868086269771133
531	107.8571	216.1905	79	None	None	0	5	3.8285469505223113
532	108.3333	216.9048	72	None	None	0	1	3.926325876142145
533	108.3333	216.9048	81	None	None	0	5	3.4624359437604855
534	108.5714	217.6190	70	None	None	0	1	2.313646093687244
535	108.5714	217.6190	79	None	None	0	5	2.2298215071407705
536	109.7619	219.7619	67	None	None	0	2	1.6585887262521792
537	109.7619	219.7619	73	None	None	0	5	1.8708706786171527
538	110.0000	220.4762	69	None	None	0	3	1.8708706786171567
539	110.0000	220.4762	74	None	None	0	5	1.8708706786171743
540	110.4762	221.1905	67	None	None	0	2	2.03835093896715
541	110.4762	221.1905	73	None	None	0	4	1.8320278417041411
542	110.7143	221.9048	69	None	None	0	1	1.7261209818120076
543	110.7143	221.9048	74	None	None	0	5	1.610535612478412
544	111.1905	222.6190	67	None	None	0	1	1.5019185999034252
545	111.1905	222.6190	73	None	None	0	4	1.4744991111010024
546	111.4286	223.3333	69	None	None	0	1	1.2431666202065368
547	111.4286	223.3333	74	None	None	0	2	1.1647728257052
548	112.6190	225.4762	74	None	None	0	2	1.3215910075233859
549	112.6190	225.4762	77	None	None	0	4	1.4883085011446067
550	112.8571	226.1905	73	None	None	0	2	1.5144793000426806
551	112.8571	226.1905	76	None	None	0	3	1.5144793000426804
552	113.3333	226.9048	74	None	None	0	2	1.5098751403647184
553	113.3333	226.9048	77	None	None	0	4	1.2696313742906957
554	113.5714	227.6190	73	None	None	0	2	1.408846245312646
555	113.5714	227.6190	76	None	None	0	3	1.6688227711342385
556	114.0476	228.3333	74	None	None	0	2	1.7785335149358872
557	114.0476	228.3333	77	None	None	0	5	1.6561586501821095
558	114.2857	229.0476	73	None	None	0	4	1.969421782453317
559	114.2857	229.0476	76	None	None	0	5	2.171959927993238
560	115.4762	231.1905	69	None	None	0	1	2.363142912653665
561	115.4762	231.1905	77	None	None	0	5	2.354414018546536
562	115.7143	231.9048	67	None	None	0	1	2.6744897761222948
563	115.7143	231.9048	76	None	None	0	5	2.576710850502455
564	116.1905	232.6190	69	None	None	0	1	2.4716139870338267
565	116.1905	232.6190	77	None	None	0	5	2.084160112495085
566	116.4286	233.3333	67	None	None	0	1	2.2954277181288836
567	116.4286	233.3333	76	None	None	0	5	1.9978620956984
568	116.9048	234.0476	69	None	None	0	1	2.2753930874339523
569	116.9048	234.0476	77	None	None	0	5	1.7333476328884994
570	117.1429	234.7619	67	None	None	0	1	2.2164869647474257
571	117.1429	234.7619	76	None	None	0	3	1.5398610963760686
572	118.3333	236.9048	74	None	None	0	2	1.9161236379271018
573	118.3333	236.9048	77	None	None	0	3	1.7926667442672541
574	118.5714	237.6190	72	None	None	0	1	2.159608893027577
575	118.5714	237.6190	76	None	None	0	3	1.8050634384821214
576	119.0476	238.3333	74	None	None	0	2	1.8475072492838627
577	119.0476	238.3333	77	None	None	0	3	1.534326041025494
578	119.2857	239.0476	72	None	None	0	1	1.6981636794018853
579	119.2857	239.0476	76	None	None	0	3	1.3436182248564394
580	119.7619	239.7619	74	None	None	0	2	1.6330810347737934
581	119.7619	239.7619	77	None	None	0	3	1.3312215306415633
582	120.0000	240.4762	72	None	None	0	1	1.6981636794018866
583	120.0000	240.4762	76	None	None	0	3	1.5398610963760584
584	121.1905	242.6190	74	None	None	0	2	1.9161236379271025
585	121.1905	242.6190	77	None	None	0	3	1.7926667442672548
586	121.4286	243.3333	72	None	None	0	1	2.1596088930275785
587	121.4286	243.3333	76	None	None	0	3	1.8050634384821302
588	121.9048	244.0476	74	None	None	0	2	1.8037033463325651
589	121.9048	244.0476	77	None	None	0	3	1.7243470432246717
590	122.1429	244.7619	72	None	None	0	1	1.780332958717625
591	122.1429	244.7619	76	None	None	0	3	1.9485370374341124
592	122.6190	245.4762	74	None	None	0	2	2.552282235897615
593	122.6190	245.4762	77	None	None	0	3	6.0993343834939076
594	122.8571	246.1905	72	None	None	0	1	6.648630158141788
595	122.8571	246.1905	76	None	None	0	3	7.840852792191736
596	123.5714	123.8095	81	None	None	0	5	9.001159809735583
597	123.8095	124.0476	79	None	None	0	4	9.471107385942407
598	124.0476	124.2857	77	None	None	0	3	9.790649639463535
599	124.2857	124.5238	76	None	None	0	2	10.743466540872031
600	124.5238	124.7619	74	None	None	0	1	10.02381225149943
601	124.7619	125.0000	72	None	None	0	3	5.643730625379102
602	125.0000	125.2381	71	None	None	0	2	5.6734254610598525
603	125.2381	125.7143	69	None	None	0	1	5.179391006397972
604	125.9524	126.0714	68	None	None	0	3	3.7322219473868254
605	126.0714	126.1905	66	None	None	0	2	3.5626796938657015
606	126.1905	126.4286	64	None	None	0	1	3.3410887847747985
607	126.4286	126.9048	76	None	None	0	4	2.161535327668486
608	126.9048	254.0476	69	None	None	0	1	4.764748719590275
609	126.9048	254.0476	77	None	None	0	5	5.228293617857596
610	127.1429	127.6190	76	None	None	0	4	6.285822872990257
611	127.6190	255.4762	69	None	None	0	1	6.648647181201323
612	127.6190	255.4762	77	None	None	0	5	6.794169569260942
613	127.8571	128.3333	76	None	None	0	4	12.918676436333758
614	128.3333	256.9048	69	None	None	0	2	12.917607915302483
615	128.3333	256.9048	77	None	None	0	5	18.132117752481346
616	128.5714	129.0476	64	None	None	0	1	18.132117752481346
617	128.6905	128.7500	68	None	None	0	2	18.132117752481346
618	128.7500	128.8095	69	None	None	0	1	18.132117752480607
619	128.8095	128.8690	71	None	None	0	2	16.98833665795303
620	128.8690	128.9286	72	None	None	0	1	10.241135165416459
621	128.9286	128.9881	74	None	None	0	3	12.85662024004324
622	128.9881	129.0476	76	None	None	0	4	12.935289394272214
623	129.0476	129.2857	77	None	None	0	5	18.13211775247988
624	129.2857	129.7619	64	None	None	0	1	18.132117752479886
625	129.4048	129.4643	68	None	None	0	2	18.132117752479886
626	129.4643	129.5238	69	None	None	0	3	18.132117752479886
627	129.5238	129.5833	71	None	None	0	1	8.01520232959527
628	129.5833	129.6429	72	None	None	0	2	6.950090389296666
629	129.6429	129.7024	74	None	None	0	3	12.856620240043226
630	129.7024	129.7619	76	None	None	0	4	12.93528939427209
631	129.7619	130.0000	77	None	None	0	5	21.010973473874564
632	130.0000	130.4762	64	None	None	0	1	22.595480516128347
633	130.1190	130.1786	68	None	None	0	2	27.502610251059643
634	130.1786	130.2381	69	None	None	0	0	-1
635	130.2381	130.2976	71	None	None	0	0	-1
636	130.2976	130.3571	72	None	None	0	0	-1
637	130.3571	130.4167	74	None	None	0	0	-1
638	130.4167	130.4762	76	None	None	0	0	-1
639	130.4762	130.7143	81	None	None	0	0	-1
640	130.7143	131.1905	64	None	None	0	0	-1
641	130.9524	131.1905	80	None	None	0	2	23.22087734741765
642	131.1905	131.4286	88	None	None	0	5	22.589055164319067
643	131.4286	131.6667	60	None	None	0	1	16.30965375586847
644	131.6667	131.9048	84	None	None	0	5	7.464143192488259
645	131.9048	132.1429	81	None	None	0	4	8.14725930208126
646	132.1429	132.3810	77	None	None	0	3	8.225156509889505
647	132.3810	132.6190	74	None	None	0	2	7.661840248685924
648	132.6190	132.8571	71	None	None	0	1	8.320491016931754
649	132.8571	133.0952	69	None	None	0	3	3.7128619089505714
650	133.0952	133.3333	69	None	None	0	3	3.979390834570406
651	133.3333	133.5119	68	None	None	0	2	3.518822119248113
652	133.5119	133.5714	68	None	None	0	2	6.088878234174705
653	133.5714	134.0476	69	None	None	0	1	5.161852083662261
654	134.2857	134.7619	76	None	None	0	5	6.188043947370504
655	134.7619	269.7619	69	None	None	0	1	6.648647181201417
656	134.7619	269.7619	77	None	None	0	5	6.794169569261048
657	135.0000	135.4762	76	None	None	0	4	12.918676436333865
658	135.4762	271.1905	69	None	None	0	2	12.917607915302607
659	135.4762	271.1905	77	None	None	0	5	18.132117752481488
660	135.7143	136.1905	64	None	None	0	1	18.132117752481346
661	135.8333	135.8929	68	None	None	0	2	18.132117752481346
662	135.8929	135.9524	69	None	None	0	1	18.132117752480365
663	135.9524	136.0119	71	None	None	0	2	16.9883366579529
664	136.0119	136.0714	72	None	None	0	1	10.241135165416203
665	136.0714	136.1310	74	None	None	0	3	12.85662024004247
666	136.1310	136.1905	76	None	None	0	4	12.93528939427145
667	136.1905	136.4286	77	None	None	0	5	21.010973473872763
668	136.4286	136.9048	64	None	None	0	1	22.595480516126273
669	136.5476	136.6071	68	None	None	0	2	27.50261025105756
670	136.6071	136.6667	69	None	None	0	0	-1
671	136.6667	136.7262	71	None	None	0	0	-1
672	136.7262	136.7857	72	None	None	0	0	-1
673	136.7857	136.8452	74	None	None	0	0	-1
674	136.8452	136.9048	76	None	None	0	0	-1
675	136.9048	137.1429	81	None	None	0	0	-1
676	137.1429	137.6190	64	None	None	0	0	-1
677	137.3810	137.6190	80	None	None	0	2	23.220877347418398
678	137.6190	137.8571	88	None	None	0	5	22.589055164319813
679	137.8571	138.0952	60	None	None	0	1	16.309653755869153
680	138.0952	138.3333	84	None	None	0	5	7.932159624413079
681	138.3333	138.5714	81	None	None	0	4	16.638229376257406
682	138.5714	138.8095	77	None	None	0	3	28.202489939637594
683	138.8095	139.0476	74	None	None	0	2	36.408123742455174
684	139.0476	139.2857	71	None	None	0	1	49.57933853118747
685	139.2857	139.5238	69	None	None	0	4	53.32488682092587
686	139.5238	139.7619	69	None	None	0	4	67.61714034205252
687	139.7619	140.0000	68	None	None	0	3	77.43052062374258
688	140.0000	140.4762	73	None	None	0	5	99.58060865191142
689	140.2381	140.4762	45	None	None	0	1	101.95736921529168
690	140.4762	140.7143	74	None	None	0	5	105.22541498993955
691	140.7143	140.9524	45	None	None	0	1	106.80992203219232
692	140.9524	141.4286	76	None	None	0	5	94.44363682092482
693	141.1905	141.4286	45	None	None	0	0	-1
694	141.4286	141.9048	77	None	None	0	0	-1
695	141.6667	141.9048	45	None	None	0	0	-1
696	141.9048	142.1429	80	None	None	0	0	-1
697	142.1429	142.6190	47	None	None	0	0	-1
698	142.3810	142.8571	81	None	None	0	0	-1
699	142.6190	142.8571	48	None	None	0	2	24.398190957339075
700	142.8571	143.3333	50	None	None	0	1	21.813194019188455
701	143.0952	143.2143	79	None	None	0	5	10.074637681159361
702	143.2143	143.3333	77	None	None	0	4	9.876358695652115
703	143.3333	143.4524	76	None	None	0	3	10.223731884057916
704	143.4524	143.5714	74	None	None	0	2	19.71241251858966
705	143.5714	143.6905	72	None	None	0	1	30.652055813139484
706	143.6905	143.8095	71	None	None	0	4	32.20479269722394
707	143.8095	143.9286	72	None	None	0	5	44.8920726268013
708	143.9286	144.0476	69	None	None	0	3	53.74418530285757
709	144.0476	144.1667	71	None	None	0	4	67.57810549065208
710	144.1667	144.2857	68	None	None	0	3	77.7575507392185
711	144.2857	144.7619	73	None	None	0	5	99.58060865191189
712	144.5238	144.7619	45	None	None	0	1	101.95736921529215
713	144.7619	145.0000	74	None	None	0	5	105.22541498994
714	145.0000	145.2381	45	None	None	0	1	106.80992203219353
715	145.2381	145.7143	76	None	None	0	5	94.44363682092603
716	145.4762	145.7143	45	None	None	0	0	-1
717	145.7143	146.1905	77	None	None	0	0	-1
718	145.9524	146.1905	45	None	None	0	0	-1
719	146.1905	146.4286	80	None	None	0	0	-1
720	146.4286	146.9048	47	None	None	0	0	-1
721	146.6667	147.1429	81	None	None	0	0	-1
722	146.9048	147.1429	48	None	None	0	2	24.398190957338105
723	147.1429	147.6190	50	None	None	0	1	21.81319401918748
724	147.3810	147.5000	79	None	None	0	5	10.074637681159409
725	147.5000	147.6190	77	None	None	0	4	9.876358695652165
726	147.6190	147.7381	76	None	None	0	3	10.487771739130423
727	147.7381	147.8571	74	None	None	0	2	12.675183710961385
728	147.8571	147.9762	72	None	None	0	1	11.798219024290637
729	147.9762	148.0952	71	None	None	0	3	6.931942743417023
730	148.0952	148.2143	72	None	None	0	4	10.342975607266709
731	148.2143	148.3333	69	None	None	0	2	10.377450639276953
732	148.3333	148.4524	71	None	None	0	3	10.1896572120469
733	148.4524	148.5714	68	None	None	0	1	10.238914713577838
734	148.5714	148.8095	69	None	None	0	2	8.581394046094687
735	148.8095	149.0476	77	None	None	0	5	8.073031370038356
736	149.0476	149.2857	76	None	None	0	4	7.805030381651902
737	149.2857	149.5238	65	None	None	0	1	7.435312071792753
738	149.5238	149.7619	64	None	None	0	2	4.036544466158975
739	149.7619	299.7619	68	None	None	0	3	3.330238448233238
740	149.7619	299.7619	71	None	None	0	4	3.8111656782801804
741	149.7619	299.7619	74	None	None	0	5	3.3622220163083485
742	150.0000	300.2381	69	None	None	0	3	3.639041265134645
743	150.0000	300.2381	72	None	None	0	5	3.2584661477637558
744	150.7143	150.9524	65	None	None	0	2	3.6878521126760284
745	150.9524	151.1905	64	None	None	0	1	4.350961286167114
746	151.1905	302.6190	68	None	None	0	2	4.599112702785458
747	151.1905	302.6190	71	None	None	0	3	4.688901435179824
748	151.1905	302.6190	74	None	None	0	4	4.284793453959163
749	151.4286	303.3333	69	None	None	0	2	5.121734666451511
750	151.4286	303.0952	72	None	None	0	4	9.491289039792987
751	151.6667	151.7857	71	None	None	0	3	9.803619754852601
752	151.7857	151.8651	72	None	None	0	4	9.994540152862498
753	151.8651	151.9048	76	None	None	0	5	9.986912375209
754	151.9048	152.1429	74	None	None	0	4	9.565110723848894
755	152.1429	152.3810	72	None	None	0	3	9.837777977370019
756	152.3810	152.5000	71	None	None	0	2	11.277236128181706
757	152.5000	152.6190	69	None	None	0	1	10.822073092871081
758	152.6190	152.7976	68	None	None	0	2	6.101579752393457
759	152.7976	152.8571	74	None	None	0	4	5.326810481497374
760	152.8571	306.1905	69	None	None	0	2	5.786544420498088
761	152.8571	305.9524	72	None	None	0	4	9.491289039793006
762	153.0952	153.2143	71	None	None	0	3	9.248331293314118
763	153.2143	153.2937	72	None	None	0	4	10.144475571921202
764	153.2937	153.3333	76	None	None	0	5	9.112848472693882
765	153.3333	153.5714	74	None	None	0	4	8.638950150399051
766	153.5714	153.8095	72	None	None	0	0	-1
767	153.8095	153.9286	71	None	None	0	0	-1
768	153.9286	154.0476	69	None	None	0	0	-1
769	154.0476	154.2262	68	None	None	0	0	-1
770	154.2262	154.2857	68	None	None	0	0	-1
771	154.2857	154.7619	69	None	None	0	0	-1
772	154.7619	154.8810	72	None	None	0	0	-1
773	155.0000	155.4762	71	None	None	0	0	-1
774	155.2381	155.4762	52	None	None	0	0	-1
775	155.4762	155.7143	72	None	None	0	0	-1
776	155.7143	156.1905	71	None	None	0	0	-1
777	155.9524	156.1905	52	None	None	0	0	-1
778	156.1905	156.4286	72	None	None	0	0	-1
779	156.4286	156.9048	71	None	None	0	0	-1
780	156.6667	156.9048	52	None	None	0	0	-1
781	156.9048	157.1429	63	None	None	0	0	-1
782	157.1429	157.3810	64	None	None	0	0	-1
783	157.3810	157.6190	52	None	None	0	0	-1
784	157.6190	157.8571	76	None	None	0	0	-1
785	157.8571	158.3333	74	None	None	0	0	-1
786	158.0952	158.3333	52	None	None	0	0	-1
787	158.3333	158.5714	76	None	None	0	0	-1
788	158.5714	159.0476	74	None	None	0	0	-1
789	158.8095	159.0476	52	None	None	0	0	-1
790	159.0476	159.2857	76	None	None	0	0	-1
791	159.2857	159.7619	74	None	None	0	0	-1
792	159.5238	159.7619	52	None	None	0	0	-1
793	159.7619	160.0000	61	None	None	0	0	-1
794	160.0000	160.2381	62	None	None	0	0	-1
795	160.2381	160.4762	52	None	None	0	0	-1
796	160.4762	160.7143	68	None	None	0	0	-1
797	160.7143	161.1905	69	None	None	0	0	-1
798	160.9524	161.1905	52	None	None	0	0	-1
799	161.1905	161.4286	68	None	None	0	0	-1
800	161.4286	161.9048	69	None	None	0	0	-1
801	161.6667	161.9048	52	None	None	0	0	-1
802	161.9048	162.1429	68	None	None	0	0	-1
803	162.1429	162.6190	69	None	None	0	0	-1
804	162.3810	162.6190	52	None	None	0	0	-1
805	162.6190	162.8571	59	None	None	0	0	-1
806	162.8571	163.0952	60	None	None	0	0	-1
807	163.0952	163.3333	52	None	None	0	0	-1
808	163.3333	163.5714	71	None	None	0	4	21.81258802816884
809	163.5714	164.0476	72	None	None	0	5	30.13242370891995
810	163.8095	164.0476	45	None	None	0	1	32.04967723004752
811	164.0476	164.2857	71	None	None	0	5	22.114818075118023
812	164.2857	164.5238	71	None	None	0	5	22.411766431925535
813	164.5238	164.7619	69	None	None	0	4	22.357775821596892
814	164.7619	165.0000	67	None	None	0	3	22.283303990610985
815	165.0000	330.4762	65	None	None	0	2	25.810827464789355
816	165.0000	330.4762	77	None	None	0	5	22.913967136150884
817	165.2381	165.4762	50	None	None	0	1	14.89636150234813
818	165.4762	165.7143	76	None	None	0	5	5.204460093896671
819	165.7143	165.9524	76	None	None	0	4	4.436502347417802
820	165.9524	166.1905	74	None	None	0	3	4.193544600938929
821	166.1905	166.4286	72	None	None	0	2	5.538231378319485
822	166.4286	333.3333	70	None	None	0	1	4.733592506895762
823	166.4286	333.3333	82	None	None	0	5	2.999767601745314
824	166.9048	167.1429	81	None	None	0	4	3.283898061007663
825	167.1429	167.3810	81	None	None	0	5	2.210351654362607
826	167.3810	167.6190	79	None	None	0	4	2.0702214793732825
827	167.6190	167.7976	77	None	None	0	3	2.149577782481186
828	167.7976	167.8571	77	None	None	0	4	1.5965476349394776
829	167.8571	168.3333	76	None	None	0	3	1.234791275889705
830	169.0476	338.3333	74	None	None	0	2	1.3215910075233916
831	169.0476	338.3333	77	None	None	0	4	1.4883085011446187
832	169.2857	339.0476	73	None	None	0	2	1.5144793000426928
833	169.2857	339.0476	76	None	None	0	3	1.5144793000426928
834	169.7619	339.7619	74	None	None	0	2	1.5159637012503389
835	169.7619	339.7619	77	None	None	0	4	1.3803324813017779
836	170.0000	340.4762	73	None	None	0	2	3.01426858562761
837	170.0000	340.4762	76	None	None	0	3	3.2750520363318314
838	170.4762	341.1905	74	None	None	0	2	3.1591429454227336
839	170.4762	341.1905	77	None	None	0	5	3.4996293967821077
840	170.7143	341.9048	73	None	None	0	2	5.0395553440569465
841	170.7143	341.9048	76	None	None	0	4	5.282073112104342
842	171.9048	344.0476	72	None	None	0	1	5.125865044341849
843	171.9048	344.0476	81	None	None	0	5	5.565052816901427
844	172.1429	344.7619	70	None	None	0	1	5.565052816901428
845	172.1429	344.7619	79	None	None	0	5	5.565052816901428
846	172.6190	345.4762	72	None	None	0	1	5.628775141624668
847	172.6190	345.4762	81	None	None	0	5	5.110303991004078
848	172.8571	346.1905	70	None	None	0	1	3.8680862697711618
849	172.8571	346.1905	79	None	None	0	5	3.8285469505223406
850	173.3333	346.9048	72	None	None	0	1	3.9263258761421733
851	173.3333	346.9048	81	None	None	0	5	3.4624359437604886
852	173.5714	347.6190	70	None	None	0	1	2.313646093687245
853	173.5714	347.6190	79	None	None	0	5	2.229821507140773
854	174.7619	349.7619	67	None	None	0	2	1.6585887262521877
855	174.7619	349.7619	73	None	None	0	5	1.8708706786171634
856	175.0000	350.4762	69	None	None	0	3	1.8708706786171634
857	175.0000	350.4762	74	None	None	0	5	1.8708706786171632
858	175.4762	351.1905	67	None	None	0	2	2.03835093896714
859	175.4762	351.1905	73	None	None	0	4	1.832027841704105
860	175.7143	351.9048	69	None	None	0	1	1.7261209818119714
861	175.7143	351.9048	74	None	None	0	5	1.61053561247839
862	176.1905	352.6190	67	None	None	0	1	1.5019185999033966
863	176.1905	352.6190	73	None	None	0	4	1.4744991111010068
864	176.4286	353.3333	69	None	None	0	1	1.2431666202065508
865	176.4286	353.3333	74	None	None	0	2	1.1647728257052232
866	177.6190	355.4762	74	None	None	0	2	1.3215910075234054
867	177.6190	355.4762	77	None	None	0	4	1.48830850114462
868	177.8571	356.1905	73	None	None	0	2	1.514479300042693
869	177.8571	356.1905	76	None	None	0	3	1.5144793000426928
870	178.3333	356.9048	74	None	None	0	2	1.5098751403647248
871	178.3333	356.9048	77	None	None	0	4	1.269631374290686
872	178.5714	357.6190	73	None	None	0	2	1.4088462453126378
873	178.5714	357.6190	76	None	None	0	3	1.6688227711342303
874	179.0476	358.3333	74	None	None	0	2	1.778533514935883
875	179.0476	358.3333	77	None	None	0	5	1.6561586501821135
876	179.2857	359.0476	73	None	None	0	4	1.9694217824533164
877	179.2857	359.0476	76	None	None	0	5	2.1719599279932202
878	180.4762	361.1905	69	None	None	0	1	2.3631429126536463
879	180.4762	361.1905	77	None	None	0	5	2.3544140185465148
880	180.7143	361.9048	67	None	None	0	1	2.6744897761222735
881	180.7143	361.9048	76	None	None	0	5	2.5767108505024336
882	181.1905	362.6190	69	None	None	0	1	2.471613987033806
883	181.1905	362.6190	77	None	None	0	5	2.084160112495066
884	181.4286	363.3333	67	None	None	0	1	2.295427718128869
885	181.4286	363.3333	76	None	None	0	5	1.9978620956984052
886	181.9048	364.0476	69	None	None	0	1	2.275393087433947
887	181.9048	364.0476	77	None	None	0	5	1.7333476328884934
888	182.1429	364.7619	67	None	None	0	1	2.2164869647474106
889	182.1429	364.7619	76	None	None	0	3	1.53986109637605
890	183.3333	366.9048	74	None	None	0	2	1.9161236379270827
891	183.3333	366.9048	77	None	None	0	3	1.7926667442672333
892	183.5714	367.6190	72	None	None	0	1	2.1596088930275568
893	183.5714	367.6190	76	None	None	0	3	1.8050634384821094
894	184.0476	368.3333	74	None	None	0	2	1.847507249283857
895	184.0476	368.3333	77	None	None	0	3	1.5343260410254964
896	184.2857	369.0476	72	None	None	0	1	1.6981636794018806
897	184.2857	369.0476	76	None	None	0	3	1.3436182248564332
898	184.7619	369.7619	74	None	None	0	2	1.633081034773787
899	184.7619	369.7619	77	None	None	0	3	1.3312215306415571
900	185.0000	370.4762	72	None	None	0	1	1.6981636794018804
901	185.0000	370.4762	76	None	None	0	3	1.53986109637605
902	186.1905	372.6190	74	None	None	0	2	1.9161236379270827
903	186.1905	372.6190	77	None	None	0	3	1.7926667442672333
904	186.4286	373.3333	72	None	None	0	1	2.1596088930275745
905	186.4286	373.3333	76	None	None	0	3	1.80506343848213
906	186.9048	374.0476	74	None	None	0	2	1.803703346332565
907	186.9048	374.0476	77	None	None	0	3	1.7243470432246615
908	187.1429	374.7619	72	None	None	0	1	1.7803329587176153
909	187.1429	374.7619	76	None	None	0	3	1.9485370374341089
910	187.6190	375.4762	74	None	None	0	2	2.552282235897615
911	187.6190	375.4762	77	None	None	0	3	6.0993343834939155
912	187.8571	376.1905	72	None	None	0	1	6.6486301581417795
913	187.8571	376.1905	76	None	None	0	3	7.840852792191692
914	188.5714	188.8095	81	None	None	0	5	9.001159809735585
915	188.8095	189.0476	79	None	None	0	4	9.471107385942435
916	189.0476	189.2857	77	None	None	0	3	9.790649639463561
917	189.2857	189.5238	76	None	None	0	2	10.743466540872006
918	189.5238	189.7619	74	None	None	0	1	10.023812251499406
919	189.7619	190.0000	72	None	None	0	3	5.643730625379077
920	190.0000	190.2381	71	None	None	0	2	5.673425461059828
921	190.2381	190.7143	69	None	None	0	1	5.179391006397974
922	190.9524	191.0714	68	None	None	0	3	3.732221947386762
923	191.0714	191.1905	66	None	None	0	2	3.5626796938656575
924	191.1905	191.4286	64	None	None	0	1	3.3410887847747466
925	191.4286	191.9048	76	None	None	0	4	2.161535327668477
926	191.9048	384.0476	69	None	None	0	1	4.764748719590243
927	191.9048	384.0476	77	None	None	0	5	5.228293617857566
928	192.1429	192.6190	76	None	None	0	4	6.285822872990229
929	192.6190	385.4762	69	None	None	0	1	6.6486471812013
930	192.6190	385.4762	77	None	None	0	5	6.794169569260933
931	192.8571	193.3333	76	None	None	0	4	12.918676436333723
932	193.3333	386.9048	69	None	None	0	2	12.917607915302465
933	193.3333	386.9048	77	None	None	0	5	18.132117752481346
934	193.5714	194.0476	64	None	None	0	1	18.132117752481346
935	193.6905	193.7500	68	None	None	0	2	18.132117752481346
936	193.7500	193.8095	69	None	None	0	1	18.132117752480607
937	193.8095	193.8690	71	None	None	0	2	16.98833665795303
938	193.8690	193.9286	72	None	None	0	1	10.241135165416459
939	193.9286	193.9881	74	None	None	0	3	12.85662024004324
940	193.9881	194.0476	76	None	None	0	4	12.935289394272214
941	194.0476	194.2857	77	None	None	0	5	18.13211775247988
942	194.2857	194.7619	64	None	None	0	1	18.132117752479886
943	194.4048	194.4643	68	None	None	0	2	18.132117752479886
944	194.4643	194.5238	69	None	None	0	3	18.132117752479886
945	194.5238	194.5833	71	None	None	0	1	8.01520232959527
946	194.5833	194.6429	72	None	None	0	2	6.950090389296666
947	194.6429	194.7024	74	None	None	0	3	12.856620240043338
948	194.7024	194.7619	76	None	None	0	4	12.935289394272075
949	194.7619	195.0000	77	None	None	0	5	21.010973473874948
950	195.0000	195.4762	64	None	None	0	1	22.595480516128458
951	195.1190	195.1786	68	None	None	0	2	27.50261025105975
952	195.1786	195.2381	69	None	None	0	0	-1
953	195.2381	195.2976	71	None	None	0	0	-1
954	195.2976	195.3571	72	None	None	0	0	-1
955	195.3571	195.4167	74	None	None	0	0	-1
956	195.4167	195.4762	76	None	None	0	0	-1
957	195.4762	195.7143	81	None	None	0	0	-1
958	195.7143	196.1905	64	None	None	0	0	-1
959	195.9524	196.1905	80	None	None	0	2	23.220877347417975
960	196.1905	196.4286	88	None	None	0	5	22.58905516431939
961	196.4286	196.6667	60	None	None	0	1	16.309653755868737
962	196.6667	196.9048	84	None	None	0	5	7.4641431924885255
963	196.9048	197.1429	81	None	None	0	4	8.147259302081526
964	197.1429	197.3810	77	None	None	0	3	8.225156509889771
965	197.3810	197.6190	74	None	None	0	2	7.6618402486861905
966	197.6190	197.8571	71	None	None	0	1	8.32049101693202
967	197.8571	198.0952	69	None	None	0	3	3.712861908950513
968	198.0952	198.3333	69	None	None	0	3	3.979390834570361
969	198.3333	198.5119	68	None	None	0	2	3.518822119248138
970	198.5119	198.5714	68	None	None	0	2	6.088878234174632
971	198.5714	199.0476	69	None	None	0	1	5.161852083662189
972	199.2857	199.7619	76	None	None	0	5	6.188043947370431
973	199.7619	399.7619	69	None	None	0	1	6.648647181201344
974	199.7619	399.7619	77	None	None	0	5	6.794169569260977
975	200.0000	200.4762	76	None	None	0	4	12.918676436333794
976	200.4762	401.1905	69	None	None	0	2	12.9176079153025
977	200.4762	401.1905	77	None	None	0	5	18.132117752481346
978	200.7143	201.1905	64	None	None	0	1	18.132117752481346
979	200.8333	200.8929	68	None	None	0	2	18.132117752481346
980	200.8929	200.9524	69	None	None	0	1	18.132117752480607
981	200.9524	201.0119	71	None	None	0	2	16.98833665795303
982	201.0119	201.0714	72	None	None	0	1	10.241135165416459
983	201.0714	201.1310	74	None	None	0	3	12.85662024004324
984	201.1310	201.1905	76	None	None	0	4	12.935289394272214
985	201.1905	201.4286	77	None	None	0	5	21.010973473874564
986	201.4286	201.9048	64	None	None	0	1	22.595480516128074
987	201.5476	201.6071	68	None	None	0	2	27.502610251059366
988	201.6071	201.6667	69	None	None	0	0	-1
989	201.6667	201.7262	71	None	None	0	0	-1
990	201.7262	201.7857	72	None	None	0	0	-1
991	201.7857	201.8452	74	None	None	0	0	-1
992	201.8452	201.9048	76	None	None	0	0	-1
993	201.9048	202.1429	81	None	None	0	0	-1
994	202.1429	202.6190	64	None	None	0	0	-1
995	202.3810	202.6190	80	None	None	0	2	23.220877347418327
996	202.6190	202.8571	88	None	None	0	5	22.589055164319742
997	202.8571	203.0952	60	None	None	0	1	16.30965375586841
998	203.0952	203.3333	84	None	None	0	5	7.932159624413079
999	203.3333	203.5714	81	None	None	0	4	16.638229376257406
1000	203.5714	203.8095	77	None	None	0	3	28.202489939638617
1001	203.8095	204.0476	74	None	None	0	2	36.40812374245546
1002	204.0476	204.2857	71	None	None	0	1	49.579338531187744
1003	204.2857	204.5238	69	None	None	0	4	53.324886820926146
1004	204.5238	204.7619	69	None	None	0	4	67.61714034205279
1005	204.7619	205.0000	68	None	None	0	3	77.43052062374286
1006	205.0000	205.4762	73	None	None	0	5	99.5806086519117
1007	205.2381	205.4762	45	None	None	0	1	101.95736921529196
1008	205.4762	205.7143	74	None	None	0	5	105.2254149899388
1009	205.7143	205.9524	45	None	None	0	1	106.80992203219232
1010	205.9524	206.4286	76	None	None	0	5	94.44363682092488
1011	206.1905	206.4286	45	None	None	0	0	-1
1012	206.4286	206.9048	77	None	None	0	0	-1
1013	206.6667	206.9048	45	None	None	0	0	-1
1014	206.9048	207.1429	80	None	None	0	0	-1
1015	207.1429	207.6190	47	None	None	0	0	-1
1016	207.3810	207.8571	81	None	None	0	0	-1
1017	207.6190	207.8571	48	None	None	0	2	24.39819095733835
1018	207.8571	208.3333	50	None	None	0	1	21.81319401918743
1019	208.0952	208.2143	79	None	None	0	5	10.074637681159361
1020	208.2143	208.3333	77	None	None	0	4	9.876358695652115
1021	208.3333	208.4524	76	None	None	0	3	10.223731884057916
1022	208.4524	208.5714	74	None	None	0	2	19.71241251858966
1023	208.5714	208.6905	72	None	None	0	1	30.652055813139484
1024	208.6905	208.8095	71	None	None	0	4	32.20479269722394
1025	208.8095	208.9286	72	None	None	0	5	44.89207262680242
1026	208.9286	209.0476	69	None	None	0	3	53.744185302858675
1027	209.0476	209.1667	71	None	None	0	4	67.57810549065198
1028	209.1667	209.2857	68	None	None	0	3	77.7575507392184
1029	209.2857	209.7619	73	None	None	0	5	99.58060865191179
1030	209.5238	209.7619	45	None	None	0	1	101.95736921529205
1031	209.7619	210.0000	74	None	None	0	5	105.22541498993992
1032	210.0000	210.2381	45	None	None	0	1	106.80992203219343
1033	210.2381	210.7143	76	None	None	0	5	94.44363682092482
1034	210.4762	210.7143	45	None	None	0	0	-1
1035	210.7143	211.1905	77	None	None	0	0	-1
1036	210.9524	211.1905	45	None	None	0	0	-1
1037	211.1905	211.4286	80	None	None	0	0	-1
1038	211.4286	211.9048	47	None	None	0	0	-1
1039	211.6667	212.1429	81	None	None	0	0	-1
1040	211.9048	212.1429	48	None	None	0	2	24.39819095733811
1041	212.1429	212.6190	50	None	None	0	1	21.81319401918749
1042	212.3810	212.5000	79	None	None	0	5	10.074637681159416
1043	212.5000	212.6190	77	None	None	0	4	9.87635869565217
1044	212.6190	212.7381	76	None	None	0	3	10.487771739130428
1045	212.7381	212.8571	74	None	None	0	2	12.675183710961335
1046	212.8571	212.9762	72	None	None	0	1	11.798219024290589
1047	212.9762	213.0952	71	None	None	0	3	6.931942743416964
1048	213.0952	213.2143	72	None	None	0	4	10.342975607266709
1049	213.2143	213.3333	69	None	None	0	2	10.377450639276953
1050	213.3333	213.4524	71	None	None	0	3	10.1896572120469
1051	213.4524	213.5714	68	None	None	0	1	10.238914713577838
1052	213.5714	213.8095	69	None	None	0	2	8.581394046094687
1053	213.8095	214.0476	77	None	None	0	5	8.073031370038356
1054	214.0476	214.2857	76	None	None	0	4	7.805030381651902
1055	214.2857	214.5238	65	None	None	0	1	7.435312071792753
1056	214.5238	214.7619	64	None	None	0	2	4.036544466158975
1057	214.7619	429.7619	68	None	None	0	3	3.330238448233238
1058	214.7619	429.7619	71	None	None	0	4	3.8111656782801804
1059	214.7619	429.7619	74	None	None	0	5	3.3622220163083485
1060	215.0000	430.2381	69	None	None	0	3	3.639041265134645
1061	215.0000	430.2381	72	None	None	0	5	3.2584661477637558
1062	215.7143	215.9524	65	None	None	0	2	3.6878521126760284
1063	215.9524	216.1905	64	None	None	0	1	4.3509612861673395
1064	216.1905	432.6190	68	None	None	0	2	4.599112702785537
1065	216.1905	432.6190	71	None	None	0	3	4.688901435179903
1066	216.1905	432.6190	74	None	None	0	4	4.284793453959242
1067	216.4286	433.3333	69	None	None	0	2	5.12173466645159
1068	216.4286	433.0952	72	None	None	0	4	9.491289039793067
1069	216.6667	216.7857	71	None	None	0	3	9.803619754852681
1070	216.7857	216.8651	72	None	None	0	4	9.994540152862692
1071	216.8651	216.9048	76	None	None	0	5	9.986912375209222
1072	216.9048	217.1429	74	None	None	0	4	9.565110723849237
1073	217.1429	217.3810	72	None	None	0	3	9.837777977370362
1074	217.3810	217.5000	71	None	None	0	2	11.277236128182036
1075	217.5000	217.6190	69	None	None	0	1	10.822073092871413
1076	217.6190	217.7976	68	None	None	0	2	6.101579752393788
1077	217.7976	217.8571	74	None	None	0	4	5.326810481497705
1078	217.8571	436.1905	69	None	None	0	2	5.786544420498291
1079	217.8571	435.9524	72	None	None	0	4	9.491289039792987
1080	218.0952	218.2143	71	None	None	0	3	9.248331293314118
1081	218.2143	218.2937	72	None	None	0	4	9.248331293314118
1082	218.2937	218.3333	76	None	None	0	5	9.248331293314118
1083	218.3333	218.5714	74	None	None	0	4	9.248331293314118
1084	218.5714	218.8095	72	None	None	0	3	9.248331293314118
1085	218.8095	218.9286	71	None	None	0	2	9.248331293314118
1086	218.9286	219.0476	69	None	None	0	1	9.248331293314118
1087	219.0476	219.2262	68	None	None	0	2	9.248331293314118
1088	219.2262	219.2857	68	None	None	0	2	9.248331293314118
1089	219.2857	219.7619	69	None	None	0	0	9.248331293314118
