0	0.0000	0.2500	74	None	None	0	5	1.176047085500873
1	0.2500	0.7500	71	None	None	0	4	0.5668067226890792
2	0.7500	1.0000	71	None	None	0	4	1.6819827931172446
3	1.0000	1.5000	69	None	None	0	3	1.4472889155662214
4	1.5000	1.7500	69	None	None	0	3	1.535939375750297
5	1.7500	2.2500	67	None	None	0	2	1.2777761104441767
6	2.2500	2.5000	67	None	None	0	2	1.5124699879952
7	3.0000	3.2500	74	None	None	0	5	1.47780612244898
8	3.2500	3.7500	74	None	None	0	5	1.764654195011336
9	3.7500	4.0000	67	None	None	0	1	1.749603174603174
10	4.0000	4.5000	76	None	None	0	5	1.1104308390022612
11	4.5000	4.7500	76	None	None	0	5	1.4331349206349118
12	4.7500	5.5000	69	None	None	0	1	1.9554405095371468
13	6.0000	6.2500	69	None	None	0	1	1.9554405095371468
14	6.2500	6.7500	71	None	None	0	2	1.8207466319861236
15	6.7500	7.0000	71	None	None	0	2	1.8207466319861236
16	7.0000	7.2500	72	None	None	0	3	2.056460917700406
17	7.2500	7.5000	71	None	None	0	2	2.056460917700406
18	7.5000	7.7500	72	None	None	0	3	2.056460917700406
19	7.7500	8.5000	74	None	None	0	4	2.0277761104441705
20	8.5000	9.0000	76	None	None	0	5	1.9167233560090622
21	9.0000	9.2500	76	None	None	0	5	2.270294784580489
22	9.2500	9.7500	67	None	None	0	2	1.3611111111111023
23	9.7500	10.0000	67	None	None	0	2	1.9714427437641613
24	10.0000	10.2500	69	None	None	0	3	1.904076908541187
25	10.2500	10.5000	67	None	None	0	2	1.880607520786085
26	10.5000	10.7500	69	None	None	0	3	1.6459136432350667
27	10.7500	11.2500	67	None	None	0	1	1.204402872260016
28	12.0000	12.2500	74	None	None	0	3	1.0589002267573706
29	12.2500	12.7500	68	None	None	0	1	1.4706649326397232
30	12.7500	13.0000	68	None	None	0	1	1.4706649326397232
31	13.0000	13.5000	76	None	None	0	5	1.0658541194255438
32	13.5000	13.7500	74	None	None	0	4	1.0354308390022602
33	13.7500	14.1250	72	None	None	0	3	1.0589002267573622
34	14.1250	14.2500	72	None	None	0	3	1.0589002267573622
35	14.2500	14.5000	72	None	None	0	3	1.0589002267573622
36	15.0000	15.2500	72	None	None	0	3	1.0715052687741675
37	15.2500	15.7500	66	None	None	0	1	0.6386048358737368
38	15.7500	16.0000	66	None	None	0	1	0.6386048358737368
39	16.0000	16.5000	74	None	None	0	4	0.570010731565348
40	16.5000	16.7500	72	None	None	0	3	0.5645620136166337
41	16.7500	17.1250	71	None	None	0	2	0.4150401069518732
42	17.1250	17.2500	71	None	None	0	4	1.2791834041308885
43	17.2500	17.5000	71	None	None	0	4	1.3986888986363855
44	18.0000	18.2500	67	None	None	0	2	1.5147239665096894
45	18.2500	18.9167	73	None	None	0	5	0.8833464154892843
46	18.9167	19.2500	73	None	None	0	5	1.1701944880516402
47	19.2500	19.5833	73	None	None	0	5	1.1701944880516402
48	19.5833	19.9167	71	None	None	0	4	1.2588260945403849
49	19.9167	20.2500	73	None	None	0	5	1.0240831589045893
50	20.2500	41.2500	66	None	None	0	2	1.2278508198151081
51	20.2500	41.2500	69	None	None	0	3	1.1083453253096112
52	20.2500	41.2500	74	None	None	0	5	1.014399092970523
53	21.5000	21.7500	74	None	None	0	5	1.014399092970523
54	21.7500	22.2500	72	None	None	0	4	1.014399092970523
55	22.2500	22.5000	72	None	None	0	4	1.2490929705215417
56	22.5000	23.0000	71	None	None	0	3	1.301247165532879
57	23.0000	23.2500	71	None	None	0	3	1.6239512471655295
58	23.2500	24.0000	69	None	None	0	1	1.906226379440663
59	24.5000	24.7500	69	None	None	0	1	2.5796957671957674
60	24.7500	25.2500	71	None	None	0	2	1.77153250188964
61	25.2500	25.5000	71	None	None	0	2	2.2419406651549405
62	25.5000	25.7500	72	None	None	0	3	2.2654100529100427
63	25.7500	26.0000	71	None	None	0	2	2.241940665154941
64	26.0000	26.2500	72	None	None	0	3	2.2654100529100427
65	26.2500	26.7500	74	None	None	0	4	2.0003873771730842
66	27.5000	27.7500	76	None	None	0	5	2.386111111111099
67	27.7500	28.2500	67	None	None	0	2	2.529081632653056
68	28.2500	28.5000	67	None	None	0	2	3.4935941043083747
69	28.5000	28.7500	69	None	None	0	3	4.2628684807256025
70	28.7500	29.0000	67	None	None	0	2	4.109467120181391
71	29.0000	29.2500	69	None	None	0	3	4.509782060972528
72	29.2500	29.7500	67	None	None	0	2	4.843594104308381
73	30.5000	30.7500	74	None	None	0	5	5.908629377676989
74	30.7500	30.8750	71	None	None	0	3	6.399559082892409
75	30.8750	31.0000	70	None	None	0	2	6.347178130511462
76	31.0000	31.1250	71	None	None	0	3	5.936860670194
77	31.1250	31.2500	74	None	None	0	5	5.163051146384487
78	31.2500	31.3750	67	None	None	0	2	5.4598765432098775
79	31.3750	31.5000	71	None	None	0	4	5.309155042488383
80	31.5000	31.6250	69	None	None	0	3	6.201218534551879
81	31.6250	31.7500	68	None	None	0	2	5.3541045374378875
82	31.7500	31.8750	69	None	None	0	3	5.567508417508434
83	31.8750	32.0000	72	None	None	0	5	5.065524290524301
84	32.0000	32.1250	66	None	None	0	4	9.06563051146384
85	32.1250	32.2500	69	None	None	0	5	12.499094115760798
86	32.2500	32.3750	67	None	None	0	3	11.080443322110005
87	32.3750	32.5000	62	None	None	0	1	15.162894821228175
88	32.5000	32.6250	64	None	None	0	2	15.998810669048778
89	32.6250	32.7500	66	None	None	0	3	19.261750440917133
90	32.7500	32.8750	67	None	None	0	1	15.162894821228162
91	32.8750	33.0000	69	None	None	0	2	14.351960076960083
92	33.0000	33.1250	71	None	None	0	1	11.266069424402762
93	33.1250	33.2500	72	None	None	0	2	10.739085297418637
94	33.2500	33.3750	74	None	None	0	1	6.509720218053549
95	33.3750	33.5000	76	None	None	0	2	5.601078242744899
96	33.5000	33.6250	78	None	None	0	3	10.423104056437381
97	33.6250	33.7500	79	None	None	0	4	10.209700176366834
98	33.7500	33.8750	81	None	None	0	5	10.711684303350957
99	33.8750	34.0000	79	None	None	0	2	10.848368606701925
100	34.0000	34.1250	83	None	None	0	5	10.262301587301579
101	34.1250	34.2500	79	None	None	0	3	10.175881834215167
102	34.2500	34.3750	78	None	None	0	2	10.262389770723104
103	34.3750	34.5000	76	None	None	0	1	10.971913580246916
104	34.5000	34.6250	75	None	None	0	2	6.5048500881834155
105	34.6250	34.7500	76	None	None	0	3	6.600881834215161
106	34.7500	34.8750	79	None	None	0	5	5.827072310405643
107	34.8750	35.0000	76	None	None	0	4	5.219841269841267
108	35.0000	35.1250	74	None	None	0	3	6.092857142857133
109	35.1250	35.2500	72	None	None	0	2	6.408234126984124
110	35.2500	35.3750	71	None	None	0	1	5.88272392290249
111	35.3750	35.5000	72	None	None	0	3	4.673729213907783
112	35.5000	35.6250	74	None	None	0	4	5.187838561350466
113	35.6250	35.7500	73	None	None	0	3	5.2227591962711
114	35.7500	35.8750	76	None	None	0	5	5.249464600655077
115	35.8750	36.0000	74	None	None	0	4	5.249464600655077
116	36.0000	36.5000	69	None	None	0	2	5.245099521289993
117	36.5000	36.7500	70	None	None	0	3	5.3639266817838145
118	36.7500	36.8750	71	None	None	0	4	5.111375661375649
119	36.8750	37.0000	70	None	None	0	2	4.859876543209864
120	37.0000	37.1250	71	None	None	0	4	4.24100529100529
121	37.1250	37.2500	67	None	None	0	2	3.9398148148148078
122	37.2500	37.3750	69	None	None	0	1	4.610097001763662
123	37.3750	37.5000	71	None	None	0	2	4.820105820105802
124	37.5000	37.6250	72	None	None	0	4	5.715321869488522
125	37.6250	37.7500	71	None	None	0	3	6.080401234567884
126	37.7500	37.8750	72	None	None	0	4	6.080401234567883
127	37.8750	38.0000	69	None	None	0	1	5.729629629629613
128	38.0000	38.1250	71	None	None	0	2	4.974470899470881
129	38.1250	38.2500	72	None	None	0	3	8.076965230536658
130	38.2500	38.3750	74	None	None	0	4	11.429916225749562
131	38.3750	38.5000	73	None	None	0	2	10.570913500080175
132	38.5000	38.6250	74	None	None	0	4	10.679555475388806
133	38.6250	38.7500	71	None	None	0	2	10.679555475388813
134	38.7500	38.8750	72	None	None	0	1	5.81765071348404
135	38.8750	39.0000	74	None	None	0	2	4.925587221420545
136	39.0000	39.1250	76	None	None	0	3	6.027659531826181
137	39.1250	39.2500	78	None	None	0	4	6.996464646464621
138	39.2500	39.3750	79	None	None	0	5	6.406186868686839
139	39.3750	39.5000	75	None	None	0	2	7.165784832451478
140	39.5000	39.6250	76	None	None	0	5	6.436089065255728
141	39.6250	39.7500	72	None	None	0	3	6.413073192239847
142	39.7500	39.8750	71	None	None	0	2	6.241644620811282
143	39.8750	40.0000	72	None	None	0	3	6.880533509700176
144	40.0000	40.1250	73	None	None	0	4	6.143540564373902
145	40.1250	40.2500	74	None	None	0	5	5.076278659612005
146	40.2500	40.3750	71	None	None	0	4	4.297619047619058
147	40.3750	40.5000	67	None	None	0	3	4.151303854875295
148	40.5000	40.6250	62	None	None	0	1	4.794160997732433
149	40.6250	40.7500	66	None	None	0	2	4.533226253464366
150	40.7500	40.8750	69	None	None	0	3	4.668146888385001
151	40.8750	41.0000	72	None	None	0	5	4.065765936004043
152	41.0000	41.1250	69	None	None	0	3	3.3847143487024565
153	41.1250	41.2500	66	None	None	0	2	3.8616984756865733
154	41.2500	41.5000	69	None	None	0	3	3.710111174099267
155	41.5000	41.6250	68	None	None	0	2	3.261188271604934
156	41.6250	41.7500	69	None	None	0	3	2.933807319223985
157	41.7500	41.8750	71	None	None	0	4	5.7762341335001395
158	41.8750	42.0000	69	None	None	0	3	7.633014808733208
159	42.0000	42.5000	67	None	None	0	1	7.139275831660894
160	42.5000	42.6250	74	None	None	0	4	6.974857842242899
161	42.6250	42.7500	71	None	None	0	2	7.314540381925452
162	43.2500	43.3750	68	None	None	0	1	8.421847442680793
163	43.3750	43.5000	71	None	None	0	2	9.076609347442691
164	43.5000	43.6250	76	None	None	0	3	7.425815696649044
165	43.6250	43.7500	80	None	None	0	4	5.656988536155213
166	43.7500	43.8750	83	None	None	0	5	6.4833774250441065
167	43.8750	44.0000	80	None	None	0	4	8.019223985890669
168	44.0000	44.1250	76	None	None	0	3	9.239462081128762
169	44.1250	44.2500	74	None	None	0	2	10.095017636684322
170	44.2500	44.3750	72	None	None	0	1	9.317239858906541
171	44.3750	44.5000	74	None	None	0	4	4.8815255731922536
172	44.5000	44.6250	76	None	None	0	5	5.522398589065271
173	44.6250	44.7500	74	None	None	0	4	6.963668430335103
174	44.7500	44.8750	72	None	None	0	3	11.430731922398603
175	44.8750	45.0000	71	None	None	0	2	11.672001763668444
176	45.0000	45.1250	69	None	None	0	1	11.236287477954146
177	45.1250	45.2500	71	None	None	0	3	8.768033509700174
178	45.2500	45.3750	72	None	None	0	4	8.95476190476191
179	45.3750	45.5000	71	None	None	0	3	14.48764172335602
180	45.5000	45.6250	69	None	None	0	2	15.388073192239865
181	45.6250	45.7500	67	None	None	0	1	14.6914241622575
182	45.7500	45.8750	66	None	None	0	2	10.732297178130509
183	45.8750	46.0000	62	None	None	0	1	10.342614638447976
184	46.0000	46.1250	66	None	None	0	2	10.778328924162272
185	46.1250	46.2500	69	None	None	0	1	10.41404320987656
186	46.2500	46.3750	74	None	None	0	2	10.194995590828944
187	46.3750	46.5000	78	None	None	0	4	11.246009700176385
188	46.5000	46.6250	81	None	None	0	5	11.294620811287489
189	46.6250	46.7500	79	None	None	0	4	11.25000000000001
190	46.7500	46.8750	78	None	None	0	3	10.99462081128748
191	46.8750	47.0000	76	None	None	0	2	11.88430335097002
192	47.0000	47.1250	74	None	None	0	1	13.22579365079364
193	47.1250	47.2500	72	None	None	0	4	4.926146384479706
194	47.2500	47.3750	71	None	None	0	3	5.434082892416221
195	47.3750	47.5000	72	None	None	0	4	6.16159611992945
196	47.5000	47.6250	74	None	None	0	5	6.16159611992945
197	47.6250	47.7500	72	None	None	0	4	12.896031746031756
198	47.7500	47.8750	71	None	None	0	3	13.704673721340399
199	47.8750	48.0000	69	None	None	0	2	14.894683996283726
200	48.0000	48.1250	67	None	None	0	1	18.480510774911817
201	48.1250	48.2500	69	None	None	0	2	19.255481150793667
202	48.2500	48.3750	70	None	None	0	3	19.97406285430841
203	48.3750	48.5000	71	None	None	0	1	16.96364087301583
204	48.5000	48.6250	72	None	None	0	2	16.13004712301583
205	48.6250	48.7500	73	None	None	0	3	15.69056299603171
206	48.7500	48.9167	74	None	None	0	1	9.8125868055555
207	48.9167	49.0833	75	None	None	0	2	8.429986890589495
208	49.0833	49.2500	76	None	None	0	1	5.764330002834454
209	49.2500	49.4167	77	None	None	0	2	8.780736252834487
210	49.4167	49.5833	78	None	None	0	3	8.854396967120179
211	49.5833	49.7500	79	None	None	0	4	8.24055768140591
212	49.7500	49.8816	81	None	None	0	5	8.201507054506212
213	49.8816	50.0132	79	None	None	0	4	7.944033509532664
214	50.0132	50.1602	78	None	None	0	3	8.10721740011017
215	50.1602	50.3073	76	None	None	0	2	8.989185666140001
216	50.3073	50.4739	74	None	None	0	1	8.959767515901163
217	50.4739	50.6406	73	None	None	0	2	5.995184974107827
218	50.6406	102.6449	74	None	None	0	3	6.196315293256761
219	50.6406	101.3949	76	None	None	0	4	6.289769784982546
220	50.7542	52.0042	74	None	None	0	3	6.289769784982546
221	52.0042	52.1179	73	None	None	0	2	6.536659912191826
222	52.1179	52.2315	74	None	None	0	4	6.117287234042548
223	52.2315	52.3452	73	None	None	0	3	6.4014817629179435
224	52.3452	52.4588	74	None	None	0	4	5.499674940898374
225	52.4588	52.5724	73	None	None	0	3	5.692760047281318
226	52.5724	52.6861	74	None	None	0	4	5.468004896994291
227	52.6861	52.7997	76	None	None	0	5	5.895550489699435
228	52.7997	52.9133	74	None	None	0	4	6.629255319148976
229	52.9133	53.0270	72	None	None	0	3	8.68910840932115
230	53.0270	53.1406	71	None	None	0	2	9.144748395812227
231	53.1406	53.2542	69	None	None	0	1	8.860553866936801
232	53.2542	53.3679	74	None	None	0	4	7.685697399527196
233	53.3679	53.4815	73	None	None	0	3	7.10978554542386
234	53.4815	53.5952	74	None	None	0	5	5.851458544410665
235	53.5952	53.7088	71	None	None	0	4	7.973165737926328
236	53.7088	53.8224	69	None	None	0	3	8.588572272880716
237	53.8224	53.9361	67	None	None	0	2	9.710815602836846
238	53.9361	54.0497	74	None	None	0	5	10.963570162107331
239	54.0497	54.1633	73	None	None	0	4	10.822633823032746
240	54.1633	54.2770	74	None	None	0	5	11.362812394461265
241	54.2770	54.3906	69	None	None	0	4	9.567836035123264
242	54.3906	54.5042	67	None	None	0	3	10.183242570077658
243	54.5042	54.6179	66	None	None	0	1	9.526019503546136
244	54.6179	54.7315	74	None	None	0	5	9.222205336035133
245	54.7315	54.8452	73	None	None	0	4	8.446010638297864
246	54.8452	54.9588	74	None	None	0	5	8.167876139817626
247	54.9588	55.0724	62	None	None	0	1	7.775018996960441
248	55.0724	55.1861	74	None	None	0	4	5.494148936170211
249	55.1861	55.2997	66	None	None	0	1	5.572163120567366
250	55.2997	55.4133	74	None	None	0	5	5.855010976021606
251	55.4133	55.5270	69	None	None	0	3	5.898893954744988
252	55.5270	55.6406	74	None	None	0	5	5.70223319824382
253	55.6406	55.7542	71	None	None	0	4	5.383257345491352
254	55.7542	55.8679	70	None	None	0	2	5.118380614657208
255	55.8679	55.9815	71	None	None	0	4	4.466590678824737
256	55.9815	56.0952	67	None	None	0	2	4.1493794326241185
257	56.0952	56.2088	69	None	None	0	1	4.855314927389419
258	56.2088	56.3224	71	None	None	0	2	5.076494427558223
259	56.3224	56.4361	72	None	None	0	4	6.019328351908136
260	56.4361	56.5497	71	None	None	0	3	6.4038268321512755
261	56.5497	56.6633	72	None	None	0	4	6.403826832151291
262	56.6633	56.7770	69	None	None	0	1	6.034397163120525
263	56.7770	56.8906	71	None	None	0	2	5.239070415400188
264	56.8906	57.0042	72	None	None	0	3	8.506591040671559
265	57.0042	57.1179	74	None	None	0	4	12.037890493076768
266	57.1179	57.2315	73	None	None	0	2	11.133196133063274
267	57.2315	57.3452	74	None	None	0	4	11.247616936845773
268	57.3452	57.4588	71	None	None	0	2	11.247616936845782
269	57.4588	57.5724	72	None	None	0	1	6.127100219520433
270	57.5724	57.6861	74	None	None	0	2	5.187586541708906
271	57.6861	57.7997	76	None	None	0	3	6.348279719689281
272	57.7997	57.9133	78	None	None	0	4	7.368617021276604
273	57.9133	58.0270	79	None	None	0	5	6.74694148936167
274	58.0270	58.1406	75	None	None	0	2	7.546943600135075
275	58.1406	58.2542	76	None	None	0	5	6.77843422830123
276	58.2542	58.3679	72	None	None	0	3	6.7541941067207025
277	58.3679	58.4815	71	None	None	0	2	6.573646994258707
278	58.4815	58.5952	72	None	None	0	3	7.246519334684256
279	58.5952	58.7088	73	None	None	0	4	6.470324636947021
280	58.7088	58.8224	74	None	None	0	5	5.346293481931801
281	58.8224	58.9361	71	None	None	0	4	4.526215805471164
282	58.9361	59.0497	67	None	None	0	3	4.348036980749775
283	59.0497	59.1633	62	None	None	0	1	4.987199110413412
284	59.1633	59.2770	66	None	None	0	2	4.694779616702132
285	59.2770	59.3906	69	None	None	0	3	4.822472592419422
286	59.3906	59.5042	72	None	None	0	5	4.172205382425739
287	59.5042	59.6179	69	None	None	0	3	3.4502522394664394
288	59.6179	59.7315	66	None	None	0	2	6.708911783302469
289	59.7315	59.9754	69	None	None	0	3	6.842861107713075
290	59.9754	60.0974	68	None	None	0	2	6.364595250028652
291	60.0974	60.2193	69	None	None	0	3	5.76743715602183
292	60.2193	60.3413	71	None	None	0	4	6.154897034064452
293	60.3413	60.4632	69	None	None	0	2	5.403540015969212
294	60.4632	60.9895	67	None	None	0	1	5.220919955181037
295	60.9895	61.2527	74	None	None	0	2	4.778076779263338
296	61.2527	61.7790	83	None	None	0	5	3.9279720634639768
297	61.7790	62.0422	74	None	None	0	2	3.8045319144575043
298	62.0422	62.5685	81	None	None	0	5	3.9058713632805113
299	62.5685	62.8316	72	None	None	0	3	4.885711463571835
300	62.8316	126.1896	71	None	None	0	2	4.779500283447613
301	62.8316	126.1896	79	None	None	0	5	7.6125785044452305
302	64.1474	64.4106	67	None	None	0	1	7.834214339696297
303	64.4106	64.9369	74	None	None	0	5	8.160848749498834
304	64.9369	65.2001	67	None	None	0	1	8.166361987402698
305	65.2001	65.7264	76	None	None	0	5	8.384282653693003
306	65.7264	65.9895	67	None	None	0	2	13.525316567258335
307	65.9895	132.5054	66	None	None	0	1	11.046161664190441
308	65.9895	132.5054	69	None	None	0	2	13.006346647274565
309	66.7790	66.9106	81	None	None	0	5	11.852714117596877
310	66.9106	67.0422	79	None	None	0	4	11.470502899776424
311	67.0422	67.1738	78	None	None	0	3	11.758158179279523
312	67.1738	67.3053	76	None	None	0	2	11.549811090443988
313	67.3053	67.4369	74	None	None	0	1	11.534724275085395
314	67.4369	67.5685	72	None	None	0	4	3.7760223929272723
315	67.5685	68.0948	71	None	None	0	3	3.421314600719489
316	68.0948	68.3580	62	None	None	0	1	2.7124714982611144
317	68.3580	68.8843	72	None	None	0	5	2.879866707566857
318	68.8843	69.1474	62	None	None	0	1	3.053326550083746
319	69.1474	69.6738	74	None	None	0	4	1.5507615196980653
320	69.6738	69.9369	67	None	None	0	1	1.4941160508596372
321	69.9369	70.4632	76	None	None	0	4	1.9175069042569033
322	70.4632	70.7264	67	None	None	0	1	2.1685656610929622
323	70.7264	141.9791	67	None	None	0	1	2.523273453300746
324	70.7264	141.9791	71	None	None	0	2	2.880998608580274
325	71.5159	143.5580	69	None	None	0	1	8.220961530273879
326	71.5159	143.5580	78	None	None	0	4	8.795747191586537
327	72.3053	145.1370	71	None	None	0	1	8.947124157425153
328	72.3053	145.1370	79	None	None	0	2	8.220387599668513
329	73.3580	73.4895	86	None	None	0	4	8.377082887306415
330	73.4895	73.6211	84	None	None	0	3	8.492949629260133
331	73.6211	73.7527	83	None	None	0	2	8.564588320968706
332	73.7527	73.8843	81	None	None	0	1	7.768898503539707
333	73.8843	74.4106	80	None	None	0	4	2.851359576323413
334	74.9369	150.1370	71	None	None	0	1	3.0588916957822647
335	74.9369	150.1370	80	None	None	0	5	3.270064124683668
336	75.2001	150.6633	71	None	None	0	1	3.4126624683689846
337	75.2001	150.6633	80	None	None	0	4	2.753076834598595
338	75.4632	151.1896	72	None	None	0	1	3.1867110219691837
339	75.4632	151.1896	81	None	None	0	4	3.2356096877156557
340	75.7264	151.7159	72	None	None	0	1	3.27561768696277
341	75.7264	151.7159	81	None	None	0	4	3.2811631781061
342	75.9895	152.2422	74	None	None	0	1	3.9686749417048115
343	75.9895	152.2422	83	None	None	0	4	8.27890793284807
344	76.2527	152.6370	76	None	None	0	1	8.678681749462257
345	76.2527	152.6370	84	None	None	0	4	8.467509320560836
346	76.3843	76.5159	86	None	None	0	5	8.260065609380732
347	76.5159	76.6474	84	None	None	0	4	8.377082887306418
348	76.6474	76.7790	83	None	None	0	3	8.492949629260119
349	76.7790	76.9106	81	None	None	0	2	8.564588320968664
350	76.9106	77.0422	79	None	None	0	1	7.768898503539742
351	77.0422	77.5685	78	None	None	0	4	2.8513595763234467
352	78.0948	156.4528	69	None	None	0	1	3.0588916957823
353	78.0948	156.4528	78	None	None	0	5	3.270064124683706
354	78.3580	156.9791	69	None	None	0	1	3.4126624683690068
355	78.3580	156.9791	78	None	None	0	4	2.753076834598578
356	78.6211	157.5054	71	None	None	0	1	2.902157714699525
357	78.6211	157.5054	79	None	None	0	4	2.7263158432054837
358	78.8843	158.0317	71	None	None	0	1	2.4889089496530983
359	78.8843	158.0317	79	None	None	0	4	2.22984058243255
360	79.1474	158.5580	72	None	None	0	1	2.2541573679324576
361	79.1474	158.5580	81	None	None	0	4	2.50794356068187
362	79.4106	159.3475	74	None	None	0	1	2.2639435668072863
363	79.4106	159.3475	83	None	None	0	4	1.937531112050348
364	80.2001	160.9265	79	None	None	0	0	-1
365	80.2001	160.9265	83	None	None	0	0	-1
366	80.9895	162.5054	76	None	None	0	0	-1
367	80.9895	162.5054	79	None	None	0	1	5.565820443652484
368	80.9895	162.5054	88	None	None	0	2	4.999140035761347
369	81.7790	164.2723	74	None	None	0	2	3.0172315731513475
370	81.7790	164.2723	78	None	None	0	4	3.1666643448047602
371	81.7790	164.2723	81	None	None	0	5	3.5572095762526112
372	83.6362	83.8743	62	None	None	0	1	3.009648663329816
373	83.8743	168.2247	69	None	None	0	0	-1
374	83.8743	168.2247	72	None	None	0	0	-1
375	84.3504	84.5885	62	None	None	0	0	-1
376	84.5885	169.6533	67	None	None	0	0	-1
377	84.5885	169.6533	71	None	None	0	0	-1
378	85.0647	85.3028	62	None	None	0	0	-1
379	85.3028	171.0818	66	None	None	0	1	11.729207894199636
380	85.3028	171.0818	69	None	None	0	2	13.833942057353198
381	86.0171	86.1362	81	None	None	0	5	12.571571783075942
382	86.1362	86.2552	79	None	None	0	4	12.169023573709557
383	86.2552	86.3743	78	None	None	0	3	12.492354865810034
384	86.3743	86.4933	76	None	None	0	2	12.273209608893039
385	86.4933	86.6123	74	None	None	0	1	12.275793044288006
386	86.6123	86.7314	72	None	None	0	4	4.07282209094792
387	86.7314	87.2076	71	None	None	0	3	3.6978220909479247
388	87.2076	87.4457	62	None	None	0	1	2.9268961219105454
389	87.4457	87.9219	72	None	None	0	5	3.111963764608842
390	87.9219	88.1600	62	None	None	0	1	3.3017143549276144
391	88.1600	88.6362	74	None	None	0	4	1.6840743369160764
392	88.6362	88.8743	67	None	None	0	1	1.6235082350222199
393	88.8743	89.3504	76	None	None	0	4	2.2947168145606995
394	89.3504	89.5885	67	None	None	0	1	5.63396469192514
395	89.5885	179.6533	67	None	None	0	1	6.435912743873184
396	89.5885	179.6533	71	None	None	0	2	7.016008946086457
397	90.3028	181.0818	69	None	None	0	1	13.43773976461
398	90.3028	181.0818	78	None	None	0	5	14.340000402907847
399	91.0171	182.5342	71	None	None	0	2	14.181024838998074
400	91.0171	182.5342	79	None	None	0	5	14.646779068321356
401	92.2934	92.5566	62	None	None	0	1	14.765025852176707
402	92.6882	92.8197	59	None	None	0	2	11.315940184144438
403	92.8197	92.9513	62	None	None	0	1	4.830037550144089
404	92.9513	93.0829	67	None	None	0	3	5.636822111736336
405	93.0829	93.3461	71	None	None	0	5	5.113756635545819
406	93.4776	93.6092	57	None	None	0	1	4.528486162879431
407	93.6092	93.7408	60	None	None	0	2	4.743479292159109
408	93.7408	93.8724	66	None	None	0	4	3.485080572822911
409	93.8724	94.1355	69	None	None	0	5	4.153049322822956
410	94.1355	188.7974	59	None	None	0	1	5.171930879068622
411	94.1355	188.7974	67	None	None	0	2	3.7701668119306184
412	94.9250	95.1882	74	None	None	0	5	3.7879341407556395
413	95.1882	95.4513	71	None	None	0	4	3.709532369419062
414	95.4513	95.7145	67	None	None	0	3	4.300823777286616
415	95.8461	95.9776	62	None	None	0	1	5.720111473863822
416	95.9776	96.1092	67	None	None	0	2	5.5443482123668355
417	96.1092	96.2408	71	None	None	0	3	4.884998504104049
418	96.2408	96.5040	74	None	None	0	0	-1
419	96.6355	96.7671	64	None	None	0	0	-1
420	96.7671	96.8987	67	None	None	0	0	-1
421	96.8987	97.0303	72	None	None	0	0	-1
422	97.0303	97.2934	76	None	None	0	0	-1
423	97.2934	195.1132	62	None	None	0	0	-1
424	97.2934	195.1132	66	None	None	0	0	-1
425	97.2934	195.1132	69	None	None	0	0	-1
426	98.0829	98.3461	81	None	None	0	0	-1
427	98.3461	98.6092	78	None	None	0	0	-1
428	98.6092	98.8724	72	None	None	0	5	5.7638318455842
429	99.0040	99.1355	59	None	None	0	1	5.723426366016497
430	99.1355	99.2671	62	None	None	0	2	6.69758762142774
431	99.2671	99.3987	67	None	None	0	1	6.015949442882391
432	99.3987	99.6618	71	None	None	0	4	5.4152038611445406
433	99.6618	100.1882	72	None	None	0	5	5.906140008330675
434	100.5829	100.7145	62	None	None	0	1	6.489615247653238
435	100.7145	100.8461	67	None	None	0	2	5.2313705668022
436	100.8461	100.9776	71	None	None	0	3	4.480315371997024
437	100.9776	101.2408	74	None	None	0	4	3.854864434046087
438	101.2408	101.7671	76	None	None	0	5	3.8013461517331493
439	102.1618	102.2934	55	None	None	0	1	2.5366210124618442
440	102.2934	102.4250	59	None	None	0	2	3.484872680278756
441	102.4250	102.5566	62	None	None	0	3	2.8789973508980076
442	102.5566	102.8197	67	None	None	0	5	2.3001789337382164
443	102.9513	103.0829	57	None	None	0	1	2.2484595402021297
444	103.0829	103.2145	60	None	None	0	2	2.3398837676840443
445	103.2145	103.3461	62	None	None	0	1	2.076078735336201
446	103.3461	103.6092	66	None	None	0	3	1.5274182845856457
447	103.6092	208.0079	60	None	None	0	1	3.5140558517501916
448	103.6092	208.0079	66	None	None	0	4	13.523993342705598
449	103.6092	208.0079	69	None	None	0	5	13.327920620138302
450	104.3987	209.3237	59	None	None	0	1	13.54927730260417
451	104.3987	209.3237	62	None	None	0	2	14.564475454221503
452	104.3987	209.3237	67	None	None	0	5	16.40947571870789
453	105.3197	105.4513	64	None	None	0	3	16.854960317460748
454	105.4513	105.5829	68	None	None	0	4	15.054646915584884
455	105.5829	105.7145	71	None	None	0	1	5.492958603896088
456	105.7145	105.9776	76	None	None	0	2	5.584461109959737
457	106.1092	106.2408	76	None	None	0	1	5.349377853715527
458	106.2408	106.3724	80	None	None	0	2	4.859011652887379
459	106.3724	106.5040	83	None	None	0	3	5.260420278480804
460	106.5040	106.7671	88	None	None	0	5	5.348622271234447
461	106.8987	107.0303	76	None	None	0	1	9.859831766524463
462	107.0303	107.1618	81	None	None	0	2	9.933000958443639
463	107.1618	107.2934	84	None	None	0	3	9.354673036365734
464	107.2934	107.5566	88	None	None	0	5	8.994181964937166
465	107.5566	215.6395	76	None	None	0	2	6.495268921458859
466	107.5566	215.6395	81	None	None	0	3	6.918691357616462
467	107.5566	215.6395	84	None	None	0	4	7.4636003267995354
468	107.5566	215.6395	88	None	None	0	5	8.627257709525603
469	108.4776	108.6092	62	None	None	0	1	6.841151733904363
470	108.6092	108.7408	66	None	None	0	2	6.462539720917382
471	108.7408	108.8724	69	None	None	0	1	5.49295860389609
472	108.8724	109.1355	74	None	None	0	2	5.584461109959749
473	109.2671	109.3987	74	None	None	0	1	5.34937785371554
474	109.3987	109.5303	78	None	None	0	2	4.859011652887403
475	109.5303	109.6618	81	None	None	0	3	5.260420278480807
476	109.6618	109.9250	86	None	None	0	5	5.348622271234457
477	110.0566	110.1882	74	None	None	0	1	10.64683471203254
478	110.1882	110.3197	79	None	None	0	2	10.278301572192566
479	110.3197	110.4513	83	None	None	0	3	9.749667012308011
480	110.4513	110.7145	86	None	None	0	5	9.87689915516517
481	110.7145	221.9553	74	None	None	0	2	7.377986111686861
482	110.7145	221.9553	79	None	None	0	3	9.417836847887937
483	110.7145	221.9553	83	None	None	0	4	9.206167922941464
484	110.7145	221.9553	86	None	None	0	5	9.605689144473528
485	111.6355	111.7671	55	None	None	0	1	6.975232432893737
486	111.7671	111.8987	61	None	None	0	2	7.206539116033061
487	111.8987	112.0303	64	None	None	0	1	5.310543711324971
488	112.0303	112.2934	67	None	None	0	2	5.620837448385016
489	112.4250	112.5566	67	None	None	0	1	4.712112887792973
490	112.5566	112.6882	73	None	None	0	2	3.7653506728614827
491	112.6882	112.8197	76	None	None	0	3	4.034607344027462
492	112.8197	113.0829	79	None	None	0	4	3.0893077687983146
493	113.3210	113.4400	78	None	None	0	3	3.0055668908503375
494	113.4400	113.5591	79	None	None	0	4	2.041179018996803
495	113.5591	113.6781	81	None	None	0	5	1.540027703207335
496	113.6781	113.7972	78	None	None	0	4	1.406911284443032
497	113.7972	114.9400	74	None	None	0	3	1.0717843121104695
498	114.9400	115.1781	74	None	None	0	3	1.2382316805315203
499	115.1781	230.8325	69	None	None	0	1	1.182422164566332
500	115.1781	230.8325	72	None	None	0	4	1.6382805605563173
501	115.1781	230.8325	74	None	None	0	5	2.0305723548000363
502	115.8924	232.2610	67	None	None	0	2	2.238038029857246
503	115.8924	232.2610	71	None	None	0	3	2.6601037239838625
504	115.8924	232.2610	74	None	None	0	5	3.270015386944073
505	116.6067	233.6896	66	None	None	0	2	3.271414571525245
506	116.6067	233.6896	69	None	None	0	3	3.8759518831140722
507	116.6067	233.6896	74	None	None	0	5	5.7826247208926045
508	117.4400	117.5591	62	None	None	0	1	5.720583501242684
509	117.5591	117.6781	66	None	None	0	2	5.283174080952843
510	117.6781	117.7972	69	None	None	0	3	6.212521907039787
511	117.7972	118.0353	74	None	None	0	5	5.657456460009786
512	118.0353	236.5468	62	None	None	0	2	3.184569136066151
513	118.0353	236.5468	67	None	None	0	3	3.505226413061489
514	118.0353	236.5468	71	None	None	0	5	4.222070333728375
515	118.8686	118.9877	60	None	None	0	1	5.035457645174693
516	118.9877	119.1067	66	None	None	0	2	5.239159061511983
517	119.1067	119.2258	69	None	None	0	3	12.125707974555489
518	119.2258	119.4639	72	None	None	0	5	14.634303732910228
519	119.4639	239.4039	62	None	None	0	1	14.59161426275596
520	119.4639	239.4039	67	None	None	0	3	15.20574348251898
521	119.4639	239.4039	74	None	None	0	5	14.328116610173744
522	120.2972	120.4162	64	None	None	0	2	13.739153130044857
523	120.4162	120.5353	67	None	None	0	1	6.527947125904108
524	120.5353	120.6543	72	None	None	0	3	6.56693953446173
525	120.6543	120.8924	76	None	None	0	5	5.800712210198629
526	121.0174	121.1424	55	None	None	0	1	2.6144378804153225
527	121.1424	121.2674	59	None	None	0	2	3.598763277240727
528	121.2674	121.3924	62	None	None	0	3	2.9768103293949206
529	121.3924	121.6424	67	None	None	0	5	2.3774559110106517
530	121.7674	121.8924	57	None	None	0	1	2.322100170914141
531	121.8924	122.0174	60	None	None	0	2	2.4019746082512627
532	122.0174	122.1424	62	None	None	0	1	2.701207398382241
533	122.1424	122.3924	66	None	None	0	3	1.9258771730520154
534	122.3924	245.6420	60	None	None	0	1	2.039430286605124
535	122.3924	245.6420	66	None	None	0	4	1.6426672164012284
536	122.3924	245.6420	69	None	None	0	5	1.9106519102787798
537	123.2496	247.1658	59	None	None	0	1	2.163620769777476
538	123.2496	247.1658	62	None	None	0	2	2.8028557884901186
539	123.2496	247.1658	67	None	None	0	3	2.9220113220113277
540	124.2496	124.5829	74	None	None	0	5	2.8908757908757856
541	124.5829	125.5829	67	None	None	0	2	3.026040626040619
542	124.9162	125.2496	72	None	None	0	4	3.282405094905099
543	125.2496	125.5829	70	None	None	0	3	3.6723901098900993
544	125.5829	126.5829	66	None	None	0	2	3.3835393772893614
545	125.9162	126.2496	70	None	None	0	4	3.818578296703275
546	126.2496	126.5829	69	None	None	0	3	4.081742216117218
547	126.5829	127.2496	62	None	None	0	1	4.3140567765567575
548	126.9162	127.2496	69	None	None	0	4	4.563574242786213
549	127.2496	127.5829	67	None	None	0	3	4.556591642053611
550	127.5829	127.9162	66	None	None	0	1	4.04325298795409
551	127.9162	128.2496	67	None	None	0	2	3.5491595813606924
552	128.2496	128.5829	70	None	None	0	3	4.202308515759615
553	128.5829	128.9162	74	None	None	0	4	4.057328495779599
554	128.9162	129.2496	73	None	None	0	2	3.9596432552954246
555	129.2496	129.5829	74	None	None	0	3	3.515412486064668
556	129.9162	130.2496	77	None	None	0	5	3.3294109875631643
557	130.2496	130.5829	75	None	None	0	4	3.2431586981858804
558	130.9162	131.2496	68	None	None	0	1	2.8071418165168027
559	131.2496	131.5829	69	None	None	0	2	2.2314550033300034
560	131.5829	131.9162	70	None	None	0	3	1.8461528055278185
561	131.9162	132.2496	71	None	None	0	4	1.4684055527805333
562	132.2496	132.5829	72	None	None	0	5	1.4706720362970191
563	132.5829	266.1658	65	None	None	0	2	2.120505238808821
564	132.5829	266.1658	68	None	None	0	3	2.5430059523809203
565	132.9162	133.2496	72	None	None	0	4	2.7812499999999796
566	133.2496	133.5829	71	None	None	0	2	1.9354395604395604
567	133.5829	134.5829	67	None	None	0	1	2.0932921245421268
568	133.9162	134.2496	74	None	None	0	4	1.6601419413919252
569	134.2496	134.5829	72	None	None	0	3	1.5159111721611636
570	134.5829	135.5829	67	None	None	0	1	1.351076007326001
571	134.9162	135.2496	75	None	None	0	4	2.97161570313743
572	135.2496	135.5829	74	None	None	0	3	3.3336219939480847
573	135.5829	136.5829	67	None	None	0	1	3.202669612995708
574	135.9162	136.2496	77	None	None	0	5	4.029519846095929
575	136.2496	136.5829	75	None	None	0	4	3.974174150125233
576	136.9162	137.2496	75	None	None	0	5	4.34566990980032
577	137.2496	137.5829	67	None	None	0	3	3.6250157451244136
578	137.9162	138.2496	67	None	None	0	4	3.2566051701921
579	138.2496	138.5829	66	None	None	0	3	2.9347645108514464
580	138.5829	278.1658	60	None	None	0	1	3.6930062690931895
581	138.5829	278.1658	69	None	None	0	5	4.91205061760193
582	139.5829	279.8325	58	None	None	0	1	5.018236098787393
583	139.5829	279.8325	67	None	None	0	2	4.25958225263354
584	140.2496	140.5829	74	None	None	0	5	4.295451817850932
585	140.5829	140.9162	72	None	None	0	4	4.175779823178946
586	140.9162	141.2496	71	None	None	0	3	6.913163919414003
587	141.2496	141.5829	68	None	None	0	2	7.684180402930535
588	141.5829	141.9162	67	None	None	0	1	7.9685543623044826
589	141.9162	142.2496	80	None	None	0	4	7.71370088245083
590	142.2496	142.5829	79	None	None	0	3	8.526397114789987
591	142.5829	143.2496	77	None	None	0	2	8.927312865705733
592	143.2496	143.5829	75	None	None	0	1	8.581159019551878
593	144.2496	144.5829	72	None	None	0	4	5.944150737978382
594	144.5829	144.9162	70	None	None	0	3	5.947522366350013
595	144.9162	145.2496	69	None	None	0	2	5.5696682759958955
596	145.2496	145.5829	67	None	None	0	1	5.330657286984911
597	145.5829	145.9162	66	None	None	0	2	3.0484839048115893
598	145.9162	146.2496	75	None	None	0	5	1.762416400886888
599	146.2496	146.5829	74	None	None	0	4	1.3897507480873126
600	146.5829	147.2496	72	None	None	0	3	1.4708934335268753
601	147.2496	147.5829	70	None	None	0	2	2.33467363489682
602	148.2496	296.8325	67	None	None	0	1	2.5677933912466626
603	148.2496	296.8325	74	None	None	0	5	2.1694467649133267
604	148.5829	297.9991	67	None	None	0	1	2.229096658030954
605	148.5829	297.9991	74	None	None	0	4	1.905917149367586
606	149.4162	299.1896	67	None	None	0	1	2.4865376233636507
607	149.4162	299.1896	73	None	None	0	3	3.4356840414616867
608	149.7734	300.3160	67	None	None	0	1	4.129307998762926
609	149.7734	300.3160	79	None	None	0	5	3.3897193508037535
610	150.5426	301.5019	67	None	None	0	1	3.1790949562349886
611	150.5426	301.5019	73	None	None	0	3	3.294567908623236
612	150.9593	304.6477	67	None	None	0	1	3.248275491363076
613	150.9593	304.6477	73	None	None	0	3	3.493803031965494
614	150.9593	302.2310	73	None	None	0	4	2.505323769292665
615	151.2718	151.5218	74	None	None	0	5	1.7850856740545709
616	151.5218	151.7718	73	None	None	0	4	1.1181072160046865
617	151.7718	152.0218	71	None	None	0	3	1.0623558245390046
618	152.0218	152.2718	73	None	None	0	4	0.8510853968276847
619	152.2718	153.2718	76	None	None	0	5	0.6638976769121333
620	153.2718	153.6884	74	None	None	0	4	1.197512146733503
621	153.6884	309.3769	66	None	None	0	1	1.399355464705857
622	153.6884	309.3769	74	None	None	0	3	1.35617256306912
623	155.6884	156.0009	74	None	None	0	3	1.543118375877004
624	156.0009	312.6269	69	None	None	0	1	1.456538289296906
625	156.0009	312.6269	72	None	None	0	4	1.6808223298818894
626	156.6259	313.5644	69	None	None	0	2	1.567436648930743
627	156.6259	313.5644	72	None	None	0	4	1.3476227463582215
628	156.9384	314.5019	67	None	None	0	2	1.1855605661142246
629	156.9384	314.5019	70	None	None	0	4	1.1525289512644312
630	157.5634	315.4394	67	None	None	0	3	1.3244866232221024
631	157.5634	315.4394	70	None	None	0	5	1.6230427258622806
632	157.8759	316.6894	66	None	None	0	2	1.2867882105236939
633	157.8759	316.6894	69	None	None	0	3	1.4046333283688077
634	159.4384	159.7509	72	None	None	0	5	1.544948401766588
635	159.7509	320.4394	65	None	None	0	2	2.227601462991073
636	159.7509	320.4394	68	None	None	0	3	2.671440596440605
637	160.0634	160.3759	72	None	None	0	4	2.9217171717171793
638	160.3759	160.6884	71	None	None	0	2	2.0331890331890357
639	160.6884	161.6259	67	None	None	0	1	2.1990139490139575
640	161.0009	161.3134	74	None	None	0	4	1.743987493987503
641	161.3134	161.6259	72	None	None	0	3	1.587822044853308
642	161.6259	162.5634	67	None	None	0	1	1.4146618716931336
643	161.9384	162.2509	75	None	None	0	4	2.936393827450562
644	162.2509	162.5634	74	None	None	0	3	3.2232012322472645
645	162.5634	163.5009	67	None	None	0	1	3.0525663116123427
646	162.8759	163.1884	77	None	None	0	5	3.7903509592776414
647	163.1884	163.5009	75	None	None	0	4	3.7101728544637957
648	163.8581	164.2152	75	None	None	0	0	-1
649	164.2152	164.5724	67	None	None	0	0	-1
650	164.9295	165.2867	67	None	None	0	0	-1
651	165.2867	165.6438	66	None	None	0	0	-1
652	165.6438	332.4414	60	None	None	0	0	-1
653	165.6438	332.4414	69	None	None	0	0	-1
654	166.7976	334.4286	58	None	None	0	0	-1
655	166.7976	334.4286	67	None	None	0	1	5.7462996218206905
656	169.9643	170.2976	86	None	None	0	5	5.377556628088664
657	170.2976	170.6310	84	None	None	0	4	5.865611920516694
658	170.6310	170.9643	83	None	None	0	3	6.578524039113335
659	170.9643	171.2976	82	None	None	0	1	8.22364133077034
660	171.2976	171.6310	81	None	None	0	4	4.696006881520515
661	171.6310	172.6310	79	None	None	0	3	4.696006890269419
662	172.9643	173.2976	84	None	None	0	5	4.805167058747731
663	173.2976	173.6310	83	None	None	0	4	5.484131126589038
664	173.6310	173.9643	81	None	None	0	3	5.578911358034455
665	173.9643	174.2976	80	None	None	0	2	8.049378352994488
666	174.2976	174.6310	79	None	None	0	1	7.740312382031016
667	174.6310	175.6310	78	None	None	0	3	6.041163760859347
668	175.9643	176.2976	83	None	None	0	5	8.478800399010135
669	176.2976	176.6310	81	None	None	0	4	9.392719676228312
670	176.6310	176.9643	79	None	None	0	3	11.71215656953097
671	176.9643	177.2976	78	None	None	0	2	11.662293932935448
672	177.2976	177.6310	76	None	None	0	1	11.899244465617272
673	177.6310	177.9643	74	None	None	0	4	7.107738048025031
674	177.9643	178.2976	72	None	None	0	3	8.371771903944794
675	178.2976	178.6310	71	None	None	0	2	8.16325541401245
676	178.6310	178.9643	69	None	None	0	1	8.128944053165538
677	178.9643	179.2976	67	None	None	0	3	4.594507614504275
678	179.2976	179.6310	66	None	None	0	2	4.553020880327348
679	179.6310	179.9643	67	None	None	0	1	3.9366839327765946
680	179.9643	180.2976	71	None	None	0	2	6.597240324301649
681	180.2976	180.6310	74	None	None	0	1	5.53991377605818
682	180.6310	181.6310	79	None	None	0	2	5.338158952659173
683	181.9643	182.2976	79	None	None	0	2	5.598804553044863
684	182.2976	182.6310	81	None	None	0	1	3.1607198733661326
685	182.6310	182.9643	83	None	None	0	2	4.228605364089075
686	182.9643	183.2976	84	None	None	0	1	6.653908973651395
687	183.2976	183.6310	85	None	None	0	3	5.739577285137265
688	183.6310	184.6310	86	None	None	0	4	5.581352578784751
689	184.9643	185.2976	81	None	None	0	2	6.38743592310683
690	185.2976	185.6310	83	None	None	0	1	3.927270999121634
691	185.6310	185.9643	84	None	None	0	2	6.146626455329137
692	185.9643	186.2976	86	None	None	0	3	7.589496400091009
693	186.2976	186.6310	87	None	None	0	4	7.112046738577333
694	186.6310	187.6310	88	None	None	0	5	8.4094771037204
695	187.9643	188.2976	81	None	None	0	4	9.423626559318615
696	188.2976	188.6310	79	None	None	0	3	11.743063328073063
697	188.6310	188.9643	78	None	None	0	2	11.478914993611863
698	188.9643	189.2976	76	None	None	0	1	12.301049089791652
699	189.2976	189.6310	74	None	None	0	3	8.834492339212801
700	189.6310	189.9643	73	None	None	0	0	-1
701	189.9643	190.2976	71	None	None	0	0	-1
702	190.2976	190.6310	69	None	None	0	0	-1
703	190.6310	190.9643	67	None	None	0	0	-1
704	190.9643	191.2976	66	None	None	0	0	-1
705	191.2976	191.6310	64	None	None	0	0	-1
706	191.6310	192.6310	62	None	None	0	0	-1
707	194.6310	194.9643	79	None	None	0	2	1.7694014157613682
708	194.9643	195.2976	81	None	None	0	3	1.84048657950292
709	195.2976	195.6310	78	None	None	0	2	1.8419288899935378
710	195.6310	196.6310	79	None	None	0	3	1.9527347490947013
711	197.6310	197.9643	79	None	None	0	2	1.7694014157613682
712	197.9643	198.2976	81	None	None	0	3	1.84048657950292
713	198.2976	198.6310	78	None	None	0	2	1.8419288899935378
714	198.6310	199.6310	79	None	None	0	3	1.9527347490947013
715	200.6310	200.9643	79	None	None	0	2	2.0300470161470576
716	200.9643	201.2976	81	None	None	0	3	1.9733849379943658
717	201.2976	201.6310	78	None	None	0	2	2.4513611150499366
718	201.6310	202.6310	79	None	None	0	3	3.6688644562468893
719	203.6310	203.9643	79	None	None	0	2	3.7172161117272697
720	203.9643	204.2976	81	None	None	0	3	3.7172161117272697
721	204.2976	204.6310	78	None	None	0	1	3.620695931753504
722	204.6310	204.9643	79	None	None	0	2	3.2213827784714297
723	204.9643	205.2976	81	None	None	0	3	5.540819555974779
724	205.2976	205.6310	78	None	None	0	1	5.07722065594096
725	205.6310	205.9643	79	None	None	0	2	5.190975676583755
726	205.9643	206.2976	86	None	None	0	5	7.628869107669124
727	206.2976	206.6310	84	None	None	0	4	8.503658765109702
728	206.6310	206.9643	83	None	None	0	3	9.459702733833227
729	206.9643	207.2976	81	None	None	0	2	11.717944569280858
730	207.2976	207.6310	79	None	None	0	1	13.162312539592303
731	207.6310	207.9643	78	None	None	0	4	8.307898248598365
732	207.9643	208.2976	76	None	None	0	3	8.709683956702792
733	208.2976	208.6310	74	None	None	0	2	8.880288340058724
734	208.6310	208.9643	72	None	None	0	1	8.418337803782245
735	208.9643	209.2976	71	None	None	0	3	4.581799401267163
736	209.2976	209.6310	69	None	None	0	2	4.402430376772604
737	209.6310	209.9643	67	None	None	0	1	3.924878507943014
738	209.9643	210.2976	66	None	None	0	2	1.7421588251108489
739	210.2976	210.6310	69	None	None	0	3	2.0063613894512957
740	210.6310	210.9643	72	None	None	0	5	2.17068144186836
741	210.9643	211.2976	69	None	None	0	3	6.802652570271388
742	211.2976	211.6310	66	None	None	0	2	7.169822888225795
743	211.6310	214.6310	69	None	None	0	3	7.118132021409175
744	214.6310	216.6310	67	None	None	0	1	6.922279486846963
745	217.9643	218.2976	76	None	None	0	2	6.661391831320253
746	218.2976	218.6310	78	None	None	0	3	6.7844354474567155
747	218.6310	218.9643	80	None	None	0	4	6.948125942050175
748	218.9643	219.2976	81	None	None	0	1	2.792631500486038
749	219.2976	219.6310	82	None	None	0	2	2.3933182739984833
750	219.6310	220.6310	83	None	None	0	3	4.4036892379900445
751	221.6310	222.6310	88	None	None	0	5	5.238347125728111
752	222.6310	223.6310	88	None	None	0	5	5.238347125728111
753	223.6310	223.9643	88	None	None	0	5	5.657648378975603
754	223.9643	224.2976	86	None	None	0	4	5.91125648532572
755	224.2976	224.6310	85	None	None	0	3	5.6405376041004605
756	224.6310	224.9643	84	None	None	0	2	5.77765985473815
757	224.9643	225.2976	83	None	None	0	1	6.181036644257736
758	225.2976	225.6310	82	None	None	0	4	5.828863654608542
759	225.6310	226.6310	81	None	None	0	3	5.9500376223188445
760	228.6310	229.6310	81	None	None	0	4	5.9201372902320015
761	229.9643	230.2976	74	None	None	0	1	5.812994433587481
762	230.2976	230.6310	76	None	None	0	2	5.92203744207629
763	230.6310	230.9643	78	None	None	0	3	6.312022474074975
764	230.9643	231.2976	79	None	None	0	1	3.02809395316813
765	231.2976	231.6310	80	None	None	0	2	5.043615854364619
766	231.6310	232.6310	81	None	None	0	1	5.251937965987061
767	233.6310	234.6310	86	None	None	0	4	5.912037921713489
768	234.6310	235.6310	86	None	None	0	4	5.912037921713489
769	235.6310	235.9643	86	None	None	0	4	5.912037921713489
770	235.9643	236.2976	85	None	None	0	3	5.458741225390549
771	236.2976	236.6310	84	None	None	0	2	6.452764717002403
772	236.6310	236.9643	83	None	None	0	1	6.2300905269843465
773	236.9643	237.2976	82	None	None	0	4	3.532877327418764
774	237.2976	237.6310	81	None	None	0	3	8.184297876720565
775	237.6310	238.6310	79	None	None	0	2	8.559428025240656
776	239.6310	240.6310	79	None	None	0	4	10.423205648951278
777	240.6310	241.6310	79	None	None	0	4	15.566870163842726
778	241.6310	241.7421	79	None	None	0	4	19.669352203718052
779	241.7421	241.8532	78	None	None	0	3	19.32254769609041
780	241.8532	241.9643	76	None	None	0	2	22.37146700856403
781	241.9643	242.0754	74	None	None	0	1	26.30346900950602
782	242.0754	242.1865	73	None	None	0	4	15.779009523138521
783	242.1865	242.2976	71	None	None	0	3	16.35100954754316
784	242.2976	242.4088	69	None	None	0	2	16.206392204058986
785	242.4088	242.5199	67	None	None	0	1	15.757897975761347
786	242.5199	242.6310	66	None	None	0	3	10.019090584984555
787	242.6310	242.7421	64	None	None	0	2	10.019090593505467
788	242.7421	242.8532	62	None	None	0	1	9.046346242842564
789	242.8532	242.9643	61	None	None	0	2	5.719983333269806
790	242.9643	243.0653	67	None	None	0	5	5.345053713788332
791	243.0653	243.1663	64	None	None	0	3	4.76510412281597
792	243.1663	243.2673	61	None	None	0	2	4.789749666294162
793	243.2673	243.3785	67	None	None	0	5	5.030230841308617
794	243.3785	243.4896	64	None	None	0	3	6.2945447123927885
795	243.4896	243.6007	61	None	None	0	1	5.984773790750389
796	243.6007	488.0902	64	None	None	0	2	6.713985033600496
797	243.6007	487.7569	64	None	None	0	1	4.575114774918591
798	244.1562	244.3229	66	None	None	0	3	4.440369274635592
799	244.3229	244.4896	64	None	None	0	2	4.471196264850851
800	244.4896	244.9896	62	None	None	0	1	4.878133064853024
801	246.0451	246.1377	74	None	None	0	2	8.915048718417312
802	246.1377	246.2303	76	None	None	0	3	9.657617456402667
803	246.2303	246.3229	73	None	None	0	2	9.772641497076142
804	246.3229	246.6007	74	None	None	0	3	10.103995519435085
805	246.8785	246.9710	74	None	None	0	2	10.103159988093058
806	246.9710	247.0636	76	None	None	0	3	10.087449148445659
807	247.0636	247.1562	73	None	None	0	2	11.33429837243041
808	247.1562	247.4340	74	None	None	0	1	6.2217212340559165
809	247.7118	247.8044	86	None	None	0	2	4.745016739692529
810	247.8044	247.8970	88	None	None	0	3	4.61428185937162
811	247.8970	247.9896	85	None	None	0	2	5.440415084654427
812	247.9896	248.0822	86	None	None	0	3	4.318505754782571
813	248.0822	248.1747	88	None	None	0	4	4.318505754782561
814	248.1747	248.2673	85	None	None	0	3	4.318505754782569
815	248.2673	248.8229	86	None	None	0	5	4.0006158465256885
816	249.3785	249.4710	79	None	None	0	2	3.9811531990813886
817	249.4710	249.5636	81	None	None	0	3	4.141094818422537
818	249.5636	249.6562	78	None	None	0	2	4.256118859096121
819	249.6562	249.9340	79	None	None	0	3	4.568441334674352
820	250.2118	250.3044	79	None	None	0	2	4.567605803332341
821	250.3044	250.3970	81	None	None	0	3	4.551894963684963
822	250.3970	250.4896	78	None	None	0	2	5.690350664546292
823	250.4896	250.7673	79	None	None	0	3	5.15489393892563
824	251.0451	251.1377	79	None	None	0	2	4.97840594859498
825	251.1377	251.2303	81	None	None	0	3	6.094520292258887
826	251.2303	251.3229	78	None	None	0	1	6.801225287349865
827	251.3229	251.4155	79	None	None	0	2	4.978405948595165
828	251.4155	251.5081	81	None	None	0	3	6.094520292259008
829	251.5081	251.6007	78	None	None	0	1	6.801225287350109
830	251.6007	251.6933	79	None	None	0	2	4.978405948595138
831	251.6933	251.7859	81	None	None	0	3	6.094520292258753
832	251.7859	251.8785	78	None	None	0	1	7.234690255709536
833	251.8785	251.9710	79	None	None	0	2	5.296846876281028
834	251.9710	252.0636	81	None	None	0	3	6.20550071369772
835	252.0636	252.1562	78	None	None	0	2	9.716309393159914
836	252.1562	252.2488	79	None	None	0	3	12.915631173665481
837	252.2488	252.3414	81	None	None	0	5	13.86848394208679
838	252.3414	252.4340	78	None	None	0	4	16.03529372296964
839	252.4340	252.5266	79	None	None	0	5	20.137912321638872
840	252.5266	252.6192	78	None	None	0	4	19.063650656144034
841	252.6192	252.7118	76	None	None	0	3	21.284331551875916
842	252.7118	252.8044	74	None	None	0	2	26.46041339571866
843	252.8044	252.8970	72	None	None	0	1	26.247157903263677
844	252.8970	252.9896	71	None	None	0	3	17.655676665533726
845	252.9896	253.0822	69	None	None	0	2	19.78224528801138
846	253.0822	253.1747	67	None	None	0	1	21.81978819133545
847	253.1747	253.2673	66	None	None	0	4	13.756571625898378
848	253.2673	253.3599	64	None	None	0	3	13.783460370435499
849	253.3599	253.4525	62	None	None	0	2	13.583185647086541
850	253.4525	253.5451	61	None	None	0	1	6.881572777809571
851	253.5451	253.6377	62	None	None	0	2	4.679522171342981
852	253.6377	253.7303	66	None	None	0	3	4.143691462520125
853	253.7303	253.8229	69	None	None	0	4	4.2680757993344045
854	253.8229	253.9155	72	None	None	0	5	3.3128393255969786
855	253.9155	254.0081	69	None	None	0	3	2.6031571241168265
856	254.0081	254.1007	66	None	None	0	2	2.411628123774858
857	254.1007	255.3507	69	None	None	0	3	2.595765216747397
858	255.3507	256.1840	67	None	None	0	2	2.8994903704725705
859	256.1840	256.3923	74	None	None	0	5	3.476673101673082
860	256.3923	256.6007	62	None	None	0	1	2.874356499356444
861	256.6007	256.8090	71	None	None	0	4	2.564671814671826
862	256.8090	257.0173	62	None	None	0	1	2.2982625482625263
863	257.0173	257.2257	72	None	None	0	5	2.607947232947234
864	257.2257	257.4340	62	None	None	0	1	2.8743564993565394
865	257.4340	257.6423	71	None	None	0	4	3.030083655083596
866	257.6423	257.8507	62	None	None	0	1	3.0300836550836014
867	257.8507	258.0590	69	None	None	0	4	2.5186615186615446
868	258.0590	258.2673	60	None	None	0	1	2.211711711711704
869	258.2673	258.4757	71	None	None	0	5	2.521396396396412
870	258.4757	258.6840	60	None	None	0	1	2.787805662805717
871	258.6840	258.8923	69	None	None	0	4	2.373005148005169
872	258.8923	259.1007	60	None	None	0	1	2.037097812097812
873	259.1007	259.3090	67	None	None	0	4	1.8813706563707615
874	259.3090	259.5173	59	None	None	0	1	1.881370656370693
875	259.5173	259.7257	66	None	None	0	4	3.1218790218791366
876	259.7257	259.9340	59	None	None	0	1	4.031145431145615
877	259.9340	260.1423	67	None	None	0	4	7.304954954954655
878	260.1423	260.3507	59	None	None	0	1	7.907271557271293
879	260.3507	260.5590	62	None	None	0	2	8.927031623459998
880	260.5590	260.7673	59	None	None	0	1	9.430892627320933
881	260.7673	260.9757	67	None	None	0	4	10.315706012134369
882	260.9757	261.1840	59	None	None	0	1	10.918022614451075
883	261.1840	261.3923	71	None	None	0	5	12.112520683948746
884	261.3923	261.6007	59	None	None	0	1	12.112520683948745
885	261.6007	261.8090	74	None	None	0	5	9.443670711527862
886	261.8090	262.0173	62	None	None	0	1	9.009307777164802
887	262.0173	262.2257	73	None	None	0	5	9.289161610590082
888	262.2257	262.4340	62	None	None	0	1	9.723524544953143
889	262.4340	262.6423	74	None	None	0	5	8.617346938775423
890	262.6423	262.8507	62	None	None	0	1	8.281439602868065
891	262.8507	263.0590	76	None	None	0	5	5.933378879807668
892	263.0590	263.2673	64	None	None	0	1	5.163108609537312
893	263.2673	263.4757	75	None	None	0	5	4.713876213876318
894	263.4757	263.6840	64	None	None	0	1	4.673335673335874
895	263.6840	263.8923	76	None	None	0	5	3.9442494442494875
896	263.8923	264.1007	64	None	None	0	2	2.637451737451607
897	264.1007	264.3090	69	None	None	0	5	1.6340733590733816
898	264.3090	264.5173	62	None	None	0	2	1.6340733590733674
899	264.5173	264.7257	68	None	None	0	5	1.0129343629343408
900	264.7257	264.9340	62	None	None	0	2	0.6880308880309248
901	264.9340	265.1423	69	None	None	0	5	1.8825289575288249
902	265.1423	265.3507	62	None	None	0	2	2.570559845559755
903	265.3507	265.5590	69	None	None	0	5	2.572329472329402
904	265.5590	265.7673	62	None	None	0	2	2.559588159588078
905	265.7673	265.9757	69	None	None	0	5	2.9170527670526996
906	265.9757	266.1840	62	None	None	0	1	2.9152187902188684
907	266.1840	266.3923	69	None	None	0	4	2.449806949806972
908	266.3923	266.6007	62	None	None	0	1	2.055984555984553
909	266.6007	266.8090	71	None	None	0	4	2.0559845559846366
910	266.8090	267.0173	62	None	None	0	1	2.055984555984568
911	267.0173	267.2257	70	None	None	0	4	2.101994851994859
912	267.2257	267.4340	62	None	None	0	1	2.142535392535408
913	267.4340	267.6423	71	None	None	0	4	3.027348777348605
914	267.6423	267.8507	62	None	None	0	1	3.629665379665248
915	267.8507	268.0590	72	None	None	0	5	4.54430961573814
916	268.0590	268.2673	62	None	None	0	1	4.9786725501010025
917	268.2673	268.4757	71	None	None	0	4	5.863485934914445
918	268.4757	268.6840	62	None	None	0	1	6.4658025372311565
919	268.6840	268.8923	72	None	None	0	5	8.854798676226974
920	268.8923	269.1007	62	None	None	0	1	9.723524544952895
921	269.1007	269.3090	74	None	None	0	5	9.443670711527862
922	269.3090	269.5173	62	None	None	0	1	9.009307777164802
923	269.5173	269.7257	73	None	None	0	5	9.289161610590082
924	269.7257	269.9340	62	None	None	0	1	9.723524544953143
925	269.9340	270.1423	74	None	None	0	5	9.723524544952896
926	270.1423	270.3507	62	None	None	0	1	10.592250413678816
927	270.3507	270.5590	76	None	None	0	5	8.29157473800347
928	270.5590	270.7673	64	None	None	0	1	7.550261996690644
929	270.7673	270.9757	75	None	None	0	5	6.7239382239382515
930	270.9757	271.1840	64	None	None	0	1	6.416988416988527
931	271.1840	271.3923	76	None	None	0	5	5.310810810810812
932	271.3923	271.6007	64	None	None	0	1	4.569498069498026
933	271.6007	271.8090	76	None	None	0	5	3.6846846846848287
934	271.8090	272.0173	62	None	None	0	1	2.213642213642199
935	272.0173	272.2257	67	None	None	0	3	2.5907335907335973
936	272.2257	272.4340	62	None	None	0	1	2.8571428571429207
937	272.4340	272.6423	67	None	None	0	3	2.857142857142878
938	272.6423	272.8507	62	None	None	0	1	2.857142857142878
939	272.8507	273.0590	67	None	None	0	3	4.6925675675674725
940	273.0590	273.2673	62	None	None	0	1	5.161679536679338
941	273.2673	273.4757	71	None	None	0	5	4.881370656370434
942	273.4757	273.6840	62	None	None	0	2	4.550096525096472
943	273.6840	273.8923	69	None	None	0	5	5.225386100385942
944	273.8923	274.1007	62	None	None	0	3	5.212644787644744
945	274.1007	274.3090	67	None	None	0	5	5.52162162162168
946	274.3090	274.5173	62	None	None	0	3	5.886486486486436
947	274.5173	274.7257	61	None	None	0	2	8.958301158300841
948	274.7257	274.9340	62	None	None	0	3	9.230501930501761
949	274.9340	275.1423	61	None	None	0	2	9.797490347489967
950	275.1423	275.3507	62	None	None	0	3	9.200965250964842
951	275.3507	275.5590	61	None	None	0	2	10.962451737451582
952	275.5590	275.7673	62	None	None	0	3	12.103378378377956
953	275.7673	275.9757	61	None	None	0	2	12.67036679536641
954	275.9757	276.1840	62	None	None	0	1	10.437741312741377
955	276.1840	276.3923	74	None	None	0	5	9.243243243243212
956	276.3923	276.6007	62	None	None	0	1	8.374517374517294
957	276.6007	276.8090	74	None	None	0	5	7.489703989704105
958	276.8090	277.0173	64	None	None	0	1	7.756113256113318
959	277.0173	277.2257	77	None	None	0	5	5.832528957528899
960	277.2257	277.4340	64	None	None	0	1	4.488899613899809
961	277.4340	277.6423	76	None	None	0	5	3.2944015444016443
962	277.6423	277.8507	64	None	None	0	1	2.4256756756757256
963	277.8507	278.0590	74	None	None	0	5	2.7353603603604526
964	278.0590	278.2673	64	None	None	0	1	3.0017696267696654
965	278.2673	278.4757	72	None	None	0	4	3.001769626769665
966	278.4757	278.6840	64	None	None	0	1	3.001769626769734
967	278.6840	278.8923	71	None	None	0	4	2.846042471042487
968	278.8923	279.1007	64	None	None	0	1	2.718629343629354
969	279.1007	279.3090	74	None	None	0	5	3.1840411840412437
970	279.3090	279.5173	64	None	None	0	1	3.5778635778635652
971	279.5173	279.7257	72	None	None	0	4	3.5778635778635657
972	279.7257	279.9340	64	None	None	0	1	3.5778635778636336
973	279.9340	280.1423	72	None	None	0	4	3.57786357786355
974	280.1423	280.3507	64	None	None	0	1	4.054504504504505
975	280.3507	280.5590	72	None	None	0	4	4.9365347490346885
976	280.5590	280.7673	64	None	None	0	1	5.666264478764265
977	280.7673	280.9757	71	None	None	0	4	5.135376447876201
978	280.9757	281.1840	64	None	None	0	1	4.849662162161987
979	281.1840	281.3923	72	None	None	0	4	4.59934041184018
980	281.3923	281.6007	64	None	None	0	1	4.904359716859498
981	281.6007	281.8090	72	None	None	0	3	3.9145913770913707
982	281.8090	282.0173	66	None	None	0	1	4.060086872586696
983	282.0173	282.2257	76	None	None	0	5	3.77413127413108
984	282.2257	282.4340	66	None	None	0	2	2.731435006435072
985	282.4340	282.6423	74	None	None	0	5	2.5403153153152696
986	282.6423	282.8507	66	None	None	0	2	2.3219755469754846
987	282.8507	283.0590	72	None	None	0	5	2.5529118404118885
988	283.0590	283.2673	66	None	None	0	2	2.684379021878983
989	283.2673	283.4757	71	None	None	0	4	2.709266409266194
990	283.4757	283.6840	66	None	None	0	1	2.3519305019305845
991	283.6840	283.8923	69	None	None	0	2	1.9505791505791972
992	283.8923	284.1007	66	None	None	0	1	0.6532818532818186
993	284.1007	284.3090	72	None	None	0	3	0.8901544401544637
994	284.3090	284.5173	67	None	None	0	1	1.0581081081080712
995	284.5173	284.7257	71	None	None	0	2	1.0581081081080712
996	284.7257	284.9340	67	None	None	0	1	1.0581081081080774
997	284.9340	285.1423	71	None	None	0	2	1.2041593541593019
998	285.1423	285.3507	67	None	None	0	1	1.3937692937692292
999	285.3507	285.5590	71	None	None	0	2	2.8363145863147468
1000	285.5590	285.7673	67	None	None	0	1	4.09702009702016
1001	285.7673	285.9757	70	None	None	0	2	5.066086389077725
1002	285.9757	286.1840	67	None	None	0	1	5.361655213716288
1003	286.1840	286.3923	71	None	None	0	2	5.908148883465846
1004	286.3923	286.6007	67	None	None	0	1	6.335984882730451
1005	286.6007	286.7792	73	None	None	0	3	6.911441368901134
1006	286.7792	286.9578	67	None	None	0	1	7.286385530430675
1007	286.9578	287.0894	79	None	None	0	5	6.027345789683399
1008	287.0894	287.2210	67	None	None	0	1	4.956250218587915
1009	287.2210	287.3599	78	None	None	0	5	6.119305338632955
1010	287.3599	287.4988	67	None	None	0	1	6.190949537457578
1011	287.4988	287.6458	76	None	None	0	5	4.834221962706563
1012	287.6458	287.7929	67	None	None	0	2	4.915776976016302
1013	287.7929	287.9491	74	None	None	0	5	5.653400829905579
1014	287.9491	288.1054	67	None	None	0	2	6.63251983965143
1015	288.1054	288.2839	73	None	None	0	5	5.91688963210714
1016	288.2839	288.4625	67	None	None	0	3	10.027776616498938
1017	288.4625	577.6393	66	None	None	0	1	9.853264299120914
1018	288.4625	577.6393	74	None	None	0	5	13.776856884057672
1019	289.6530	289.7720	74	None	None	0	5	14.847961956521296
1020	289.7720	289.8911	62	None	None	0	1	13.625135869564623
1021	289.8911	579.9012	69	None	None	0	3	13.05448369565166
1022	289.8911	579.9012	72	None	None	0	5	13.05448369565166
1023	290.0101	290.1292	62	None	None	0	2	13.183967391303236
1024	290.1292	290.2482	61	None	None	0	1	12.196331521738156
1025	290.2482	290.3673	62	None	None	0	2	11.218885869564117
1026	290.3673	580.8536	69	None	None	0	3	12.480887681158658
1027	290.3673	580.8536	72	None	None	0	5	12.615398550723851
1028	290.4863	290.6054	62	None	None	0	2	12.143478260869971
1029	290.6054	581.3298	67	None	None	0	4	12.29193840579748
1030	290.6054	581.3298	71	None	None	0	5	11.362590579710657
1031	290.7244	290.8435	62	None	None	0	3	9.05174365942065
1032	290.8435	290.9625	61	None	None	0	1	8.477740036232063
1033	290.9625	291.0816	62	None	None	0	2	7.500294384058025
1034	291.0816	582.2822	67	None	None	0	3	7.8729393115944895
1035	291.0816	582.2822	71	None	None	0	5	7.828102355072753
1036	291.2006	291.3197	62	None	None	0	2	6.64760934265025
1037	291.3197	582.7584	66	None	None	0	4	6.57446622670823
1038	291.3197	582.7584	69	None	None	0	5	6.899534161490958
1039	291.4387	291.5578	62	None	None	0	3	5.676708074534162
1040	291.5578	291.6768	61	None	None	0	2	5.568057712215391
1041	291.6768	291.7958	62	None	None	0	3	4.906712603519664
1042	291.7958	291.9149	61	None	None	0	2	3.9292669513456078
1043	291.9149	292.0339	62	None	None	0	1	4.518848814229367
1044	292.0339	292.1530	66	None	None	0	2	4.314229249011815
1045	292.1530	292.2720	62	None	None	0	1	3.7909049736496163
1046	292.2720	292.3911	67	None	None	0	3	3.5544919301713063
1047	292.3911	292.5101	62	None	None	0	1	3.8660861330699716
1048	292.5101	585.1393	66	None	None	0	3	3.5355525362318425
1049	292.5101	585.1393	69	None	None	0	4	3.4483695652173316
1050	292.6292	292.7482	62	None	None	0	1	2.8940217391304492
1051	292.7482	292.8673	71	None	None	0	4	2.8940217391304492
1052	292.8673	292.9863	62	None	None	0	1	2.8940217391304492
1053	292.9863	293.1054	70	None	None	0	4	2.9587862318840688
1054	293.1054	293.2244	62	None	None	0	1	3.015851449275358
1055	293.2244	293.3435	71	None	None	0	4	4.261322463768272
1056	293.3435	293.4625	62	None	None	0	1	5.109148550725038
1057	293.4625	293.5816	72	None	None	0	5	6.396609730849036
1058	293.5816	293.7006	62	None	None	0	1	7.008022774327411
1059	293.7006	293.8197	71	None	None	0	4	8.253493788819837
1060	293.8197	293.9387	62	None	None	0	1	9.101319875776603
1061	293.9387	294.0578	72	None	None	0	5	12.464091614906524
1062	294.0578	294.1768	62	None	None	0	1	13.686917701863237
1063	294.1768	294.2958	74	None	None	0	5	13.292993012421807
1064	294.2958	294.4149	62	None	None	0	1	12.681579968943469
1065	294.4149	294.5339	73	None	None	0	5	13.07550465838441
1066	294.5339	294.6530	62	None	None	0	1	13.686917701862749
1067	294.6530	294.7720	74	None	None	0	5	13.686917701862747
1068	294.7720	294.8911	62	None	None	0	1	14.909743788819414
1069	294.8911	295.0101	76	None	None	0	5	11.671292701863344
1070	295.0101	295.1292	64	None	None	0	1	10.627814440993653
1071	295.1292	295.2482	75	None	None	0	5	9.464673913043505
1072	295.2482	295.3673	64	None	None	0	1	9.03260869565215
1073	295.3673	295.4863	76	None	None	0	5	7.475543478261059
1074	295.4863	295.6054	64	None	None	0	1	6.432065217391367
1075	295.6054	295.7244	76	None	None	0	5	5.186594202898776
1076	295.7244	295.8435	62	None	None	0	1	3.115942028985477
1077	295.8435	295.9625	67	None	None	0	3	3.6467391304348995
1078	295.9625	296.0816	62	None	None	0	1	4.021739130434761
1079	296.0816	296.2006	67	None	None	0	3	4.021739130434845
1080	296.2006	296.3197	62	None	None	0	1	4.021739130434761
1081	296.3197	296.4387	67	None	None	0	3	4.647463768115987
1082	296.4387	296.5578	62	None	None	0	1	4.375181159420288
1083	296.5578	296.6768	71	None	None	0	5	2.944474637681361
1084	296.6768	296.7958	62	None	None	0	2	3.9194746376810765
1085	296.7958	296.9149	69	None	None	0	5	5.04154051074318
1086	296.9149	297.0339	62	None	None	0	2	5.419847308048755
1087	297.0339	297.1530	67	None	None	0	4	4.841948757324045
1088	297.1530	297.2720	62	None	None	0	2	10.983358414211455
1089	297.2720	297.3911	59	None	None	0	1	17.601258751014825
1090	297.3911	297.5101	62	None	None	0	0	-1
1091	297.5101	297.6292	59	None	None	0	0	-1
1092	297.6292	297.7482	55	None	None	0	0	-1
1093	301.0816	301.3197	86	None	None	0	0	-1
1094	301.3197	301.7958	83	None	None	0	0	-1
1095	301.7958	302.0339	83	None	None	0	0	-1
1096	302.0339	604.1869	60	None	None	0	0	-1
1097	302.0339	604.5441	81	None	None	0	0	-1
1098	302.1530	302.2720	62	None	None	0	0	-1
1099	302.2720	302.3911	66	None	None	0	0	-1
1100	302.3911	302.5101	62	None	None	0	0	-1
1101	302.5101	605.1393	60	None	None	0	0	-1
1102	302.5101	605.2584	81	None	None	0	0	-1
1103	302.6292	302.7482	62	None	None	0	0	-1
1104	302.7482	605.6155	59	None	None	0	0	-1
1105	302.7482	605.9726	79	None	None	0	0	-1
1106	302.8673	302.9863	62	None	None	0	0	-1
1107	302.9863	303.1054	67	None	None	0	0	-1
1108	303.1054	303.2244	62	None	None	0	0	-1
1109	306.5578	306.6768	85	None	None	0	2	7.437704703186194
1110	306.6768	306.7958	86	None	None	0	4	6.894679340867219
1111	306.7958	306.9149	85	None	None	0	2	6.02352323758078
1112	306.9149	307.0339	86	None	None	0	4	6.285819433232877
1113	307.0339	307.2720	83	None	None	0	1	6.32691365584802
1114	307.2720	307.3911	85	None	None	0	2	6.912446417636008
1115	307.3911	307.5101	86	None	None	0	4	19.35429679526569
1116	307.5101	307.6292	85	None	None	0	3	34.3586640312924
1117	307.6292	307.7482	86	None	None	0	0	-1
1118	307.7482	307.9863	81	None	None	0	0	-1
1119	307.9863	308.1054	85	None	None	0	0	-1
1120	308.1054	308.2244	86	None	None	0	0	-1
1121	308.2244	308.3435	85	None	None	0	0	-1
1122	308.3435	308.4625	86	None	None	0	0	-1
1123	308.4625	617.0441	59	None	None	0	0	-1
1124	308.4625	617.4012	80	None	None	0	0	-1
1125	308.5816	308.7006	62	None	None	0	2	3.6887681159420325
1126	308.7006	308.8197	65	None	None	0	4	2.8210144927535072
1127	308.8197	308.9387	62	None	None	0	2	2.0498188405797135
1128	308.9387	309.0578	59	None	None	0	1	2.0498188405797007
1129	309.0578	309.1768	62	None	None	0	2	2.049818840579715
1130	309.1768	309.2958	59	None	None	0	1	2.3759057971013995
1131	309.2958	309.4149	62	None	None	0	2	2.7346014492753596
1132	309.4149	309.5339	65	None	None	0	4	1.8668478260870722
1133	309.5339	309.6530	62	None	None	0	2	1.0956521739130642
1134	309.6530	309.7720	59	None	None	0	1	1.0956521739130645
1135	309.7720	309.8911	62	None	None	0	2	1.3679347826087505
1136	309.8911	310.0101	59	None	None	0	1	1.5912461180124313
1137	310.0101	310.1292	62	None	None	0	2	1.676028726708085
1138	310.1292	310.2482	64	None	None	0	3	1.6271156832298288
1139	310.2482	310.3673	62	None	None	0	2	1.5407026397515549
1140	310.3673	310.4863	59	None	None	0	1	2.388528726707955
1141	310.4863	310.6054	62	None	None	0	2	3.1916084368529885
1142	310.6054	310.7244	59	None	None	0	1	3.8326863354036367
1143	310.7244	310.8435	64	None	None	0	3	3.9794254658384425
1144	310.8435	310.9625	68	None	None	0	5	4.603940217391395
1145	310.9625	311.0816	64	None	None	0	3	5.322237318840552
1146	311.0816	311.2006	59	None	None	0	1	4.996150362318855
1147	311.2006	311.3197	64	None	None	0	4	5.54551630434767
1148	311.3197	311.4387	57	None	None	0	1	5.313793995859213
1149	311.4387	311.5578	64	None	None	0	3	4.706004140786596
1150	311.5578	311.6768	69	None	None	0	5	4.880868271221551
1151	311.6768	311.7958	64	None	None	0	4	5.060216097308314
1152	311.7958	311.9149	57	None	None	0	1	4.685216097308267
1153	311.9149	312.0339	64	None	None	0	2	3.8780344202897608
1154	312.0339	312.1530	64	None	None	0	1	3.260573122529867
1155	312.1530	312.2720	67	None	None	0	2	3.9567687747036846
1156	312.2720	312.3911	70	None	None	0	3	4.067934782608843
1157	312.3911	312.5101	67	None	None	0	2	4.133967391304492
1158	312.5101	312.6292	64	None	None	0	1	4.411141304348005
1159	312.6292	312.7482	67	None	None	0	3	4.1380434782608395
1160	312.7482	312.8673	62	None	None	0	1	4.518138586956533
1161	312.8673	312.9863	67	None	None	0	2	4.7402400362318255
1162	312.9863	313.1054	71	None	None	0	5	4.386073369565137
1163	313.1054	313.2244	67	None	None	0	3	4.362432065217309
1164	313.2244	313.3435	62	None	None	0	1	4.696671195652126
1165	313.3435	313.4625	67	None	None	0	3	4.69667119565221
1166	313.4625	313.5816	62	None	None	0	1	5.401834239130558
1167	313.5816	313.7006	66	None	None	0	2	5.187837501337188
1168	313.7006	313.8197	72	None	None	0	5	6.340511524680578
1169	313.8197	313.9387	66	None	None	0	2	13.79324414948151
1170	313.9387	314.0578	62	None	None	0	1	19.058901757381026
1171	314.0578	314.1768	66	None	None	0	2	19.90754306172894
1172	314.1768	628.8298	62	None	None	0	1	20.430481437582245
1173	314.1768	628.8298	67	None	None	0	2	19.598950848087675
1174	314.1768	628.8298	71	None	None	0	3	21.0438346266351
1175	315.3673	630.9726	74	None	None	0	1	19.924735636058482
1176	315.3673	630.9726	86	None	None	0	5	20.320995280473173
1177	315.6054	631.6869	68	None	None	0	1	12.176629083290138
1178	315.6054	631.6869	80	None	None	0	5	11.653741759346477
1179	316.0816	632.4012	68	None	None	0	1	10.598029130667358
1180	316.0816	632.4012	80	None	None	0	2	9.564374794511643
1181	316.3197	633.1155	76	None	None	0	1	9.340505261524244
1182	316.3197	633.1155	88	None	None	0	5	8.627013786357455
1183	316.7958	633.8298	76	None	None	0	1	8.145826313543143
1184	316.7958	633.8298	88	None	None	0	5	7.936496170002404
1185	317.0339	634.7822	69	None	None	0	1	5.330571364973907
1186	317.0339	634.7822	81	None	None	0	5	4.8264100333477895
1187	317.7482	636.2107	70	None	None	0	1	5.826162936733002
1188	317.7482	636.2107	82	None	None	0	5	6.322549148741896
1189	318.4625	637.6393	71	None	None	0	1	6.3510741050440895
1190	318.4625	637.6393	83	None	None	0	5	6.346941756085315
1191	319.1768	638.8298	72	None	None	0	1	6.327922617329338
1192	319.1768	638.8298	84	None	None	0	5	6.600999705346804
1193	319.6530	639.5441	69	None	None	0	1	5.274553424355097
1194	319.6530	639.5441	81	None	None	0	5	5.139630248938965
1195	319.8911	640.2584	67	None	None	0	1	4.065103522157619
1196	319.8911	640.2584	79	None	None	0	5	3.330948592580156
1197	321.0816	321.3197	67	None	None	0	2	3.0197652648377877
1198	321.3197	321.7958	64	None	None	0	1	3.294413152161729
1199	321.7958	322.0339	67	None	None	0	3	2.9527292678641546
1200	322.0339	322.5101	62	None	None	0	2	2.7801494362574806
1201	322.5101	322.7482	67	None	None	0	4	3.6919651750615925
1202	322.7482	323.2244	60	None	None	0	1	3.696073156282307
1203	323.9387	324.1768	74	None	None	0	5	3.606647418274992
1204	324.1768	324.6530	71	None	None	0	2	3.4127662247778665
1205	324.6530	324.8911	74	None	None	0	3	3.9154521751909717
1206	324.8911	325.3673	69	None	None	0	2	4.0475671792650685
1207	325.3673	325.6054	74	None	None	0	4	4.202870209568046
1208	325.6054	326.0816	67	None	None	0	1	4.20697819078876
1209	326.5578	326.6768	81	None	None	0	5	3.840038145539845
1210	326.6768	326.7958	79	None	None	0	2	3.5194197795469346
1211	326.7958	326.9149	81	None	None	0	3	3.6995840987957127
1212	326.9149	327.0339	79	None	None	0	2	3.662084098795718
1213	327.0339	327.2720	76	None	None	0	1	4.051492651561631
1214	327.2720	327.3911	81	None	None	0	4	3.2979179424371594
1215	327.3911	327.5101	79	None	None	0	3	3.8196570728721064
1216	327.5101	327.6292	81	None	None	0	5	4.290880304203742
1217	327.6292	327.7482	79	None	None	0	4	4.290880304203751
1218	327.7482	327.9863	74	None	None	0	2	4.286396608551581
1219	327.9863	328.1054	81	None	None	0	4	4.629275895140782
1220	328.1054	328.2244	79	None	None	0	3	5.079275895140718
1221	328.2244	328.3435	81	None	None	0	5	4.883036866767489
1222	328.3435	328.4625	79	None	None	0	4	4.799703533434272
1223	328.4625	328.9387	72	None	None	0	1	4.556949910245724
1224	329.4149	329.5339	88	None	None	0	5	3.840038145539904
1225	329.5339	329.6530	86	None	None	0	2	3.519419779546836
1226	329.6530	329.7720	88	None	None	0	3	3.6995840987956132
1227	329.7720	329.8911	86	None	None	0	2	3.662084098795608
1228	329.8911	330.1292	83	None	None	0	1	4.05149265156143
1229	330.1292	330.2482	88	None	None	0	4	3.2979179424372798
1230	330.2482	330.3673	86	None	None	0	3	3.8196570728718893
1231	330.3673	330.4863	88	None	None	0	5	4.373279969755377
1232	330.4863	330.6054	86	None	None	0	4	5.163881812499294
1233	330.6054	330.8435	81	None	None	0	2	5.01877311684724
1234	330.8435	330.9625	88	None	None	0	4	5.3158190701029175
1235	330.9625	331.0816	86	None	None	0	3	6.902452619844011
1236	331.0816	331.2006	88	None	None	0	5	7.994866056790776
1237	331.2006	331.3197	86	None	None	0	4	8.296713718932438
1238	331.3197	331.7958	79	None	None	0	1	7.970626762410846
1239	332.2720	332.3911	76	None	None	0	4	5.3158190701029655
1240	332.3911	332.5101	74	None	None	0	3	6.902452619844098
1241	332.5101	332.6292	76	None	None	0	5	6.344427996951366
1242	332.6292	332.7482	74	None	None	0	4	6.312274510556875
1243	332.7482	333.2244	67	None	None	0	1	5.863738574443218
1244	333.7006	333.8197	64	None	None	0	4	5.863738574443218
1245	333.8197	333.9387	62	None	None	0	3	5.863738574443218
1246	333.9387	334.0578	64	None	None	0	4	5.863738574443218
1247	334.0578	334.1768	62	None	None	0	3	5.863738574443218
1248	334.1768	334.7324	55	None	None	0	1	5.863738574443218
1249	335.0101	670.5758	59	None	None	0	2	5.863738574443218
1250	335.0101	670.5758	67	None	None	0	5	5.863738574443218
1251	335.8435	672.3536	59	None	None	0	1	5.863738574443218
1252	335.8435	672.3536	67	None	None	0	0	5.863738574443218
