0	0.0000	0.2000	50	None	None	1	-5	0.3808822208751508
1	0.0000	0.2000	55	None	None	1	-4	0.6919471156299298
2	0.0000	0.2000	57	None	None	1	-3	0.7651917104975786
3	0.0000	0.2000	62	None	None	1	-1	1.1560787583860421
4	0.6000	1.4000	50	None	None	1	-5	1.581253938076027
5	0.6000	1.4000	55	None	None	1	-4	1.739724376956648
6	0.6000	1.4000	57	None	None	1	-3	2.0711322371304197
7	0.6000	1.4000	62	None	None	1	-2	2.2848775657449187
8	1.2000	2.6000	57	None	None	1	-5	1.8639591983979817
9	1.2000	2.6000	61	None	None	1	-4	1.6691771946874039
10	1.2000	2.6000	64	None	None	1	-3	1.724279235503733
11	1.2000	2.6000	69	None	None	1	-1	2.0201976028506743
12	1.8000	3.8000	58	None	None	1	-5	3.1957624716553377
13	1.8000	3.8000	61	None	None	1	-4	3.025127551020414
14	1.8000	3.8000	62	None	None	1	-3	2.818494897959189
15	1.8000	3.8000	67	None	None	1	-1	2.908829365079373
16	2.4000	5.0000	57	None	None	1	-5	2.958715986394563
17	2.4000	5.0000	62	None	None	1	-4	2.550807823129252
18	2.4000	5.0000	64	None	None	1	-3	2.6142998866213154
19	2.4000	5.0000	69	None	None	1	-1	2.6750141723356027
20	3.0000	6.2000	53	None	None	1	-5	1.0487386621315165
21	3.0000	6.2000	57	None	None	1	-4	1.0038407029478416
22	3.0000	6.2000	62	None	None	1	-2	1.257077664399087
23	3.6000	7.4000	55	None	None	1	-5	1.2364143990929655
24	3.6000	7.4000	58	None	None	1	-4	6.58257653061224
25	3.6000	7.4000	62	None	None	1	0	-1
26	4.2000	8.8000	57	None	None	1	0	-1
27	4.2000	8.8000	62	None	None	1	0	-1
28	4.2000	8.8000	65	None	None	1	0	-1
29	4.6000	9.4000	57	None	None	1	0	-1
30	4.6000	9.4000	64	None	None	1	0	-1
31	4.6000	9.4000	67	None	None	1	0	-1
32	4.8000	5.4000	50	None	None	1	-1	2.528571428571431
33	5.4000	11.0000	38	None	None	1	-5	2.6751133786848094
34	5.4000	11.0000	43	None	None	1	-4	3.0627409297052184
35	5.4000	11.0000	45	None	None	1	-3	3.074475623582768
36	5.4000	11.0000	50	None	None	1	-1	3.3703939909297054
37	6.0000	12.2000	38	None	None	1	-5	3.2471250404923895
38	6.0000	12.2000	43	None	None	1	-4	2.498542274052478
39	6.0000	12.2000	45	None	None	1	-3	2.483236151603498
40	6.0000	12.2000	50	None	None	1	-2	1.8336188046647226
41	6.6000	13.4000	45	None	None	1	-5	1.4975218658892109
42	6.6000	13.4000	50	None	None	1	-4	1.1709912536443141
43	6.6000	13.4000	52	None	None	1	-3	1.4516034985422739
44	6.6000	13.4000	57	None	None	1	-1	2.991144314868805
45	7.2000	14.6000	46	None	None	1	-5	2.7598214285714264
46	7.2000	14.6000	50	None	None	1	-3	2.8184948979591833
47	7.2000	14.6000	55	None	None	1	-1	2.908829365079363
48	7.8000	15.8000	45	None	None	1	-5	2.9587159863945534
49	7.8000	15.8000	50	None	None	1	-4	2.5508078231292477
50	7.8000	15.8000	52	None	None	1	-3	2.8314200680272097
51	7.8000	15.8000	57	None	None	1	-1	2.7925170068027194
52	8.4000	17.0000	41	None	None	1	-5	1.2988945578231257
53	8.4000	17.0000	45	None	None	1	-4	1.2292233560090677
54	8.4000	17.0000	50	None	None	1	-2	1.3458333333333317
55	9.0000	18.2000	43	None	None	1	-5	1.7197335600907049
56	9.0000	18.2000	46	None	None	1	-4	1.6281377551020453
57	9.0000	18.2000	50	None	None	1	-3	6.342551020408151
58	9.0000	18.2000	55	None	None	1	-1	7.240510204081618
59	9.6000	19.6000	45	None	None	1	0	-1
60	9.6000	19.6000	50	None	None	1	0	-1
61	9.6000	19.6000	53	None	None	1	0	-1
62	10.0000	20.2000	45	None	None	1	0	-1
63	10.0000	20.2000	52	None	None	1	0	-1
64	10.0000	20.2000	55	None	None	1	0	-1
65	10.2000	21.0000	38	None	None	1	0	-1
66	10.2000	21.0000	50	None	None	1	-5	19.79455073696147
67	10.8000	10.9000	69	None	None	1	-1	17.894295634920656
68	10.9000	11.0000	65	None	None	1	-2	18.76393849206351
69	11.0000	11.1000	62	None	None	1	-1	11.520634920634935
70	11.1000	11.2000	57	None	None	1	-2	17.78983134920638
71	11.2000	11.3000	53	None	None	1	-1	15.643402777777805
72	11.3000	11.4000	50	None	None	1	-3	18.547420634920634
73	11.4000	12.0000	45	None	None	1	-5	20.94250992063493
74	12.0000	12.1000	69	None	None	1	-1	17.894295634920642
75	12.1000	12.2000	65	None	None	1	-2	18.763938492063495
76	12.2000	12.3000	62	None	None	1	-1	11.52063492063492
77	12.3000	12.4000	57	None	None	1	-2	17.789831349206345
78	12.4000	12.5000	53	None	None	1	-1	15.64340277777778
79	12.5000	12.6000	50	None	None	1	-3	20.388938492063506
80	12.6000	13.2000	45	None	None	1	-5	22.7840277777778
81	13.2000	13.3000	69	None	None	1	-1	19.735813492063517
82	13.3000	13.4000	65	None	None	1	-2	20.605456349206364
83	13.4000	13.5000	62	None	None	1	-1	13.362152777777782
84	13.5000	13.6000	57	None	None	1	-2	19.63134920634916
85	13.6000	13.7000	53	None	None	1	-1	14.096527777777728
86	13.7000	13.8000	50	None	None	1	-2	19.824206349206307
87	13.8000	14.4000	43	None	None	1	-5	22.784027777777734
88	14.4000	14.5000	67	None	None	1	-1	19.735813492063443
89	14.5000	14.6000	64	None	None	1	-2	19.9087797619047
90	14.6000	14.7000	60	None	None	1	-1	13.383155212842725
91	14.7000	14.8000	55	None	None	1	-2	14.87246572871575
92	14.8000	14.9000	52	None	None	1	-1	16.70088834776336
93	14.9000	15.0000	48	None	None	1	-2	19.49579951298703
94	15.0000	15.6000	41	None	None	1	-5	22.455620941558454
95	15.6000	15.7000	65	None	None	1	-1	20.026156655844176
96	15.7000	15.8000	62	None	None	1	-2	20.152743957431483
97	15.8000	15.9000	58	None	None	1	-3	20.82457386363639
98	15.9000	16.0000	53	None	None	1	-1	16.64203418109679
99	16.0000	16.1000	50	None	None	1	-2	17.806615259740365
100	16.1000	16.2000	46	None	None	1	-3	29.360867926716157
101	16.2000	16.8000	40	None	None	1	0	-1
102	16.8000	16.9000	64	None	None	1	0	-1
103	16.9000	17.0000	61	None	None	1	0	-1
104	17.0000	17.1000	57	None	None	1	0	-1
105	17.1000	17.2000	52	None	None	1	0	-1
106	17.2000	17.3000	49	None	None	1	0	-1
107	17.3000	17.4000	45	None	None	1	0	-1
108	17.4000	18.0000	34	None	None	1	0	-1
109	18.0000	36.2000	50	None	None	1	0	-1
110	18.0000	36.6000	62	None	None	1	0	-1
111	18.2000	18.4000	52	None	None	1	-5	19.786580086580067
112	18.4000	18.6000	53	None	None	1	-4	19.98009860509859
113	18.6000	37.4000	55	None	None	1	-3	20.281018518518493
114	18.6000	37.8000	67	None	None	1	-1	18.211739417989392
115	18.8000	19.0000	57	None	None	1	-2	14.838078703703667
116	19.0000	19.2000	58	None	None	1	-1	10.557126322751273
117	19.2000	38.6000	57	None	None	1	-5	5.216269841269859
118	19.2000	39.0000	67	None	None	1	-1	5.703323412698435
119	19.4000	19.8000	58	None	None	1	-4	4.50355489417991
120	19.8000	39.8000	57	None	None	1	-5	5.173412698412703
121	19.8000	40.2000	67	None	None	1	-1	5.379216269841276
122	20.0000	20.4000	58	None	None	1	-4	6.0553000240500285
123	20.4000	41.0000	57	None	None	1	-5	5.856688912938923
124	20.4000	41.4000	67	None	None	1	-1	7.0159128487253755
125	20.6000	21.0000	58	None	None	1	-4	10.614829846079854
126	21.0000	42.2000	57	None	None	1	-5	17.286506433381568
127	21.0000	42.6000	67	None	None	1	-1	18.445730369167997
128	21.2000	21.6000	58	None	None	1	-2	19.334273538961167
129	22.2000	22.3000	57	None	None	1	-1	22.7964488636365
130	22.3000	22.4000	52	None	None	1	-2	22.633353625541247
131	22.4000	22.5000	49	None	None	1	-3	23.159124729437355
132	22.5000	22.6000	45	None	None	1	-1	12.574303300865795
133	22.6000	22.7000	40	None	None	1	-2	11.985017586580094
134	22.7000	22.8000	37	None	None	1	-3	12.023437500000004
135	22.8000	23.4000	33	None	None	1	-5	13.098065476190476
136	23.4000	23.6000	57	None	None	1	-1	10.026636904761911
137	23.6000	23.8000	59	None	None	1	-2	5.9040178571428585
138	23.8000	24.0000	61	None	None	1	-1	5.635333994708983
139	24.0000	24.6000	50	None	None	1	-5	4.939649470899452
140	24.2000	24.4000	62	None	None	1	-1	4.606103552532121
141	24.4000	24.6000	60	None	None	1	-2	4.498197751322739
142	24.6000	49.6000	59	None	None	1	-3	4.4881117724867625
143	24.6000	49.4000	59	None	None	1	-2	3.4536961880711745
144	24.8000	25.2000	62	None	None	1	-1	7.053212181337173
145	25.0000	25.2000	57	None	None	1	-3	7.243688371813366
146	25.2000	25.6000	56	None	None	1	-4	7.868324615199617
147	25.4000	25.8000	64	None	None	1	-1	11.807610329485293
148	25.6000	25.8000	54	None	None	1	-3	11.472815957190916
149	25.8000	26.0000	52	None	None	1	-4	16.874932359307387
150	26.0000	26.2000	54	None	None	1	-3	17.660863095238124
151	26.2000	26.4000	56	None	None	1	-1	15.227232142857163
152	26.4000	27.0000	45	None	None	1	-5	15.749404761904769
153	27.0000	27.2000	57	None	None	1	-2	14.488690476190481
154	27.2000	27.4000	59	None	None	1	-1	13.869642857142873
155	27.4000	27.6000	61	None	None	1	-4	7.927744708994707
156	27.6000	28.2000	62	None	None	1	-3	7.272982804232806
157	27.8000	28.0000	74	None	None	1	-1	4.606103552532115
158	28.0000	28.2000	72	None	None	1	-2	4.498197751322731
159	28.2000	56.8000	71	None	None	1	-3	4.4881117724867625
160	28.2000	56.6000	71	None	None	1	-2	3.4536961880711887
161	28.4000	28.8000	74	None	None	1	-1	7.053212181337186
162	28.6000	28.8000	69	None	None	1	0	-1
163	28.8000	29.2000	68	None	None	1	0	-1
164	29.0000	29.4000	76	None	None	1	0	-1
165	29.2000	29.4000	66	None	None	1	0	-1
166	29.4000	29.6000	64	None	None	1	0	-1
167	29.6000	29.8000	66	None	None	1	0	-1
168	29.8000	30.0000	68	None	None	1	0	-1
169	30.0000	30.7389	57	None	None	1	-1	0.7011501210653759
170	31.5389	31.7389	41	None	None	1	-5	0.0
171	31.7389	31.9389	41	None	None	1	-4	0.15692640692640566
172	31.9389	32.1389	41	None	None	1	-4	0.15692640692640566
173	32.1389	32.3389	41	None	None	1	-4	0.15692640692640566
174	32.3389	32.5389	41	None	None	1	-3	0.9101190476190406
175	32.5389	32.7389	41	None	None	1	-3	0.9101190476190406
176	32.7389	32.9389	41	None	None	1	-3	0.9101190476190406
177	32.9389	33.1389	41	None	None	1	-3	0.9101190476190406
178	33.1389	33.3389	41	None	None	1	-3	0.9101190476190406
179	33.3389	33.5389	44	None	None	1	-2	0.7202380952380897
180	33.5389	33.7389	44	None	None	1	-2	0.7202380952380897
181	33.7389	33.9389	44	None	None	1	-2	0.7202380952380897
182	33.9389	34.1389	43	None	None	1	-1	0.0
183	34.1389	34.3389	43	None	None	1	-4	0.15692640692640694
184	34.3389	34.5389	43	None	None	1	-4	0.15692640692640694
185	34.5389	34.7389	43	None	None	1	-4	0.15692640692640694
186	34.7389	34.9389	43	None	None	1	-3	0.9101190476190422
187	34.9389	35.1389	43	None	None	1	-3	0.9101190476190422
188	35.1389	35.3389	43	None	None	1	-3	0.9101190476190422
189	35.3389	35.5389	43	None	None	1	-3	0.9101190476190422
190	35.5389	35.7389	43	None	None	1	-3	0.9101190476190422
191	35.7389	35.9389	46	None	None	1	-2	0.7202380952380897
192	35.9389	36.1389	46	None	None	1	-2	0.7202380952380897
193	36.1389	36.3389	46	None	None	1	-2	0.7202380952380897
194	36.3389	36.5389	45	None	None	1	-1	0.0
195	36.5389	36.7389	45	None	None	1	-2	0.03571428571428758
196	36.7389	36.9389	45	None	None	1	-2	0.03571428571428758
197	36.9389	37.1389	45	None	None	1	-2	0.03571428571428758
198	37.1389	37.3389	45	None	None	1	-4	0.8761904761904877
199	37.3389	37.5389	45	None	None	1	-4	0.8761904761904877
200	37.5389	37.7389	45	None	None	1	-5	1.2402447089947237
201	37.7389	37.9389	45	None	None	1	-5	1.3875661375661563
202	37.9389	38.1389	45	None	None	1	-5	1.4947089947090164
203	38.1389	38.3389	48	None	None	1	-4	0.8854166666666767
204	38.3389	38.5389	48	None	None	1	-4	0.9925595238095343
205	38.5389	38.7389	48	None	None	1	-4	1.1398809523809634
206	38.7389	38.9389	47	None	None	1	-5	0.8705357142857233
207	38.9389	78.0778	47	None	None	1	-5	1.017857142857156
208	38.9389	78.0778	57	None	None	1	-1	1.0178571428571583
209	39.1389	78.4778	47	None	None	1	-5	1.1086309523809637
210	39.1389	78.4778	57	None	None	1	-1	1.0014880952381036
211	39.3389	78.8778	47	None	None	1	-5	3.2946428571428994
212	39.3389	78.8778	57	None	None	1	-1	3.3348214285714715
213	39.5389	79.2778	47	None	None	1	-5	3.294642857142897
214	39.5389	79.2778	57	None	None	1	-1	3.3348214285714692
215	39.7389	79.6778	47	None	None	1	-5	3.2946428571428914
216	39.7389	79.6778	57	None	None	1	-2	2.352017195767211
217	39.9389	40.1389	52	None	None	1	-4	2.0372023809524027
218	40.1389	80.4778	52	None	None	1	-5	1.0178571428571441
219	40.1389	80.4778	62	None	None	1	-1	1.0178571428571415
220	40.3389	80.8778	52	None	None	1	-5	1.108630952380953
221	40.3389	80.8778	62	None	None	1	-1	1.0014880952380982
222	40.5389	81.2778	52	None	None	1	-5	3.2946428571428394
223	40.5389	81.2778	62	None	None	1	-1	3.3348214285714137
224	40.7389	81.6778	52	None	None	1	-5	3.2946428571428363
225	40.7389	81.6778	62	None	None	1	-1	3.3348214285714115
226	40.9389	82.0778	52	None	None	1	-5	3.2946428571428394
227	40.9389	82.0778	62	None	None	1	-2	2.3520171957671945
228	41.1389	41.3389	57	None	None	1	-4	2.0372023809523676
229	41.3389	82.8778	57	None	None	1	-5	1.0178571428571448
230	41.3389	82.8778	67	None	None	1	-1	1.0178571428571475
231	41.5389	83.2778	57	None	None	1	-5	1.108630952380956
232	41.5389	83.2778	67	None	None	1	-1	1.6824404761904739
233	41.7389	83.6778	57	None	None	1	-5	2.9279761904761767
234	41.7389	83.6778	67	None	None	1	-1	3.403240740740721
235	41.9389	84.0778	57	None	None	1	-5	14.727083333333225
236	41.9389	84.0778	67	None	None	1	-1	15.61994047619036
237	42.1389	84.4778	57	None	None	1	0	-1
238	42.1389	84.4778	67	None	None	1	0	-1
239	42.3389	84.8778	62	None	None	1	0	-1
240	42.3389	84.8778	65	None	None	1	0	-1
241	42.5389	42.7389	64	None	None	1	0	-1
242	42.7389	42.9389	65	None	None	1	0	-1
243	42.9389	86.0778	40	None	None	1	0	-1
244	42.9389	86.0778	52	None	None	1	-5	33.9946428571432
245	43.1389	43.3389	72	None	None	1	-1	29.530357142857422
246	43.3389	43.5389	74	None	None	1	0	-1
247	43.5389	43.7389	76	None	None	1	0	-1
248	43.7389	87.6778	36	None	None	1	0	-1
249	43.7389	87.6778	48	None	None	1	0	-1
250	43.9389	88.0778	38	None	None	1	0	-1
251	43.9389	88.0778	50	None	None	1	0	-1
252	44.1389	88.4778	40	None	None	1	0	-1
253	44.1389	88.4778	52	None	None	1	-5	33.99464285714259
254	44.3389	44.5389	72	None	None	1	-1	29.53035714285692
255	44.5389	44.7389	74	None	None	1	0	-1
256	44.7389	44.9389	76	None	None	1	0	-1
257	44.9389	90.0778	36	None	None	1	0	-1
258	44.9389	90.0778	48	None	None	1	0	-1
259	45.1389	90.4778	38	None	None	1	0	-1
260	45.1389	90.4778	50	None	None	1	0	-1
261	45.3389	90.8778	40	None	None	1	0	-1
262	45.3389	90.8778	52	None	None	1	0	-1
263	45.5389	45.7389	72	None	None	1	0	-1
264	45.7389	45.9389	74	None	None	1	0	-1
265	45.9389	46.1389	76	None	None	1	0	-1
266	46.1389	46.3389	45	None	None	1	0	-1
267	46.3389	46.5389	41	None	None	1	0	-1
268	46.5389	46.7389	40	None	None	1	0	-1
269	46.7389	46.9389	72	None	None	1	0	-1
270	46.9389	47.1389	74	None	None	1	0	-1
271	47.1389	47.3389	76	None	None	1	0	-1
272	47.3389	47.5389	45	None	None	1	-2	13.028514739228978
273	47.5389	47.7389	41	None	None	1	-4	14.822949735449665
274	47.7389	47.9389	40	None	None	1	-5	15.821461640211549
275	47.9389	48.1389	64	None	None	1	-1	12.232175925925867
276	48.1389	48.3389	56	None	None	1	-4	12.466798941798885
277	48.3389	48.5389	57	None	None	1	-3	12.020370370370314
278	48.5389	48.7389	59	None	None	1	-2	12.020370370370317
279	48.7389	48.9389	60	None	None	1	-1	12.020370370370296
280	48.9389	49.1389	62	None	None	1	-2	9.034656084656033
281	49.1389	49.3389	64	None	None	1	-1	11.838227513227405
282	49.3389	49.5389	52	None	None	1	-2	7.900727513227448
283	49.5389	49.7389	45	None	None	1	-5	15.720370370370336
284	49.7389	49.9389	47	None	None	1	-4	16.07448979591833
285	49.9389	50.1389	48	None	None	1	-3	16.331037414965945
286	50.1389	50.3389	50	None	None	1	-2	17.356037414965932
287	50.3389	50.5389	52	None	None	1	-1	16.622571806500332
288	50.5389	50.7389	40	None	None	1	-2	11.796381330309902
289	50.7389	102.0778	33	None	None	1	-5	12.213792044595623
290	50.7389	102.0778	45	None	None	1	-2	9.452515589569197
291	51.3389	102.8778	69	None	None	1	-2	3.6709679705215263
292	51.3389	102.8778	73	None	None	1	-1	3.080406746031734
293	51.5389	103.2778	69	None	None	1	-4	1.598892195767199
294	51.5389	103.2778	73	None	None	1	-2	1.598892195767196
295	51.7389	103.6778	69	None	None	1	-4	1.5734292328042365
296	51.7389	103.6778	73	None	None	1	-2	1.725843253968252
297	51.9389	104.0778	67	None	None	1	-5	1.3215277777777648
298	51.9389	104.0778	70	None	None	1	-4	1.4797619047618882
299	51.9389	104.0778	74	None	None	1	-2	1.4797619047618915
300	52.1389	104.4778	67	None	None	1	-5	1.5052248677248483
301	52.1389	104.4778	70	None	None	1	-4	1.3528108465608264
302	52.1389	104.4778	74	None	None	1	-2	1.3651785714285574
303	52.3389	104.8778	67	None	None	1	-5	1.3782738095237947
304	52.3389	104.8778	70	None	None	1	-4	1.6301752645502607
305	52.3389	104.8778	74	None	None	1	-2	1.7825892857142884
306	52.5389	105.2778	69	None	None	1	-4	1.4719411375661395
307	52.5389	105.2778	73	None	None	1	-2	1.4588458994709053
308	52.7389	105.6778	69	None	None	1	-4	1.598892195767196
309	52.7389	105.6778	73	None	None	1	-2	1.59889219576719
310	52.9389	106.0778	69	None	None	1	-4	1.5734292328042279
311	52.9389	106.0778	73	None	None	1	-2	1.7258432539682413
312	53.1389	106.4778	67	None	None	1	-5	1.3215277777777537
313	53.1389	106.4778	70	None	None	1	-4	1.156018518518497
314	53.1389	106.4778	74	None	None	1	-2	1.3084325396825158
315	53.3389	106.8778	67	None	None	1	-5	1.7729888167387884
316	53.3389	106.8778	70	None	None	1	-4	2.0645006613756354
317	53.3389	106.8778	74	None	None	1	-2	2.216914682539663
318	53.5389	107.2778	67	None	None	1	-3	2.1529761904761844
319	53.5389	107.2778	70	None	None	1	-2	2.1714285714285713
320	53.5389	107.2778	74	None	None	1	-1	1.879166666666669
321	53.7389	107.6778	67	None	None	1	-3	1.3434523809523962
322	53.7389	107.6778	70	None	None	1	-2	1.3619047619047786
323	53.7389	107.6778	73	None	None	1	-1	1.4327380952381041
324	53.9389	108.0778	67	None	None	1	-3	1.63511904761905
325	53.9389	108.0778	70	None	None	1	-2	1.6833333333333353
326	53.9389	108.0778	73	None	None	1	-1	1.754166666666658
327	54.1389	108.4778	67	None	None	1	-3	1.9565476190476039
328	54.1389	108.4778	70	None	None	1	-2	2.004761904761889
329	54.1389	108.4778	73	None	None	1	-1	2.075595238095212
330	54.3389	108.8778	67	None	None	1	-4	1.8843374218374083
331	54.3389	108.8778	70	None	None	1	-3	1.825625300625296
332	54.3389	108.8778	72	None	None	1	-2	1.8994678932178952
333	54.5389	109.2778	67	None	None	1	-4	1.5888197450697523
334	54.5389	109.2778	70	None	None	1	-3	1.53010762385764
335	54.5389	109.2778	72	None	None	1	-2	1.6039502164502393
336	54.7389	109.6778	67	None	None	1	-4	1.2933020683020964
337	54.7389	109.6778	70	None	None	1	-3	1.2345899470899817
338	54.7389	109.6778	72	None	None	1	-2	1.308432539682575
339	54.9389	110.0778	65	None	None	1	-5	1.321527777777807
340	54.9389	110.0778	68	None	None	1	-4	1.4797619047619224
341	54.9389	110.0778	72	None	None	1	-2	1.9708333333333448
342	55.1389	110.4778	65	None	None	1	-5	2.4916666666666654
343	55.1389	110.4778	68	None	None	1	-4	2.8805886243386123
344	55.1389	110.4778	72	None	None	1	-1	2.498214285714243
345	55.3389	110.8778	65	None	None	1	-3	1.8791666666666271
346	55.3389	110.8778	68	None	None	1	-2	3.1232683982683813
347	55.3389	110.8778	72	None	None	1	-1	3.8131493506493577
348	55.5389	111.2778	67	None	None	1	-2	3.648863636363668
349	55.5389	111.2778	71	None	None	1	-1	3.8025432900433227
350	55.7389	111.6778	67	None	None	1	-5	3.636460695389276
351	55.7389	111.6778	71	None	None	1	-3	3.390032123960703
352	55.9389	112.0778	67	None	None	1	-5	3.373663076341633
353	55.9389	112.0778	71	None	None	1	-4	2.7182397959183424
354	56.1389	112.4778	68	None	None	1	-5	2.680357142857113
355	56.1389	112.4778	72	None	None	1	-3	2.677380952380924
356	56.1389	112.4778	74	None	None	1	-2	2.9238095238094894
357	56.3389	112.8778	68	None	None	1	-5	2.8681547619047354
358	56.3389	112.8778	72	None	None	1	-3	2.865178571428551
359	56.3389	112.8778	74	None	None	1	-2	3.1116071428571366
360	56.5389	113.2778	68	None	None	1	-5	3.055952380952399
361	56.5389	113.2778	72	None	None	1	-3	3.0529761904762145
362	56.5389	113.2778	74	None	None	1	-2	3.2994047619047997
363	56.7389	113.6778	67	None	None	1	-4	3.165608465608502
364	56.7389	113.6778	71	None	None	1	-2	3.1888888888889237
365	56.7389	113.6778	74	None	None	1	-1	3.4203703703704034
366	56.9389	114.0778	67	None	None	1	-4	3.0328042328042573
367	56.9389	114.0778	71	None	None	1	-2	2.6685185185185327
368	56.9389	114.0778	74	None	None	1	-1	2.870899470899483
369	57.1389	114.4778	67	None	None	1	-4	2.4833333333333365
370	57.1389	114.4778	71	None	None	1	-2	2.0703463203463155
371	57.1389	114.4778	74	None	None	1	-1	2.242965367965363
372	57.3389	114.8778	67	None	None	1	-3	1.7775974025974062
373	57.3389	114.8778	72	None	None	1	-1	1.7478354978355037
374	57.5389	115.2778	67	None	None	1	-3	1.6991341991342022
375	57.5389	115.2778	72	None	None	1	-1	1.669372294372295
376	57.7389	115.6778	67	None	None	1	-3	1.669372294372295
377	57.7389	115.6778	72	None	None	1	-1	1.669372294372295
378	57.9389	116.0778	66	None	None	1	-3	1.7180735930735918
379	57.9389	116.0778	72	None	None	1	-1	1.747835497835494
380	58.1389	116.4778	66	None	None	1	-3	1.796536796536796
381	58.1389	116.4778	72	None	None	1	-1	1.8262987012987042
382	58.3389	116.8778	66	None	None	1	-3	1.8262987012987089
383	58.3389	116.8778	72	None	None	1	-1	1.8262987012987137
384	58.5389	117.2778	67	None	None	1	-3	1.7775974025974126
385	58.5389	117.2778	72	None	None	1	-1	1.7478354978355053
386	58.7389	117.6778	67	None	None	1	-3	1.6991341991342042
387	58.7389	117.6778	72	None	None	1	-1	1.6693722943722968
388	58.9389	118.0778	67	None	None	1	-3	2.056938431938423
389	58.9389	118.0778	72	None	None	1	-1	2.3307479557479365
390	59.1389	118.4778	66	None	None	1	-3	2.7670153920153795
391	59.1389	118.4778	72	None	None	1	-1	2.825877825877817
392	59.3389	118.8778	66	None	None	1	-5	2.656547619047619
393	59.3389	118.8778	72	None	None	1	-2	2.7916666666666763
394	59.5389	119.2778	66	None	None	1	-5	2.5297619047619286
395	59.5389	119.2778	72	None	None	1	-2	2.209253246753271
396	59.7389	119.6778	65	None	None	1	-5	2.3009199134199307
397	59.7389	119.6778	72	None	None	1	-2	2.3205627705627885
398	59.9389	120.0778	65	None	None	1	-5	2.3143398268398343
399	59.9389	120.0778	71	None	None	1	-3	2.158982683982681
400	60.1389	120.4778	65	None	None	1	-5	1.7824945887445816
401	60.1389	120.4778	69	None	None	1	-3	1.3268668831168666
402	60.3389	120.8778	64	None	None	1	-5	1.04204545454543
403	60.3389	120.8778	68	None	None	1	-3	1.3720117845117723
404	60.3389	120.8778	71	None	None	1	-2	1.7845117845117806
405	60.5389	121.2778	64	None	None	1	-5	2.305345117845124
406	60.5389	121.2778	68	None	None	1	-2	2.6905423280423344
407	60.5389	121.2778	71	None	None	1	-1	2.319113756613763
408	60.7389	121.6778	64	None	None	1	-4	1.7291666666666807
409	60.7389	121.6778	68	None	None	1	-2	1.855952380952396
410	60.7389	121.6778	71	None	None	1	-1	2.126190476190488
411	60.9389	122.0778	65	None	None	1	-2	1.9619047619047538
412	60.9389	122.0778	69	None	None	1	-1	2.1642857142856986
413	61.1389	122.4778	65	None	None	1	-2	2.8059523809523608
414	61.1389	122.4778	69	None	None	1	-1	3.627380952380922
415	61.3389	122.8778	65	None	None	1	-5	3.6352843915343795
416	61.3389	122.8778	69	None	None	1	-3	3.6900462962962983
417	61.5389	123.2778	64	None	None	1	-5	3.5332010582010667
418	61.5389	123.2778	67	None	None	1	-4	3.037731481481498
419	61.5389	123.2778	69	None	None	1	-3	3.10916005291008
420	61.7389	123.6778	64	None	None	1	-5	2.824338624338648
421	61.7389	123.6778	67	None	None	1	-4	2.94270833333335
422	61.7389	123.6778	69	None	None	1	-3	3.0141369047619238
423	61.9389	124.0778	64	None	None	1	-5	2.729315476190475
424	61.9389	124.0778	67	None	None	1	-3	2.8937499999999865
425	61.9389	124.0778	69	None	None	1	-2	2.9377976190476005
426	62.1389	124.4778	62	None	None	1	-5	3.0294642857142575
427	62.1389	124.4778	67	None	None	1	-3	4.5783588435373614
428	62.1389	124.4778	70	None	None	1	-2	4.800977891156403
429	62.3389	124.8778	62	None	None	1	-5	4.769281462584979
430	62.3389	124.8778	67	None	None	1	-3	4.7008621504156665
431	62.3389	124.8778	70	None	None	1	-1	5.109689153439145
432	62.5389	125.2778	62	None	None	1	-5	5.526903817082372
433	62.5389	125.2778	67	None	None	1	-3	5.281698790627349
434	62.5389	125.2778	70	None	None	1	-1	5.1088624338624475
435	62.7389	125.6778	61	None	None	1	-5	4.925661375661413
436	62.7389	125.6778	67	None	None	1	-3	4.619557823129321
437	62.7389	125.6778	69	None	None	1	-2	4.865986394557893
438	62.9389	126.0778	61	None	None	1	-5	4.361408730158762
439	62.9389	126.0778	67	None	None	1	-3	3.8362670068027587
440	62.9389	126.0778	69	None	None	1	-2	4.0826955782313235
441	63.1389	126.4778	61	None	None	1	-5	3.7464285714285785
442	63.1389	126.4778	67	None	None	1	-3	3.052976190476188
443	63.1389	126.4778	69	None	None	1	-2	3.2994047619047535
444	63.3389	126.8778	62	None	None	1	-4	3.1656084656084427
445	63.3389	126.8778	65	None	None	1	-2	3.6505999622071377
446	63.3389	126.8778	69	None	None	1	-1	3.7160761526833253
447	63.5389	127.2778	62	None	None	1	-4	3.328510015117205
448	63.5389	127.2778	65	None	None	1	-2	3.3925831443688974
449	63.5389	127.2778	69	None	None	1	-1	3.458059334845081
450	63.7389	127.6778	62	None	None	1	-4	3.070493197278949
451	63.7389	127.6778	65	None	None	1	-2	3.134566326530642
452	63.7389	127.6778	69	None	None	1	-1	3.2000425170068256
453	63.9389	128.0778	58	None	None	1	-5	2.3507653061224203
454	63.9389	128.0778	62	None	None	1	-3	4.852253401360494
455	63.9389	128.0778	67	None	None	1	-1	5.161777210884287
456	64.1389	128.4778	58	None	None	1	-5	4.733418367346879
457	64.1389	128.4778	62	None	None	1	-3	5.097836356764871
458	64.1389	128.4778	67	None	None	1	-1	5.462122071050579
459	64.3389	128.8778	58	None	None	1	-5	5.05042989417984
460	64.3389	128.8778	62	None	None	1	-3	5.414847883597855
461	64.3389	128.8778	67	None	None	1	-1	5.779133597883591
462	64.5389	129.2778	53	None	None	1	-5	3.4312169312169556
463	64.5389	129.2778	57	None	None	1	-3	3.5092592592592844
464	64.5389	129.2778	62	None	None	1	-1	3.7162698412699124
465	64.7389	129.6778	53	None	None	1	-5	3.484126984127007
466	64.7389	129.6778	57	None	None	1	-3	3.708333333333409
467	64.7389	129.6778	62	None	None	1	-1	3.4702380952381766
468	64.9389	130.0778	53	None	None	1	-5	3.182142857142929
469	64.9389	130.0778	57	None	None	1	-4	3.794576719576747
470	64.9389	130.0778	62	None	None	1	-2	5.2496031746031715
471	65.1389	130.4778	55	None	None	1	-5	5.681746031746027
472	65.1389	130.4778	62	None	None	1	-2	5.77579365079364
473	65.3389	65.5389	57	None	None	1	-4	9.962466931216884
474	65.5389	65.7389	58	None	None	1	-3	9.307705026454983
475	65.7389	65.9389	58	None	None	1	-4	7.525297619047594
476	65.9389	66.1389	59	None	None	1	-3	6.91220238095233
477	66.1389	66.3389	61	None	None	1	-2	7.665178571428511
478	66.3389	66.5389	62	None	None	1	-1	6.635416666666615
479	66.5389	66.7389	58	None	None	1	-2	7.3883928571427955
480	66.7389	66.9389	55	None	None	1	-1	2.7901785714285583
481	66.9389	67.5389	45	None	None	1	-5	2.880952380952357
482	67.9389	68.1389	45	None	None	1	-5	3.981316137566101
483	68.1389	68.7389	45	None	None	1	-5	4.046792328042289
484	68.3389	68.5389	55	None	None	1	-1	5.027021919879019
485	68.5389	68.7389	53	None	None	1	-2	6.501542207792148
486	68.7389	137.8778	52	None	None	1	-3	6.50154220779216
487	68.7389	137.6778	52	None	None	1	-2	5.40808982683979
488	68.9389	69.3389	55	None	None	1	-1	8.539786255411183
489	69.1389	69.3389	50	None	None	1	-3	9.548444264069195
490	69.3389	69.7389	49	None	None	1	-4	8.448080507455453
491	69.5389	69.9389	57	None	None	1	-1	13.739747174122073
492	69.7389	69.9389	46	None	None	1	-2	10.698390151515133
493	69.9389	70.1389	45	None	None	1	-3	10.251961580086562
494	70.1389	70.3389	47	None	None	1	-2	11.234104437229394
495	70.3389	70.5389	49	None	None	1	-1	9.900771103896068
496	70.5389	71.1389	38	None	None	1	-5	9.377705627705598
497	71.5389	71.7389	57	None	None	1	-1	9.231316137566097
498	71.7389	72.3389	57	None	None	1	-5	4.046792328042334
499	71.9389	72.1389	67	None	None	1	-1	5.02702191987907
500	72.1389	72.3389	65	None	None	1	-2	6.501542207792151
501	72.3389	145.0778	64	None	None	1	-3	6.5015422077921565
502	72.3389	144.8778	64	None	None	1	-2	5.40808982683979
503	72.5389	72.9389	67	None	None	1	-1	8.53978625541134
504	72.7389	72.9389	62	None	None	1	0	-1
505	72.9389	73.3389	61	None	None	1	0	-1
506	73.1389	73.5389	69	None	None	1	0	-1
507	73.3389	73.5389	58	None	None	1	0	-1
508	73.5389	73.7389	57	None	None	1	0	-1
509	73.7389	73.9389	59	None	None	1	0	-1
510	73.9389	74.1389	61	None	None	1	0	-1
511	74.1389	74.8778	50	None	None	1	-1	9.034236999884772
512	75.6778	151.5556	34	None	None	1	-5	7.8720742534302595
513	75.6778	151.9556	46	None	None	1	-1	10.28690476190481
514	75.8778	76.0778	34	None	None	1	-5	10.595238095238134
515	76.0778	76.2778	34	None	None	1	-5	10.595238095238134
516	76.2778	152.7556	34	None	None	1	-5	11.093073593073628
517	76.2778	153.1556	46	None	None	1	-1	15.429894179894017
518	76.4778	76.6778	34	None	None	1	-5	15.429894179894019
519	76.6778	76.8778	34	None	None	1	-5	15.429894179894019
520	76.8778	153.9556	34	None	None	1	-5	17.37620250120232
521	76.8778	154.3556	46	None	None	1	-1	15.432787698412548
522	77.0778	77.2778	34	None	None	1	-5	14.843501984126906
523	77.2778	77.4778	34	None	None	1	-5	14.843501984126906
524	77.4778	155.1556	37	None	None	1	-4	13.89773478835972
525	77.4778	155.5556	49	None	None	1	-1	7.675512566137559
526	77.6778	77.8778	37	None	None	1	-4	5.740327380952395
527	77.8778	78.0778	37	None	None	1	-4	5.740327380952395
528	78.0778	156.3556	36	None	None	1	-5	4.750000000000021
529	78.0778	156.7556	48	None	None	1	-1	4.750000000000068
530	78.2778	78.4778	36	None	None	1	-5	4.7500000000000036
531	78.4778	78.6778	36	None	None	1	-5	4.7500000000000036
532	78.6778	157.5556	36	None	None	1	-5	5.013723544973546
533	78.6778	157.9556	48	None	None	1	-1	11.235945767195709
534	78.8778	79.0778	36	None	None	1	-5	11.825231481481417
535	79.0778	79.2778	36	None	None	1	-5	11.825231481481417
536	79.2778	158.7556	36	None	None	1	-5	13.771539802789718
537	79.2778	159.1556	48	None	None	1	-1	14.161458333333197
538	79.4778	79.6778	36	None	None	1	-5	14.161458333333197
539	79.6778	79.8778	36	None	None	1	-5	14.161458333333197
540	79.8778	159.9556	39	None	None	1	-4	13.897734788359653
541	79.8778	160.3556	51	None	None	1	-1	7.675512566137492
542	80.0778	80.2778	39	None	None	1	-4	5.740327380952391
543	80.2778	80.4778	39	None	None	1	-4	5.740327380952391
544	80.4778	161.1556	38	None	None	1	-5	4.750000000000021
545	80.4778	161.5556	50	None	None	1	-1	4.750000000000021
546	80.6778	80.8778	38	None	None	1	-5	4.750000000000021
547	80.8778	81.0778	38	None	None	1	-5	4.750000000000021
548	81.0778	162.3556	38	None	None	1	-5	5.297619047619091
549	81.0778	162.7556	50	None	None	1	-1	6.6732804232805645
550	81.2778	81.4778	38	None	None	1	-5	6.6732804232805005
551	81.4778	81.6778	38	None	None	1	-5	6.6732804232805005
552	81.6778	163.5556	38	None	None	1	-5	8.322916666666728
553	81.6778	163.9556	50	None	None	1	-1	8.322916666666728
554	81.8778	82.0778	38	None	None	1	-5	8.322916666666728
555	82.0778	82.2778	38	None	None	1	-5	9.32291666666672
556	82.2778	164.7556	41	None	None	1	-4	9.941302910052986
557	82.2778	165.1556	53	None	None	1	-1	8.774636243386276
558	82.4778	82.6778	41	None	None	1	-4	9.043154761904791
559	82.6778	82.8778	41	None	None	1	-4	11.68839285714286
560	82.8778	165.9556	40	None	None	1	-5	11.347619047619055
561	82.8778	165.9556	52	None	None	1	-1	10.494940476190493
562	83.0778	166.3556	40	None	None	1	-5	9.198511904761931
563	83.0778	166.3556	52	None	None	1	-1	8.234226190476226
564	83.2778	166.7556	40	None	None	1	-5	7.006547619047603
565	83.2778	166.7556	52	None	None	1	-2	4.335119047619005
566	83.4778	167.1556	52	None	None	1	-5	0.637499999999993
567	83.4778	167.1556	59	None	None	1	-2	5.616964285714238
568	83.4778	167.1556	62	None	None	1	-1	6.581249999999942
569	83.6778	167.5556	52	None	None	1	-5	7.808928571428566
570	83.6778	167.5556	59	None	None	1	-2	8.730357142857178
571	83.6778	167.5556	62	None	None	1	-1	10.06964285714288
572	83.8778	167.9556	52	None	None	1	-5	10.922321428571442
573	83.8778	167.9556	59	None	None	1	-2	13.760416666666655
574	83.8778	167.9556	62	None	None	1	-1	16.369940476190436
575	84.0778	168.3556	45	None	None	1	-5	11.34761904761905
576	84.0778	168.3556	57	None	None	1	-1	10.49494047619049
577	84.2778	168.7556	45	None	None	1	-5	9.198511904761864
578	84.2778	168.7556	57	None	None	1	-1	8.234226190476111
579	84.4778	169.1556	45	None	None	1	-5	7.006547619047551
580	84.4778	169.1556	57	None	None	1	-2	4.335119047619002
581	84.6778	169.5556	57	None	None	1	-5	0.637499999999993
582	84.6778	169.5556	64	None	None	1	-2	0.7970238095238169
583	84.6778	169.5556	67	None	None	1	-1	1.4160714285714595
584	84.8778	169.9556	57	None	None	1	-5	1.5068452380952628
585	84.8778	169.9556	64	None	None	1	-2	2.1092261904762166
586	84.8778	169.9556	67	None	None	1	-1	2.3473214285714485
587	85.0778	170.3556	57	None	None	1	-5	2.8809523809523983
588	85.0778	170.3556	64	None	None	1	-2	5.468154761904762
589	85.0778	170.3556	67	None	None	1	-1	6.432440476190466
590	85.2778	170.7556	62	None	None	1	-5	5.870767195767158
591	85.2778	170.7556	69	None	None	1	-1	5.7940476190475705
592	85.4778	171.1556	64	None	None	1	-2	5.537882653061204
593	85.4778	171.1556	67	None	None	1	-1	5.841454081632642
594	85.6778	171.5556	65	None	None	1	-2	6.131613756613811
595	85.6778	171.5556	69	None	None	1	-1	7.196263227513276
596	85.8778	171.9556	55	None	None	1	-5	12.25393518518518
597	85.8778	171.9556	67	None	None	1	-1	21.47716149591161
598	86.0778	172.3556	57	None	None	1	-5	22.7197585978837
599	86.0778	172.3556	67	None	None	1	0	-1
600	86.2778	172.7556	58	None	None	1	0	-1
601	86.2778	172.7556	67	None	None	1	0	-1
602	86.4778	86.6778	57	None	None	1	0	-1
603	86.6778	86.8778	58	None	None	1	0	-1
604	86.8778	87.0778	46	None	None	1	0	-1
605	87.0778	174.3556	45	None	None	1	0	-1
606	87.0778	174.3556	57	None	None	1	-5	36.543749999999925
607	87.2778	87.4778	77	None	None	1	-1	31.226785714285437
608	87.4778	87.6778	79	None	None	1	-2	27.866071428571228
609	87.6778	175.5556	69	None	None	1	0	-1
610	87.6778	175.5556	81	None	None	1	0	-1
611	87.8778	175.9556	41	None	None	1	0	-1
612	87.8778	175.9556	53	None	None	1	0	-1
613	88.0778	176.3556	43	None	None	1	0	-1
614	88.0778	176.3556	55	None	None	1	0	-1
615	88.2778	176.7556	45	None	None	1	0	-1
616	88.2778	176.7556	57	None	None	1	-5	36.54374999999972
617	88.4778	88.6778	77	None	None	1	-1	31.226785714285484
618	88.6778	88.8778	79	None	None	1	-2	27.866071428571225
619	88.8778	177.9556	69	None	None	1	0	-1
620	88.8778	177.9556	81	None	None	1	0	-1
621	89.0778	178.3556	41	None	None	1	0	-1
622	89.0778	178.3556	53	None	None	1	0	-1
623	89.2778	178.7556	43	None	None	1	0	-1
624	89.2778	178.7556	55	None	None	1	0	-1
625	89.4778	179.1556	45	None	None	1	0	-1
626	89.4778	179.1556	57	None	None	1	-5	46.8263818027218
627	89.6778	89.8778	77	None	None	1	-1	42.36209608843613
628	89.8778	90.0778	79	None	None	1	0	-1
629	90.0778	90.2778	81	None	None	1	0	-1
630	90.2778	180.7556	38	None	None	1	0	-1
631	90.2778	180.7556	50	None	None	1	0	-1
632	90.4778	181.1556	34	None	None	1	0	-1
633	90.4778	181.1556	46	None	None	1	0	-1
634	90.6778	181.5556	33	None	None	1	0	-1
635	90.6778	181.5556	45	None	None	1	-5	53.07638180272063
636	90.8778	91.0778	77	None	None	1	-1	42.36209608843501
637	91.0778	91.2778	79	None	None	1	0	-1
638	91.2778	91.4778	81	None	None	1	0	-1
639	91.4778	183.1556	38	None	None	1	0	-1
640	91.4778	183.1556	50	None	None	1	0	-1
641	91.6778	183.5556	34	None	None	1	0	-1
642	91.6778	183.5556	46	None	None	1	0	-1
643	91.8778	183.9556	33	None	None	1	0	-1
644	91.8778	183.9556	45	None	None	1	-5	15.821461640211549
645	92.0778	92.2778	69	None	None	1	-1	12.232175925925862
646	92.2778	92.4778	61	None	None	1	-4	13.132142857142782
647	92.4778	92.6778	62	None	None	1	-3	13.968783068782988
648	92.6778	92.8778	64	None	None	1	-2	13.941402116402033
649	92.8778	93.0778	65	None	None	1	-1	13.385449735449669
650	93.0778	93.2778	67	None	None	1	-2	9.88187830687827
651	93.2778	93.4778	69	None	None	1	-1	10.399735449735369
652	93.4778	93.6778	57	None	None	1	-3	10.727116402116312
653	93.6778	187.5556	50	None	None	1	-5	10.02473544973537
654	93.6778	187.5556	62	None	None	1	-1	10.581613756613669
655	93.8778	94.0778	52	None	None	1	-4	9.298544973544908
656	94.0778	94.2778	53	None	None	1	-3	9.325925925925858
657	94.2778	94.4778	55	None	None	1	-2	9.881878306878225
658	94.4778	94.6778	57	None	None	1	-1	10.39973544973536
659	94.6778	94.8778	45	None	None	1	-2	9.122949735449662
660	94.8778	189.9556	38	None	None	1	-5	9.122949735449662
661	94.8778	189.9556	50	None	None	1	-1	9.122949735449662
662	95.0778	95.2778	40	None	None	1	-4	9.122949735449662
663	95.2778	95.4778	41	None	None	1	-3	9.122949735449662
664	95.4778	95.6778	43	None	None	1	-2	9.122949735449662
665	95.6778	95.8778	45	None	None	1	-1	9.122949735449662
666	95.8778	96.0778	33	None	None	1	-3	9.122949735449662
667	96.0778	192.7556	26	None	None	1	-5	9.122949735449662
668	96.0778	192.7556	38	None	None	1	0	9.122949735449662
