0	1.5000	2.0000	52	None	None	1	-5	3.2985588972431095
1	2.0000	2.3750	57	None	None	1	-3	3.125939849624063
2	2.3750	2.5000	59	None	None	1	-2	3.7438775510204136
3	2.5000	3.0000	60	None	None	1	-1	2.8357142857142894
4	3.0000	3.5000	59	None	None	1	-3	2.1172052154195016
5	3.5000	4.0000	60	None	None	1	-2	8.808588435374157
6	4.0000	4.5000	57	None	None	1	-3	8.577914347557213
7	4.5000	5.0000	64	None	None	1	-1	8.41328849721708
8	5.0000	5.5000	64	None	None	1	-1	9.209206864564019
9	5.5000	5.7500	64	None	None	1	-1	10.667540197897353
10	5.7500	6.0000	62	None	None	1	-2	10.501043599257892
11	6.0000	6.2500	60	None	None	1	-3	10.593730674087826
12	6.2500	6.5000	59	None	None	1	-1	6.036247680890542
13	6.5000	13.0000	45	None	None	1	-5	3.8649041434755707
14	6.5000	13.0000	49	None	None	1	-4	3.4770408163265265
15	6.5000	13.0000	52	None	None	1	-3	3.9707482993197227
16	6.5000	13.5000	57	None	None	1	-2	3.251785714285708
17	7.0000	7.5000	57	None	None	1	-3	3.0089285714285645
18	7.5000	8.0000	57	None	None	1	-2	2.38511904761904
19	8.0000	16.5000	56	None	None	1	-3	2.3705687830687756
20	8.0000	16.0000	60	None	None	1	-2	2.686309523809517
21	8.0000	16.0000	63	None	None	1	-1	2.9541666666666657
22	8.5000	9.0000	56	None	None	1	-3	2.997023809523809
23	9.0000	9.5000	56	None	None	1	-2	2.4148809523809533
24	9.5000	19.5000	55	None	None	1	-3	2.3523809523809525
25	9.5000	19.0000	59	None	None	1	-2	2.6535714285714294
26	9.5000	19.0000	62	None	None	1	-1	2.9958333333333327
27	10.0000	10.5000	55	None	None	1	-3	3.008928571428571
28	10.5000	11.0000	55	None	None	1	-2	2.3851190476190487
29	11.0000	22.5000	54	None	None	1	-3	2.3705687830687845
30	11.0000	22.0000	58	None	None	1	-2	2.686309523809526
31	11.0000	22.0000	61	None	None	1	-1	2.7636904761904764
32	11.5000	12.0000	54	None	None	1	-3	3.052083333333333
33	12.0000	12.5000	54	None	None	1	-2	2.615773809523809
34	12.5000	25.5000	53	None	None	1	-3	2.5684854497354515
35	12.5000	25.0000	57	None	None	1	-2	2.8842261904761886
36	12.5000	25.0000	60	None	None	1	-1	3.0032738095238063
37	13.0000	13.5000	53	None	None	1	-3	3.2619047619047596
38	13.5000	14.0000	53	None	None	1	-2	2.8255952380952367
39	14.0000	28.5000	52	None	None	1	-3	3.0015211640211623
40	14.0000	28.0000	56	None	None	1	-2	3.0717261904761886
41	14.0000	28.0000	59	None	None	1	-1	3.2949404761904737
42	14.5000	15.0000	52	None	None	1	-3	3.655059523809523
43	15.0000	15.5000	52	None	None	1	-2	4.591836734693876
44	15.5000	31.5000	50	None	None	1	-3	4.627551020408164
45	15.5000	31.0000	54	None	None	1	-2	4.231764679556031
46	15.5000	31.0000	57	None	None	1	-1	5.169264679556037
47	16.0000	16.5000	50	None	None	1	-3	5.313312298603659
48	16.5000	17.0000	50	None	None	1	-2	5.100217060508425
49	17.0000	17.5000	52	None	None	1	-1	5.237121822413189
50	17.5000	18.0000	40	None	None	1	-5	4.877002774794142
51	19.5000	20.0000	55	None	None	1	-5	4.261058897243122
52	20.0000	20.3750	60	None	None	1	-3	4.088439849624074
53	20.3750	20.5000	62	None	None	1	-2	4.13290816326532
54	20.5000	21.0000	64	None	None	1	-1	3.2768990929705257
55	21.0000	21.5000	62	None	None	1	-3	2.5942460317460334
56	21.5000	22.0000	64	None	None	1	-2	4.126814058956917
57	22.0000	22.5000	60	None	None	1	-3	5.742290249433106
58	22.5000	23.0000	67	None	None	1	-1	6.289909297052154
59	23.0000	23.5000	67	None	None	1	-2	5.798837868480725
60	23.5000	23.7500	67	None	None	1	-1	5.233361678004533
61	23.7500	24.0000	65	None	None	1	-2	4.544246031746031
62	24.0000	24.2500	64	None	None	1	-1	3.4791666666666705
63	24.2500	24.5000	62	None	None	1	-2	3.0056594860166284
64	24.5000	25.0000	60	None	None	1	-3	3.5632275132275124
65	25.0000	25.5000	60	None	None	1	-2	2.9706679894179886
66	25.5000	26.0000	60	None	None	1	0	-1
67	26.0000	26.5000	59	None	None	1	0	-1
68	26.5000	27.0000	55	None	None	1	0	-1
69	27.0000	27.5000	60	None	None	1	0	-1
70	27.5000	28.0000	57	None	None	1	0	-1
71	28.0000	28.5000	53	None	None	1	0	-1
72	28.5000	29.0000	55	None	None	1	0	-1
73	29.0000	29.5000	48	None	None	1	0	-1
74	29.5000	30.0000	36	None	None	1	-5	4.131216242682408
75	31.5000	32.0000	45	None	None	1	-4	3.5947272026219377
76	32.0000	32.5000	46	None	None	1	-2	3.545322440717176
77	32.5000	32.8750	47	None	None	1	-2	5.1118402978600335
78	32.8750	32.9375	45	None	None	1	-4	4.438566970310385
79	32.9375	33.0000	47	None	None	1	-3	4.28362191536533
80	33.0000	33.5000	48	None	None	1	-1	3.4883456638390893
81	33.5000	34.0000	47	None	None	1	-2	3.7192980447914707
82	34.0000	34.5000	40	None	None	1	-5	5.8505480447914735
83	34.5000	35.0000	47	None	None	1	-2	6.2398337590771895
84	35.0000	35.5000	48	None	None	1	-1	6.66972793897137
85	35.5000	35.8750	49	None	None	1	-2	4.961245796114227
86	35.8750	35.9375	47	None	None	1	-3	5.15141155141156
87	35.9375	36.0000	49	None	None	1	-2	4.961792836792845
88	36.0000	36.5000	45	None	None	1	-4	5.688606301106302
89	36.5000	37.0000	50	None	None	1	-1	5.158844396344395
90	37.0000	37.5000	52	None	None	1	-2	5.158844396344395
91	37.5000	38.0000	53	None	None	1	-1	5.158844396344395
92	38.0000	39.0000	48	None	None	1	-4	5.158844396344395
93	39.0000	39.5000	53	None	None	1	-1	5.158844396344395
94	39.5000	40.0000	50	None	None	1	-2	5.158844396344395
95	40.0000	40.5000	52	None	None	1	-1	5.158844396344395
96	40.5000	41.0000	40	None	None	1	-5	5.158844396344395
97	41.0000	42.0000	45	None	None	1	-3	5.158844396344395
98	42.0000	43.5000	45	None	None	1	0	5.158844396344395
