0	0.0000	0.5000	46	None	None	1	-4	0.625711293439876
1	0.0000	0.2500	50	None	None	1	-2	0.696298844388078
2	0.2500	0.5000	53	None	None	1	-1	0.7774616421107772
3	0.5000	1.5000	46	None	None	1	-4	0.7181009212730308
4	0.5000	1.2500	50	None	None	1	-2	0.6965865324354197
5	0.7500	1.0000	53	None	None	1	-1	0.9465019257284166
6	1.0000	2.6122	46	None	None	1	-4	1.164151255141925
7	1.0000	2.3061	48	None	None	1	-3	1.090085845896146
8	1.3061	1.6122	53	None	None	1	-1	1.5574853433835858
9	1.6122	3.8367	46	None	None	1	-4	2.1360435945422473
10	1.6122	3.5306	50	None	None	1	-2	2.053819976451797
11	1.9184	2.2245	53	None	None	1	-1	2.027438066904057
12	2.2245	5.0612	46	None	None	1	-5	1.9375815462756778
13	2.2245	4.7551	51	None	None	1	-2	1.6730166542854072
14	2.5306	2.8367	53	None	None	1	-1	1.4412219670671866
15	2.8367	7.5383	46	None	None	1	-5	1.3005696355319813
16	2.8367	5.9676	52	None	None	1	-2	1.527893756134997
17	3.1309	3.4250	53	None	None	1	-1	3.0398575596943664
18	3.4250	3.7441	53	None	None	1	-1	3.875284695372756
19	3.7441	4.0633	53	None	None	1	-1	4.480114546222364
20	4.0633	4.3824	53	None	None	1	-1	5.464251602059928
21	4.3824	4.7016	53	None	None	1	-1	6.273714981320261
22	4.7016	10.0154	46	None	None	1	-3	6.435732559036413
23	4.7016	9.7093	51	None	None	1	-1	6.851825138200061
24	5.0077	5.3138	50	None	None	1	-2	6.6020548491186855
25	5.3138	11.2659	41	None	None	1	-5	6.227224000714229
26	5.3138	10.9468	51	None	None	1	-2	6.096633548452923
27	5.6330	5.9521	53	None	None	1	-1	6.383072541824421
28	5.9521	12.5425	41	None	None	1	-5	5.8043374960371095
29	5.9521	12.2234	51	None	None	1	-2	4.888479392875263
30	6.2713	6.5904	53	None	None	1	-1	4.676739994286961
31	6.5904	13.7931	41	None	None	1	-5	3.7189848479971355
32	6.5904	13.4869	51	None	None	1	-2	2.9420470407593537
33	6.8965	7.2027	53	None	None	1	-1	2.9948108598548324
34	7.2027	15.0175	41	None	None	1	-5	2.1549867392518185
35	7.2027	14.7114	50	None	None	1	-2	1.8744591010608649
36	7.5088	7.8149	48	None	None	1	-3	1.848101619207153
37	7.8149	17.4665	46	None	None	1	-4	1.7355143774427708
38	7.8149	15.9359	50	None	None	1	-2	3.2647514549826027
39	8.1210	8.4271	53	None	None	1	-1	4.644279625202815
40	8.4271	8.7333	51	None	None	1	-4	4.357233100175777
41	8.7333	9.0394	55	None	None	1	-1	6.107172527746564
42	9.0394	9.3455	50	None	None	1	-4	5.873252929756615
43	9.3455	9.6516	53	None	None	1	-2	5.428278055384756
44	9.6516	19.9416	46	None	None	1	-5	4.67686473880184
45	9.6516	19.6224	50	None	None	1	-4	3.7149021480704025
46	9.9708	10.2899	58	None	None	1	-1	4.964599996753023
47	10.2899	22.4447	46	None	None	1	-5	3.9664038401177786
48	10.2899	22.4447	55	None	None	1	-2	2.97165538875025
49	10.5840	10.8782	58	None	None	1	-1	2.430486725605091
50	10.8782	11.1973	58	None	None	1	-1	2.851278182891524
51	11.1973	11.5165	58	None	None	1	-1	3.087637041058979
52	11.5165	11.8356	58	None	None	1	-1	4.036626344902345
53	11.8356	12.1548	58	None	None	1	-1	4.092862748093063
54	12.1548	24.9218	46	None	None	1	-4	2.516539325322931
55	12.1548	24.6156	53	None	None	1	-1	3.4538127118348996
56	12.4609	12.7670	51	None	None	1	-2	3.6824455879631834
57	12.7670	26.1723	46	None	None	1	-4	3.5160331889687746
58	12.7670	25.8532	53	None	None	1	-1	4.483369872385863
59	13.0862	13.4053	50	None	None	1	-2	5.290678806468896
60	13.4053	27.4489	41	None	None	1	-5	4.955948296595379
61	13.4053	27.1298	48	None	None	1	-3	5.421216716286297
62	13.7245	14.0436	53	None	None	1	-1	5.831205383334372
63	14.0436	28.6994	41	None	None	1	-5	5.073646531014394
64	14.0436	28.3933	50	None	None	1	-2	4.3402363379397
65	14.3497	14.6558	53	None	None	1	-1	4.407599151458493
66	14.6558	29.9239	41	None	None	1	-5	3.969872639872826
67	14.6558	29.6178	51	None	None	1	-2	3.688235880425469
68	14.9620	15.2681	53	None	None	1	-1	4.579551661542748
69	15.2681	32.0399	41	None	None	1	-5	3.6662516646047734
70	15.2681	30.8933	50	None	None	1	-2	2.882708951036934
71	15.6252	15.9824	53	None	None	1	-1	3.2207000224655022
72	15.9824	16.3771	50	None	None	1	-2	3.4936200711668044
73	16.3771	16.7718	46	None	None	1	-3	4.142421919436734
74	16.7718	34.4528	41	None	None	1	-5	4.977504556214849
75	16.7718	34.4528	41	None	None	1	-1	4.535217102091659
76	18.5900	37.3301	29	None	None	1	-4	5.073745819013538
77	18.5900	40.9982	30	None	None	1	-3	6.20749562494243
78	18.7400	18.8900	30	None	None	1	-3	7.126948512480408
79	18.8900	19.0400	32	None	None	1	-2	8.001673267630697
80	19.0400	19.1537	30	None	None	1	-3	8.62242485646739
81	19.1537	19.2673	29	None	None	1	-4	8.622424856467388
82	19.2673	19.3809	30	None	None	1	-2	8.49574468085104
83	19.3809	19.4946	29	None	None	1	-3	8.49574468085104
84	19.4946	19.6082	30	None	None	1	-2	8.49574468085104
85	19.6082	19.7218	29	None	None	1	-3	8.49574468085104
86	19.7218	19.8355	30	None	None	1	-2	8.49574468085106
87	19.8355	19.9491	29	None	None	1	-3	8.49574468085106
88	19.9491	20.0628	30	None	None	1	-2	8.49574468085106
89	20.0628	20.1764	29	None	None	1	-3	8.495744680851042
90	20.1764	20.2900	30	None	None	1	-2	8.495744680851042
91	20.2900	20.4037	29	None	None	1	-3	8.495744680851042
92	20.4037	20.5173	30	None	None	1	-2	8.495744680851042
93	20.5173	20.6309	29	None	None	1	-3	8.495744680851042
94	20.6309	20.7446	30	None	None	1	-2	8.495744680851042
95	20.7446	20.8582	29	None	None	1	-3	8.495744680851042
96	20.8582	20.9718	30	None	None	1	-2	8.495744680851042
97	20.9718	21.0855	29	None	None	1	-3	8.49574468085106
98	21.0855	21.1991	30	None	None	1	-2	8.49574468085106
99	21.1991	21.3128	29	None	None	1	-3	8.49574468085106
100	21.3128	21.4264	30	None	None	1	-2	8.333920972644375
101	21.4264	21.5400	29	None	None	1	-3	8.186808510638288
102	21.5400	21.6537	30	None	None	1	0	-1
103	21.6537	21.7673	29	None	None	1	0	-1
104	21.7673	21.8809	30	None	None	1	0	-1
105	21.8809	21.9946	29	None	None	1	0	-1
106	21.9946	22.1082	30	None	None	1	0	-1
107	22.1082	22.2582	29	None	None	1	0	-1
108	22.2582	22.4082	30	None	None	1	0	-1
109	22.4082	23.0082	29	None	None	1	0	-1
110	28.6082	57.8982	46	None	None	1	-4	0.5590967217155042
111	28.6082	57.5573	50	None	None	1	-2	0.6276900426284583
112	28.9491	29.2900	53	None	None	1	-1	0.6856132188926929
113	29.2900	59.2619	46	None	None	1	-4	0.6439313909179336
114	29.2900	58.9210	50	None	None	1	-2	0.6420887883205922
115	29.6309	29.9718	53	None	None	1	-1	0.898315984685335
116	29.9718	60.5559	46	None	None	1	-4	1.1336442069618293
117	29.9718	60.2498	48	None	None	1	-3	1.0900858458961467
118	30.2780	30.5841	53	None	None	1	-1	1.557485343383584
119	30.5841	61.7804	46	None	None	1	-4	2.136043594542247
120	30.5841	61.4743	50	None	None	1	-2	2.053819976451796
121	30.8902	31.1963	53	None	None	1	-1	2.0274380669040566
122	31.1963	63.0049	46	None	None	1	-5	1.9375815462756731
123	31.1963	62.6988	51	None	None	1	-2	1.6730166542854046
124	31.5025	31.8086	53	None	None	1	-1	1.4412219670671844
125	31.8086	65.4820	46	None	None	1	-5	1.3005696355319794
126	31.8086	63.9113	52	None	None	1	-2	1.5278937561349941
127	32.1027	32.3968	53	None	None	1	-1	3.0398575596943576
128	32.3968	32.7160	53	None	None	1	-1	3.875284695372745
129	32.7160	33.0351	53	None	None	1	-1	4.4801145462223495
130	33.0351	33.3543	53	None	None	1	-1	5.464251602059924
131	33.3543	33.6734	53	None	None	1	-1	6.273714981320264
132	33.6734	67.9591	46	None	None	1	-3	6.435732559036419
133	33.6734	67.6530	51	None	None	1	-1	6.851825138200063
134	33.9795	34.2857	50	None	None	1	-2	6.602054849118686
135	34.2857	69.2096	41	None	None	1	-5	6.217795057593992
136	34.2857	68.8905	51	None	None	1	-2	6.055638143582309
137	34.6048	34.9240	53	None	None	1	-1	6.324039158810734
138	34.9240	70.4862	41	None	None	1	-5	5.732704858593171
139	34.9240	70.1671	51	None	None	1	-2	4.810792341471257
140	35.2431	35.5623	53	None	None	1	-1	4.5964975626460225
141	35.5623	71.7628	41	None	None	1	-5	3.637922508258791
142	35.5623	71.4437	51	None	None	1	-2	2.8506128635887524
143	35.8814	36.2006	53	None	None	1	-1	2.9017368664894017
144	36.2006	73.0394	41	None	None	1	-5	2.088013153654018
145	36.2006	72.7203	50	None	None	1	-2	1.81620387156556
146	36.5197	36.8389	48	None	None	1	-3	2.196073471689863
147	36.8389	75.5926	46	None	None	1	-4	2.3025581425463546
148	36.8389	73.9969	50	None	None	1	-2	2.2492718142405788
149	37.1580	37.4771	53	None	None	1	-1	2.332535189674672
150	37.4771	37.7963	51	None	None	1	-2	2.088321599971253
151	37.7963	38.1154	55	None	None	1	-1	3.8255861034656298
152	38.1154	38.4346	50	None	None	1	-2	3.0945128619863014
153	38.4346	38.7537	53	None	None	1	-1	3.0689508605359737
154	38.7537	78.1197	44	None	None	1	-5	2.591945654900424
155	38.7537	77.8136	50	None	None	1	-2	2.296704538149156
156	39.0599	39.3660	53	None	None	1	-1	3.254459684438974
157	39.3660	80.5968	43	None	None	1	-5	3.5533482306872544
158	39.3660	80.5968	53	None	None	1	-2	2.389390024136013
159	39.6601	39.9542	55	None	None	1	-1	2.7526415161375994
160	39.9542	40.2734	55	None	None	1	-1	2.8106817171426224
161	40.2734	40.5925	55	None	None	1	-1	3.496611365383828
162	40.5925	40.9117	55	None	None	1	-1	4.512314882971765
163	40.9117	41.2308	55	None	None	1	-1	4.767340008599906
164	41.2308	82.7678	43	None	None	1	-5	4.251839646018326
165	41.2308	82.7678	51	None	None	1	-2	4.828262778723199
166	41.2308	82.7678	55	None	None	1	-1	4.559861763494774
167	41.5369	83.3800	43	None	None	1	-5	5.543106759322367
168	41.5369	83.3800	50	None	None	1	-3	5.959153362898618
169	41.5369	83.3800	55	None	None	1	-1	6.190987889046396
170	41.8431	84.3244	43	None	None	1	-5	5.503340336112363
171	41.8431	84.0053	48	None	None	1	-4	7.0792541392505814
172	42.1622	42.4814	55	None	None	1	-1	7.434588574034499
173	42.4814	85.6010	43	None	None	1	-5	6.538391216689389
174	42.4814	85.2819	53	None	None	1	-2	6.545387321670403
175	42.8005	43.1197	55	None	None	1	-1	6.767326422540963
176	43.1197	86.9211	43	None	None	1	-5	6.406689463134385
177	43.1197	86.5802	51	None	None	1	-2	5.998975540001684
178	43.4606	43.8015	55	None	None	1	-1	5.670919575347782
179	43.8015	88.2152	42	None	None	1	-5	3.7377326407801195
180	43.8015	87.9091	51	None	None	1	-2	3.016009518541527
181	44.1076	44.4137	54	None	None	1	-1	3.912206875886619
182	44.4137	90.6923	41	None	None	1	-5	3.2022557310216113
183	44.4137	90.6923	51	None	None	1	-2	2.081523762622697
184	44.7078	45.0020	53	None	None	1	-1	2.784594017950507
185	45.0020	45.3211	53	None	None	1	-1	2.842634218955532
186	45.3211	45.6403	53	None	None	1	-1	3.5285638671967336
187	45.6403	45.9594	53	None	None	1	-1	4.5442673847846695
188	45.9594	46.2786	53	None	None	1	-1	4.612220788165208
189	46.2786	92.8632	41	None	None	1	-5	4.416245443712708
190	46.2786	92.8632	50	None	None	1	-2	4.641191056475597
191	46.2786	92.8632	53	None	None	1	-1	4.671865458215988
192	46.5847	93.4755	41	None	None	1	-5	4.32077397833653
193	46.5847	93.4755	48	None	None	1	-3	4.736820581912786
194	46.5847	93.4755	53	None	None	1	-1	5.123305216835037
195	46.8908	94.4199	41	None	None	1	-5	4.328729552240827
196	46.8908	94.1008	46	None	None	1	-4	4.455045117110116
197	47.2099	47.5291	53	None	None	1	-1	5.1776954389480006
198	47.5291	95.6965	41	None	None	1	-5	4.759353670297469
199	47.5291	95.3773	48	None	None	1	-3	6.815140958261995
200	47.8482	48.1674	53	None	None	1	0	-1
201	48.1674	97.0166	41	None	None	1	0	-1
202	48.1674	96.6757	50	None	None	1	0	-1
203	48.5083	48.8492	53	None	None	1	0	-1
204	48.8492	98.3802	41	None	None	1	0	-1
205	48.8492	98.0393	51	None	None	1	0	-1
206	49.1901	49.5310	53	None	None	1	0	-1
207	49.5310	100.8802	38	None	None	1	0	-1
208	49.5310	100.8802	51	None	None	1	-2	4.453133191414556
209	49.5310	100.8802	53	None	None	1	-1	10.808735154063774
210	51.3492	103.1530	46	None	None	1	-2	11.321287991261155
211	51.3492	103.1530	50	None	None	1	-1	12.316505958043122
212	52.2583	52.7129	34	None	None	1	-5	27.00767204907101
213	53.1674	54.5310	34	None	None	1	-5	35.11307420993532
214	54.5310	55.8947	35	None	None	1	-1	35.42619176213559
215	55.8947	56.1219	34	None	None	1	-4	38.469896805021115
216	56.1219	56.3492	33	None	None	1	-1	32.33798712185663
217	56.3492	56.5575	32	None	None	1	-3	30.871693846016104
218	56.5575	56.7659	31	None	None	1	-4	30.666656806727104
219	56.7659	56.9632	30	None	None	1	-5	29.462484512144204
220	56.9632	57.1337	49	None	None	1	-1	14.18605180959478
221	57.1337	57.2933	54	None	None	1	-2	8.341569306500546
222	57.2933	57.4463	49	None	None	1	-3	7.018931217856238
223	57.4463	57.5906	42	None	None	1	-5	5.29700354014188
224	57.5906	57.7348	49	None	None	1	-2	5.29700354014188
225	57.7348	57.8790	53	None	None	1	-1	8.671721473127505
226	57.8790	58.0233	49	None	None	1	-2	8.75141776109151
227	58.0233	58.1675	42	None	None	1	-5	10.481339020934053
228	58.1675	58.3117	49	None	None	1	-3	9.195297503396455
229	58.3117	58.4560	54	None	None	1	-1	14.196584842479126
230	58.4560	58.6002	49	None	None	1	-2	13.656827312170423
231	58.6002	58.7444	42	None	None	1	-5	16.609408239554448
232	58.7444	58.8886	49	None	None	1	-4	14.738439837877374
233	58.8886	59.0329	56	None	None	1	-1	18.61861731569262
234	59.0329	59.1771	49	None	None	1	-2	16.872448086846205
235	59.1771	59.3213	42	None	None	1	-5	19.825029014230314
236	59.3213	59.4656	49	None	None	1	-4	15.405300784694438
237	59.4656	59.6098	58	None	None	1	-1	19.61312568863786
238	59.6098	59.7540	49	None	None	1	-2	16.6182856993743
239	59.7540	59.8983	42	None	None	1	-5	19.38614924877842
240	59.8983	60.0425	49	None	None	1	-4	14.966421019242672
241	60.0425	60.1867	58	None	None	1	-1	15.588641899074023
242	60.1867	60.3310	49	None	None	1	-2	12.177748575988634
243	60.3310	60.4840	42	None	None	1	-5	13.126023549092384
244	60.4840	60.6371	49	None	None	1	-4	10.028084480992035
245	60.6371	60.7967	58	None	None	1	0	-1
246	60.7967	60.9562	49	None	None	1	0	-1
247	60.9562	61.1093	42	None	None	1	0	-1
248	61.1093	61.2623	49	None	None	1	0	-1
249	61.2623	61.4154	54	None	None	1	0	-1
250	61.4154	61.5685	49	None	None	1	0	-1
251	61.5685	61.7215	42	None	None	1	0	-1
252	61.7215	61.8811	51	None	None	1	0	-1
253	61.8811	62.0342	59	None	None	1	0	-1
254	62.0342	62.1784	51	None	None	1	0	-1
255	62.1784	62.3226	42	None	None	1	0	-1
256	62.3226	62.4669	51	None	None	1	0	-1
257	62.4669	62.6111	59	None	None	1	0	-1
258	62.6111	62.7553	51	None	None	1	0	-1
259	62.7553	62.8996	42	None	None	1	0	-1
260	62.8996	63.0526	51	None	None	1	0	-1
261	63.0526	63.2122	59	None	None	1	0	-1
262	63.2122	63.3718	51	None	None	1	0	-1
263	63.3718	63.5248	42	None	None	1	0	-1
264	63.5248	63.6779	51	None	None	1	0	-1
265	63.6779	63.8309	59	None	None	1	0	-1
266	63.8309	63.9840	51	None	None	1	-1	18.152088985874105
267	63.9840	64.1371	42	None	None	1	-5	19.447377344846466
268	64.1371	64.2966	49	None	None	1	-4	15.18849153520965
269	64.2966	64.4497	58	None	None	1	-1	19.64262489942224
270	64.4497	64.5939	49	None	None	1	-2	16.775760344680798
271	64.5939	64.7382	42	None	None	1	-5	19.543623894084856
272	64.7382	64.8824	49	None	None	1	-4	15.123895664548852
273	64.8824	65.0266	58	None	None	1	-1	15.746116544380257
274	65.0266	65.1709	49	None	None	1	-2	12.335223221294981
275	65.1709	65.3151	42	None	None	1	-5	13.283498194398746
276	65.3151	65.4682	49	None	None	1	-4	10.028084480992069
277	65.4682	65.6277	58	None	None	1	0	-1
278	65.6277	65.7873	49	None	None	1	0	-1
279	65.7873	65.9404	42	None	None	1	0	-1
280	65.9404	66.0934	49	None	None	1	0	-1
281	66.0934	66.2465	54	None	None	1	0	-1
282	66.2465	66.3995	49	None	None	1	0	-1
283	66.3995	66.5526	42	None	None	1	0	-1
284	66.5526	66.7122	51	None	None	1	0	-1
285	66.7122	66.8652	59	None	None	1	0	-1
286	66.8652	67.0095	51	None	None	1	0	-1
287	67.0095	67.1537	42	None	None	1	0	-1
288	67.1537	67.2979	51	None	None	1	0	-1
289	67.2979	67.4422	59	None	None	1	0	-1
290	67.4422	67.5864	51	None	None	1	-1	7.966307754661795
291	67.5864	67.7306	42	None	None	1	-5	7.906405039448158
292	67.7306	67.8837	49	None	None	1	-2	7.90303726485547
293	67.8837	68.0433	53	None	None	1	-1	13.06132170325631
294	68.0433	68.2028	49	None	None	1	-2	13.138332113889831
295	68.2028	68.3559	42	None	None	1	-5	15.998071537633452
296	68.3559	68.5090	49	None	None	1	-4	14.195757494044312
297	68.5090	68.6620	56	None	None	1	-1	18.149073510994015
298	68.6620	68.8151	49	None	None	1	-2	16.488782534261194
299	68.8151	68.9681	42	None	None	1	-5	19.447377344846466
300	68.9681	69.1277	49	None	None	1	-4	15.18849153520965
301	69.1277	69.2808	58	None	None	1	-1	19.64262489942224
302	69.2808	69.4250	49	None	None	1	-2	16.775760344680798
303	69.4250	69.5692	42	None	None	1	-5	19.543623894084856
304	69.5692	69.7135	49	None	None	1	-4	15.123895664548852
305	69.7135	69.8577	58	None	None	1	-1	19.3317205684924
306	69.8577	70.0019	49	None	None	1	-2	16.354193162644023
307	70.0019	70.1462	42	None	None	1	-5	19.19773125076901
308	70.1462	70.2992	49	None	None	1	-4	15.942317537362335
309	70.2992	70.4588	58	None	None	1	-1	14.574529015290334
310	70.4588	70.6184	49	None	None	1	-2	11.170399019823149
311	70.6184	70.7714	42	None	None	1	-5	13.334893076772076
312	70.7714	70.9245	49	None	None	1	-4	10.282418965673003
313	70.9245	71.0776	58	None	None	1	0	-1
314	71.0776	71.2306	49	None	None	1	0	-1
315	71.2306	71.3837	42	None	None	1	0	-1
316	71.3837	71.5433	51	None	None	1	0	-1
317	71.5433	71.6963	54	None	None	1	0	-1
318	71.6963	71.8405	51	None	None	1	0	-1
319	71.8405	71.9848	42	None	None	1	0	-1
320	71.9848	72.1290	51	None	None	1	0	-1
321	72.1290	72.2732	59	None	None	1	0	-1
322	72.2732	72.4175	51	None	None	1	-1	6.832998859256201
323	72.4175	72.5617	42	None	None	1	-5	8.136961613250694
324	72.5617	72.7148	49	None	None	1	-2	19.446522918087382
325	72.7148	72.8743	53	None	None	1	-1	18.923206805383703
326	72.8743	73.0339	49	None	None	1	-2	18.456484779345967
327	73.0339	73.1870	42	None	None	1	-5	18.342584171342338
328	73.1870	73.3400	51	None	None	1	-3	16.192261640177726
329	73.3400	73.4931	56	None	None	1	-1	15.299657893065486
330	73.4931	73.6462	51	None	None	1	-2	14.235002517326114
331	73.6462	73.7904	42	None	None	1	-5	18.71097541378716
332	73.7904	73.9346	58	None	None	1	-1	18.839499387352898
333	73.9346	74.0788	54	None	None	1	-2	18.840043142625678
334	74.0788	74.2231	58	None	None	1	-1	18.84169088587652
335	74.2231	74.3673	54	None	None	1	-2	18.8422346411493
336	74.3673	74.5115	58	None	None	1	-1	18.843882384400136
337	74.5115	74.6558	54	None	None	1	-2	18.844426139672912
338	74.6558	74.8000	58	None	None	1	-1	18.84607388292376
339	74.8000	74.9415	42	None	None	1	-5	18.92181122448929
340	74.9415	75.0830	58	None	None	1	-1	19.295020319174107
341	75.0830	75.2245	54	None	None	1	-2	27.219197077450197
342	75.2245	75.3660	58	None	None	1	-1	31.130287712832086
343	75.3660	75.5075	54	None	None	1	-2	39.05446447110818
344	75.5075	75.6491	58	None	None	1	-1	42.965555106490314
345	75.6491	75.7906	54	None	None	1	-2	50.88973186476641
346	75.7906	75.9321	58	None	None	1	-1	54.80082250014829
347	75.9321	76.0710	42	None	None	1	-5	71.39398433792167
348	76.0710	76.2099	59	None	None	1	-1	71.52120450147868
349	76.2099	76.3487	54	None	None	1	-5	71.60638587948631
350	76.3487	76.4876	59	None	None	1	-1	71.64975094465382
351	76.4876	76.6265	54	None	None	1	-5	71.73493232266095
352	76.6265	76.7654	59	None	None	1	-1	71.77829738782822
353	76.7654	76.9043	54	None	None	1	-5	71.86347876583585
354	76.9043	77.0432	59	None	None	1	-1	71.90684383100336
355	77.0432	77.1796	42	None	None	1	-5	72.1567405808475
356	77.1796	77.3159	59	None	None	1	-1	72.0301100548852
357	77.3159	77.4523	54	None	None	1	-5	64.02233337477651
358	77.4523	77.5886	59	None	None	1	-1	60.07266996566659
359	77.5886	77.7250	54	None	None	1	-5	52.064893285558384
360	77.7250	77.8614	59	None	None	1	-1	48.11522987644846
361	77.8614	77.9977	54	None	None	1	-5	40.107453196339776
362	77.9977	78.1341	59	None	None	1	-1	36.15778978722986
363	78.1341	78.2680	42	None	None	1	-5	19.535005452562785
364	78.2680	78.4020	58	None	None	1	-1	19.65582928521838
365	78.4020	78.5359	54	None	None	1	-2	19.65634046297193
366	78.5359	78.6698	58	None	None	1	-1	19.65788948646751
367	78.6698	78.8037	54	None	None	1	-2	19.658400664221055
368	78.8037	78.9377	58	None	None	1	-1	19.65994968771664
369	78.9377	79.0716	54	None	None	1	-2	19.660460865470185
370	79.0716	79.2055	58	None	None	1	-1	19.662009888965766
371	79.2055	79.3371	42	None	None	1	-5	19.733209647494967
372	79.3371	79.4687	58	None	None	1	-1	20.109198320476267
373	79.4687	79.6003	54	None	None	1	-2	28.36432241898782
374	79.6003	79.7318	58	None	None	1	-1	32.43861936264567
375	79.7318	79.8634	54	None	None	1	-2	40.693743461157226
376	79.8634	79.9950	58	None	None	1	-1	44.76804040481507
377	79.9950	80.1266	54	None	None	1	-2	53.023164503326626
378	80.1266	80.2582	58	None	None	1	-1	57.09746144698447
379	80.2582	80.3875	42	None	None	1	-5	74.37618919748469
380	80.3875	80.5168	59	None	None	1	-1	74.49589978792696
381	80.5168	80.6461	54	None	None	1	-5	74.57605306529078
382	80.6461	80.7754	59	None	None	1	-1	74.6168583701308
383	80.7754	80.9047	54	None	None	1	-5	74.69701164749512
384	80.9047	81.0340	59	None	None	1	-1	74.73781695233488
385	81.0340	81.1633	54	None	None	1	-5	74.81797022969923
386	81.1633	81.2926	59	None	None	1	-1	74.85877553453923
387	81.2926	81.4198	42	None	None	1	-5	75.09392133719221
388	81.4198	81.5469	59	None	None	1	-1	74.94995367550042
389	81.5469	81.6740	54	None	None	1	-5	66.61616439486315
390	81.6740	81.8011	59	None	None	1	-1	62.50557152587467
391	81.8011	81.9282	54	None	None	1	-5	54.171782245236884
392	81.9282	82.0554	59	None	None	1	-1	50.06118937624866
393	82.0554	82.1825	54	None	None	1	-5	41.72740009561087
394	82.1825	82.3096	59	None	None	1	-1	37.61680722662238
395	82.3096	82.4346	42	None	None	1	-5	20.310204081632566
396	82.4346	82.5596	58	None	None	1	-1	20.310204081632566
397	82.5596	82.6846	54	None	None	1	-2	20.310204081632566
398	82.6846	82.8096	58	None	None	1	-1	20.310204081632566
399	82.8096	82.9346	54	None	None	1	-2	20.310204081632566
400	82.9346	83.0596	58	None	None	1	-1	20.310204081632566
401	83.0596	83.1846	54	None	None	1	-2	20.310204081632566
402	83.1846	83.3096	58	None	None	1	-1	20.310204081632566
403	83.3096	83.4346	42	None	None	1	-5	20.310204081632566
404	83.4346	83.5596	58	None	None	1	-1	20.310204081632566
405	83.5596	83.6846	54	None	None	1	-2	20.310204081632566
406	83.6846	83.8096	58	None	None	1	-1	20.310204081632566
407	83.8096	83.9346	54	None	None	1	-2	20.310204081632566
408	83.9346	84.0596	58	None	None	1	-1	20.310204081632566
409	84.0596	84.1846	54	None	None	1	-2	20.310204081632566
410	84.1846	84.3096	58	None	None	1	-1	20.310204081632566
411	84.3096	84.4346	42	None	None	1	-5	20.310204081632566
412	84.4346	84.5596	58	None	None	1	-1	20.310204081632566
413	84.5596	84.6846	54	None	None	1	-2	20.310204081632566
414	84.6846	84.8096	58	None	None	1	-1	20.310204081632566
415	84.8096	84.9346	54	None	None	1	-2	20.310204081632566
416	84.9346	85.0596	58	None	None	1	-1	20.310204081632566
417	85.0596	85.1846	54	None	None	1	-2	20.310204081632566
418	85.1846	85.3096	58	None	None	1	-1	20.310204081632566
419	85.3096	85.4346	42	None	None	1	-5	20.310204081632566
420	85.4346	85.5596	58	None	None	1	-1	20.310204081632566
421	85.5596	85.6846	54	None	None	1	-2	20.310204081632566
422	85.6846	85.8096	58	None	None	1	-1	20.310204081632566
423	85.8096	85.9346	54	None	None	1	-2	20.310204081632566
424	85.9346	86.0596	58	None	None	1	-1	20.310204081632566
425	86.0596	86.1846	54	None	None	1	-2	20.310204081632566
426	86.1846	86.3096	58	None	None	1	-1	20.310204081632566
427	86.3096	86.4346	42	None	None	1	-5	20.310204081632566
428	86.4346	86.5596	58	None	None	1	-1	20.310204081632566
429	86.5596	86.6846	54	None	None	1	-2	20.310204081632566
430	86.6846	86.8096	58	None	None	1	-1	20.310204081632566
431	86.8096	86.9346	54	None	None	1	-2	20.310204081632566
432	86.9346	87.0596	58	None	None	1	-1	20.310204081632566
433	87.0596	87.1846	54	None	None	1	-2	20.310204081632566
434	87.1846	87.3096	58	None	None	1	-1	20.310204081632566
435	87.3096	87.4346	42	None	None	1	-5	20.310204081632566
436	87.4346	87.5596	58	None	None	1	-1	11.332376721949805
437	87.5596	87.6846	54	None	None	1	-2	13.836692172685398
438	87.6846	87.8096	58	None	None	1	-1	17.081086971416042
439	87.8096	87.9346	54	None	None	1	-2	19.585402457082004
440	87.9346	88.0596	58	None	None	1	-1	22.829797319621473
441	88.0596	88.1846	54	None	None	1	-2	25.334112811791368
442	88.1846	88.3096	58	None	None	1	-1	28.578507674330837
443	88.3096	88.4763	42	None	None	1	-5	23.83928571010044
444	88.4763	88.6429	54	None	None	1	-1	23.492410644123638
445	88.6429	177.4525	42	None	None	1	-5	23.839285681221988
446	88.6429	177.4525	54	None	None	1	-1	23.492410749366766
447	88.8096	177.7858	42	None	None	1	-5	23.839285751534742
448	88.8096	177.7858	54	None	None	1	-1	23.49241074936677
449	88.9763	178.1192	42	None	None	1	-5	23.83928571010044
450	88.9763	178.1192	54	None	None	1	-1	23.492410644123638
451	89.1429	178.4525	42	None	None	1	-5	23.839285681221988
452	89.1429	178.4525	54	None	None	1	-1	20.177678585792467
453	89.3096	178.7858	42	None	None	1	-5	20.038555208299567
454	89.3096	178.7858	54	None	None	1	-1	18.498376627244845
455	89.4763	179.1192	42	None	None	1	-5	16.37694804255729
456	89.4763	179.1192	54	None	None	1	-1	14.697646084009667
457	89.6429	179.4525	42	None	None	1	-5	14.697646084009666
458	89.6429	179.4525	54	None	None	1	-1	11.036038986922774
459	89.8096	179.7858	42	None	None	1	-5	10.89691557060414
460	89.8096	179.7858	49	None	None	1	-3	11.84050323883925
461	89.8096	179.7858	54	None	None	1	-1	11.036038948097044
462	89.9763	180.1192	42	None	None	1	-5	10.896915570604142
463	89.9763	180.1192	49	None	None	1	-3	11.84050323883925
464	89.9763	180.1192	54	None	None	1	-1	11.036038948097044
465	90.1429	180.4525	42	None	None	1	-5	10.896915612038445
466	90.1429	180.4525	49	None	None	1	-3	11.84050326258122
467	90.1429	180.4525	54	None	None	1	-1	11.036038986922774
468	90.3096	181.6192	42	None	None	1	-5	10.89691557060414
469	90.3096	181.6192	49	None	None	1	-3	11.84050323883925
470	90.3096	181.6192	54	None	None	1	-1	11.036038948097044
471	90.4763	181.1192	42	None	None	1	-5	10.896915570604142
472	90.4763	181.1192	49	None	None	1	-3	11.84050323883925
473	90.4763	181.1192	54	None	None	1	-1	11.036038948097044
474	90.6429	181.4525	42	None	None	1	-5	10.896915612038445
475	90.6429	181.4525	49	None	None	1	-3	11.84050326258122
476	90.6429	181.4525	54	None	None	1	-1	11.036038986922774
477	90.8096	181.7858	42	None	None	1	-5	10.89691557060414
478	90.8096	181.7858	49	None	None	1	-3	11.84050323883925
479	90.8096	181.7858	54	None	None	1	-1	11.036038948097044
480	90.9763	182.1192	42	None	None	1	-5	10.896915570604142
481	90.9763	182.1192	49	None	None	1	-3	11.793882533474928
482	90.9763	182.1192	54	None	None	1	-1	10.98755341451815
483	91.1429	182.4525	42	None	None	1	-5	10.804744465436624
484	91.1429	182.4525	49	None	None	1	-3	11.701711410975753
485	91.1429	182.4525	54	None	None	1	-1	10.895382307117162
486	91.3096	182.7916	42	None	None	1	-5	10.712573278113572
487	91.3096	182.7916	49	None	None	1	-3	11.609540240984245
488	91.3096	182.7916	54	None	None	1	-1	11.34401130628207
489	91.4820	183.1364	42	None	None	1	-5	9.220141491754774
490	91.4820	183.1364	49	None	None	1	-3	9.15163800123549
491	91.4820	183.1364	54	None	None	1	-1	8.891079043824016
492	91.6544	183.4812	42	None	None	1	-5	6.766339886587189
493	91.6544	183.4812	49	None	None	1	-3	6.697836397083565
494	91.6544	183.4812	54	None	None	1	-1	6.437277444470109
495	91.8268	183.8322	42	None	None	1	-5	4.312538245420121
496	91.8268	183.8322	50	None	None	1	-2	5.165979271946148
497	91.8268	183.8322	53	None	None	1	-1	5.972802201032829
498	92.0054	184.1894	42	None	None	1	-5	5.135509131589899
499	92.0054	184.1894	50	None	None	1	-2	4.522047589195905
500	92.0054	184.1894	53	None	None	1	-1	5.930014631308791
501	92.1840	184.5465	42	None	None	1	-5	4.84165122456661
502	92.1840	184.5465	50	None	None	1	-2	5.204998605693256
503	92.1840	184.5465	53	None	None	1	-1	5.166537067724816
504	92.3625	185.2806	41	None	None	1	-5	5.13219640828442
505	92.3625	184.9103	50	None	None	1	-2	4.816419326266208
506	92.5477	92.7329	53	None	None	1	-1	5.105705042430404
507	92.7329	92.9181	53	None	None	1	-1	5.105705042430404
508	92.9181	186.3918	41	None	None	1	-5	5.105705042430403
509	92.9181	186.0214	48	None	None	1	-3	5.486410054178957
510	93.1033	93.2885	53	None	None	1	-1	6.110691134299546
511	93.2885	93.4737	53	None	None	1	-1	6.110691134299546
512	93.4737	187.5029	41	None	None	1	-5	6.110691134299545
513	93.4737	187.1325	50	None	None	1	-2	5.10758352110682
514	93.6588	93.8440	53	None	None	1	-1	8.007954597454374
515	93.8440	94.0292	53	None	None	1	-1	8.007954597454374
516	94.0292	188.6140	41	None	None	1	-5	6.561526016633399
517	94.0292	188.2436	51	None	None	1	-2	4.929128046849727
518	94.2144	94.3996	53	None	None	1	-1	4.497077951279804
519	94.3996	94.5848	53	None	None	1	-1	4.497077951279804
520	94.5848	190.8789	41	None	None	1	-5	3.050649370458829
521	94.5848	189.3547	52	None	None	1	-2	0.9016697646676659
522	94.7700	94.9551	53	None	None	1	-1	1.4111842198104512
523	94.9551	95.1403	53	None	None	1	-1	2.5718985131610363
524	95.1403	95.3326	53	None	None	1	-1	3.4358565063092894
525	95.3326	95.5249	53	None	None	1	-1	3.4771830363848237
526	95.5249	95.7172	53	None	None	1	-1	4.871953453605048
527	95.7172	95.9096	53	None	None	1	-1	6.061656615319268
528	95.9096	96.1019	53	None	None	1	-1	6.93640151895862
529	96.1019	96.2942	53	None	None	1	-1	6.93640151895862
530	96.2942	193.1439	41	None	None	1	-5	6.971645879969144
531	96.2942	192.7735	51	None	None	1	-2	6.568726850754428
532	96.4794	96.6645	53	None	None	1	-1	7.011421658823901
533	96.6645	96.8497	50	None	None	1	-2	6.970095128748366
534	96.8497	194.2550	41	None	None	1	-5	7.021753292349118
535	96.8497	193.8846	51	None	None	1	-2	6.579058484279665
536	97.0349	97.2201	53	None	None	1	-1	7.021753292349138
537	97.2201	97.4053	53	None	None	1	-1	7.021753292349138
538	97.4053	195.3661	41	None	None	1	-5	7.021753292349139
539	97.4053	194.9957	51	None	None	1	-2	6.215885940177453
540	97.5905	97.7756	53	None	None	1	-1	6.110691134299545
541	97.7756	97.9608	53	None	None	1	-1	6.361154952939146
542	97.9608	196.4772	41	None	None	1	-5	5.192149843307399
543	97.9608	196.1069	51	None	None	1	-2	3.67684371101876
544	98.1460	98.3312	53	None	None	1	-1	3.282363188976657
545	98.3312	98.5164	53	None	None	1	-1	3.282363188976657
546	98.5164	197.5883	41	None	None	1	-5	2.3111897132825994
547	98.5164	197.2180	50	None	None	1	-2	1.7025626221319585
548	98.7016	98.8868	53	None	None	1	-1	1.6649930486041378
549	98.8868	99.0719	48	None	None	1	-3	1.664993053483332
550	99.0719	199.8106	46	None	None	1	-4	2.1038961175578272
551	99.0719	198.3291	50	None	None	1	-2	1.9868042800627927
552	99.2571	99.4423	53	None	None	1	-1	2.795578801614648
553	99.4423	99.6275	53	None	None	1	-2	3.1322249498623758
554	99.6275	99.8127	51	None	None	1	-3	3.004716094252806
555	99.8127	99.9979	55	None	None	1	-1	2.2846326016363037
556	99.9979	100.1831	55	None	None	1	-1	2.439607092438549
557	100.1831	100.3682	50	None	None	1	-2	1.4778260101263647
558	100.3682	100.5534	53	None	None	1	-1	4.378197086473875
559	100.5534	100.7386	53	None	None	1	-1	4.378197086473875
560	100.7386	202.0328	44	None	None	1	-5	4.668958750169522
561	100.7386	201.6624	50	None	None	1	-2	5.1147294298310415
562	100.9238	101.1090	53	None	None	1	-1	5.077159856303223
563	101.1090	101.2942	53	None	None	1	-1	5.924697944000506
564	101.2942	204.2977	43	None	None	1	-5	6.07883999658531
565	101.2942	202.7735	53	None	None	1	-2	3.9298603907941496
566	101.4794	101.6645	55	None	None	1	-1	5.130088648059058
567	101.6645	101.8497	55	None	None	1	-2	4.447055980799643
568	101.8497	102.0420	53	None	None	1	-3	4.196592157280863
569	102.0420	102.2343	55	None	None	1	-1	3.6272251434591727
570	102.2343	102.4266	55	None	None	1	-1	4.126587391599748
571	102.4266	102.6190	53	None	None	1	-2	3.436341683490357
572	102.6190	102.8113	55	None	None	1	-1	3.427004216310319
573	102.8113	103.0036	55	None	None	1	-1	3.427004216310319
574	103.0036	206.5627	43	None	None	1	-5	3.4622485773208433
575	103.0036	206.1923	50	None	None	1	-2	3.494318199629414
576	103.1888	103.3739	53	None	None	1	-1	6.394689275976971
577	103.3739	103.5591	48	None	None	1	-3	6.144225457337357
578	103.5591	207.6738	43	None	None	1	-5	7.091291790017757
579	103.5591	207.3034	46	None	None	1	-4	7.41310301659724
580	103.7443	103.9295	55	None	None	1	-1	7.049930472495029
581	103.9295	104.1147	55	None	None	1	-1	7.049930472495029
582	104.1147	208.7849	43	None	None	1	-5	8.592295642860254
583	104.1147	208.4145	53	None	None	1	-2	7.559132370845274
584	104.2999	104.4851	55	None	None	1	-1	6.78269451793701
585	104.4851	104.6702	55	None	None	1	-1	6.78269451793701
586	104.6702	209.8960	43	None	None	1	-5	7.428421562946479
587	104.6702	209.5257	51	None	None	1	-2	8.01889002689207
588	104.8554	105.0406	55	None	None	1	-1	8.386445687905882
589	105.0406	105.2258	55	None	None	1	-1	8.386445687905882
590	105.2258	211.0071	42	None	None	1	-5	5.872907041846598
591	105.2258	210.6368	51	None	None	1	-2	5.178613267234578
592	105.4110	105.5962	54	None	None	1	-1	5.053381355475175
593	105.5962	105.7813	54	None	None	1	-1	5.517056170555755
594	105.7813	213.2721	41	None	None	1	-5	3.8464231038894714
595	105.7813	211.7479	51	None	None	1	-2	2.2140251341057184
596	105.9665	106.1517	53	None	None	1	-1	3.1931592583462685
597	106.1517	106.3369	53	None	None	1	-1	3.999550241095098
598	106.3369	106.5292	51	None	None	1	-2	3.8441015534580876
599	106.5292	106.7215	53	None	None	1	-1	3.6730428129335406
600	106.7215	106.9138	53	None	None	1	-1	4.600385103459357
601	106.9138	107.1061	51	None	None	1	-2	4.233480402011034
602	107.1061	107.2984	53	None	None	1	-1	4.9703530266212494
603	107.2984	107.4907	53	None	None	1	-1	4.9703530266212494
604	107.4907	215.5371	41	None	None	1	-5	5.005597387631774
605	107.4907	215.1667	50	None	None	1	-2	3.999622622682054
606	107.6759	107.8611	53	None	None	1	-1	4.938861960877537
607	107.8611	108.0463	48	None	None	1	-2	3.8643721789136056
608	108.0463	216.6482	41	None	None	1	-5	5.207484432533083
609	108.0463	216.2778	46	None	None	1	-4	4.847727304206101
610	108.2315	108.4167	53	None	None	1	-1	5.105705042430452
611	108.4167	108.6019	53	None	None	1	-1	5.105705042430452
612	108.6019	217.7593	41	None	None	1	-5	5.105705042430452
613	108.6019	217.3889	48	None	None	1	-3	5.486410054178969
614	108.7870	108.9722	53	None	None	1	-1	6.110691134299546
615	108.9722	109.1574	53	None	None	1	-1	6.110691134299546
616	109.1574	218.8704	41	None	None	1	-5	6.110691134299617
617	109.1574	218.5000	50	None	None	1	-2	6.184577962237717
618	109.3426	109.5278	53	None	None	1	-1	7.0217532923492705
619	109.5278	109.7130	53	None	None	1	-1	7.0217532923492705
620	109.7130	219.9815	41	None	None	1	-5	5.575324711528295
621	109.7130	219.6111	51	None	None	1	-2	3.942926741744624
622	109.8982	110.0833	53	None	None	1	-1	3.5108766461747014
623	110.0833	110.2685	53	None	None	1	-1	3.5108766461747014
624	110.2685	222.8465	41	None	None	1	-5	2.0644480653536537
625	110.2685	222.8465	51	None	None	1	-2	0.432050095569901
626	110.4537	110.6389	53	None	None	1	-1	0.0
627	110.6389	110.8241	53	None	None	1	-1	0.0
628	110.8241	111.0164	53	None	None	1	-1	0.0
629	111.0164	111.2087	53	None	None	1	-1	1.3750000091667525
630	111.2087	111.4010	53	None	None	1	-1	2.1607143001191824
631	111.4010	111.5933	53	None	None	1	-1	2.471428587904914
632	111.5933	111.7856	53	None	None	1	-1	2.471428587904914
633	111.7856	111.9779	53	None	None	1	-1	2.471428587904914
634	111.9779	112.1779	53	None	None	1	-1	2.471428587904914
635	112.1779	112.3779	53	None	None	1	-1	2.471428587904914
636	112.3779	112.5779	53	None	None	1	-1	2.471428587904914
637	112.5779	227.5559	41	None	None	1	-5	1.096428578738162
638	112.5779	227.5559	50	None	None	1	-2	0.03571428595238284
639	112.7779	112.9779	53	None	None	1	-1	0.0
640	112.9779	113.1779	53	None	None	1	-1	0.0
641	113.1779	113.3779	53	None	None	1	-1	0.0
642	113.3779	113.5779	53	None	None	1	-1	0.0
643	113.5779	113.7779	53	None	None	1	-1	0.666454086075689
644	113.7779	113.9779	53	None	None	1	-1	0.666454086075689
645	113.9779	114.1779	53	None	None	1	-1	0.666454086075689
646	114.1779	114.3779	53	None	None	1	-1	0.666454086075689
647	114.3779	114.5779	53	None	None	1	-1	0.666454086075689
648	114.5779	114.7779	53	None	None	1	-1	0.666454086075689
649	114.7779	114.9779	53	None	None	1	-1	0.666454086075689
650	114.9779	115.1779	53	None	None	1	-1	0.666454086075689
651	115.1779	115.3779	44	None	None	1	-2	0.0
652	115.3779	115.5779	44	None	None	1	-1	0.0
653	115.5779	115.7779	44	None	None	1	-1	0.0
654	115.7779	115.9779	44	None	None	1	-1	0.0
655	115.9779	116.1779	44	None	None	1	-2	0.1475947531449975
656	116.1779	116.3779	44	None	None	1	-2	0.1475947531449975
657	116.3779	116.5779	44	None	None	1	-2	0.1475947531449975
658	116.5779	116.7779	44	None	None	1	-2	0.1475947531449975
659	116.7779	116.9631	44	None	None	1	-2	0.1475947531449975
660	116.9631	117.1483	44	None	None	1	-2	0.1475947531449975
661	117.1483	117.3335	44	None	None	1	-2	0.1475947531449975
662	117.3335	117.5187	44	None	None	1	-2	0.1475947531449975
663	117.5187	117.7039	37	None	None	1	-3	0.0
664	117.7039	117.8890	37	None	None	1	-2	0.21677740863787692
665	117.8890	118.0742	37	None	None	1	-2	0.6370431893687802
666	118.0742	118.2594	37	None	None	1	-1	2.2930647840531853
667	118.2594	118.4446	37	None	None	1	-1	2.968491931656423
668	118.4446	118.6298	37	None	None	1	0	-1
669	118.6298	118.8150	37	None	None	1	0	-1
670	118.8150	119.0002	37	None	None	1	0	-1
671	119.0002	119.1390	37	None	None	1	0	-1
672	119.1390	119.2779	35	None	None	1	0	-1
673	119.2779	119.4168	33	None	None	1	0	-1
674	119.4168	119.5557	32	None	None	1	0	-1
675	119.5557	119.8370	30	None	None	1	0	-1
676	121.2794	243.1356	54	None	None	1	-5	0.8160619086075718
677	121.2794	243.1356	61	None	None	1	-2	0.8966384569767495
678	121.8563	244.8664	54	None	None	1	-5	1.5234448907962006
679	121.8563	244.5779	61	None	None	1	-1	1.6732381371674496
680	122.7217	123.0101	59	None	None	1	-2	1.5328425765527653
681	123.0101	123.2986	57	None	None	1	-3	1.3213857165810505
682	123.5870	247.7510	54	None	None	1	-4	1.3148240569654137
683	123.5870	247.7510	57	None	None	1	-3	1.5894385050173683
684	124.1640	249.4818	54	None	None	1	-4	1.6595649931126006
685	124.1640	249.1933	57	None	None	1	-2	1.4018336619437664
686	125.0294	125.3178	56	None	None	1	-3	1.4412178504782287
687	125.3178	125.6063	54	None	None	1	-5	1.3905562319624885
688	125.8947	126.4717	54	None	None	1	-5	1.6243111922799547
689	126.4717	127.0486	54	None	None	1	-5	1.792614763708529
690	127.0486	127.6255	56	None	None	1	-4	1.6694040210781425
691	127.6255	128.2024	57	None	None	1	-3	1.3850290210781373
692	128.2024	256.9818	52	None	None	1	-5	2.034303574649586
693	128.2024	256.9818	59	None	None	1	-3	1.6038427160637234
694	128.7794	258.1356	57	None	None	1	-4	1.520819402571659
695	128.7794	258.1356	61	None	None	1	-2	1.5189728116625674
696	129.3563	259.2895	56	None	None	1	-4	1.3966211038526481
697	129.3563	259.2895	61	None	None	1	-2	1.2805378070369853
698	129.9332	260.4433	54	None	None	1	-5	1.4821553858867014
699	129.9332	260.4433	61	None	None	1	-1	0.858797770275848
700	130.5101	261.5972	52	None	None	1	-5	0.7142266605819685
701	130.5101	261.5972	62	None	None	1	-1	0.7015643229196326
702	131.0870	263.3279	52	None	None	1	-5	0.6899167169150786
703	131.0870	263.3279	62	None	None	1	-1	0.9008802239800653
704	132.2409	265.0587	53	None	None	1	-5	0.7926609105645198
705	132.2409	265.0587	61	None	None	1	-2	0.7498679779518034
706	132.8178	266.2126	54	None	None	1	-5	0.837957901421189
707	132.8178	266.2126	61	None	None	1	-2	0.8966384569767419
708	133.3947	267.9433	54	None	None	1	-5	1.5234448907961846
709	133.3947	267.6549	61	None	None	1	-1	1.673238137167445
710	134.2601	134.5486	59	None	None	1	-2	1.5328425765527607
711	134.5486	134.8370	57	None	None	1	-3	1.3213857165810536
712	135.1255	270.8279	54	None	None	1	-4	1.3148240569654166
713	135.1255	270.8279	57	None	None	1	-3	1.589438505017355
714	135.7024	272.5587	54	None	None	1	-4	1.6595649931125978
715	135.7024	272.2702	57	None	None	1	-2	1.401833661943783
716	136.5678	136.8563	56	None	None	1	-3	1.4412178504782456
717	136.8563	137.1447	54	None	None	1	-5	1.3905562319624623
718	137.4332	138.0101	54	None	None	1	-5	1.6243111922799285
719	138.0101	138.5870	54	None	None	1	-5	1.7926147637085028
720	138.5870	139.1640	56	None	None	1	-4	1.6694040210781147
721	139.1640	139.7409	57	None	None	1	-3	1.3850290210781246
722	139.7409	280.0587	52	None	None	1	-5	2.034303574649529
723	139.7409	280.0587	59	None	None	1	-3	1.6038427160636812
724	140.3178	281.2126	57	None	None	1	-4	1.520819402571623
725	140.3178	281.2126	61	None	None	1	-2	1.5189728116625334
726	140.8947	282.3664	56	None	None	1	-4	1.3421854236500623
727	140.8947	282.3664	61	None	None	1	-2	1.4543047268928273
728	141.4717	283.5202	54	None	None	1	-5	1.813646163608012
729	141.4717	283.5202	61	None	None	1	-1	1.1259229493223126
730	142.0486	284.6741	52	None	None	1	-5	0.9191707171794612
731	142.0486	284.6741	62	None	None	1	-1	0.8716869509456968
732	142.6255	286.4049	52	None	None	1	-5	0.8063967723742664
733	142.6255	286.4049	62	None	None	1	-2	0.7307776725582511
734	143.7794	287.7510	57	None	None	1	-4	0.8767942814249041
735	143.7794	287.7510	61	None	None	1	-2	1.3857466187916936
736	143.9717	144.1844	64	None	None	1	-1	1.4511192209178136
737	144.1844	144.3972	64	None	None	1	-1	1.6756426813283753
738	144.3972	144.6100	64	None	None	1	-1	1.9226184877799932
739	144.6100	144.8227	64	None	None	1	-1	2.458203165199368
740	144.8227	145.0355	64	None	None	1	-1	2.9450983264896538
741	145.0355	145.1886	58	None	None	1	-3	2.98795821114368
742	145.1886	145.3416	64	None	None	1	-1	2.9879582111436798
743	145.3416	145.4947	61	None	None	1	-2	2.98795821114368
744	145.4947	145.6477	64	None	None	1	-1	2.9879582111437353
745	145.6477	145.8008	58	None	None	1	-5	2.7899605938416556
746	145.8008	145.9539	64	None	None	1	-2	2.3940936583577734
747	145.9539	146.1069	61	None	None	1	-3	2.394093658357773
748	146.1069	146.2600	64	None	None	1	-2	2.3940936583577987
749	146.2600	146.4130	58	None	None	1	-5	3.0926823680350504
750	146.4130	146.5661	64	None	None	1	-2	3.5351218841641
751	146.5661	146.7192	61	None	None	1	-3	3.861129948680233
752	146.7192	146.8722	64	None	None	1	-2	3.8611299486802326
753	146.8722	147.0253	57	None	None	1	-4	4.207370071684585
754	147.0253	147.1783	64	None	None	1	-1	4.052128136200701
755	147.1783	147.3314	61	None	None	1	-2	4.0521281362007
756	147.3314	147.4845	64	None	None	1	-1	4.052128136200701
757	147.4845	147.6375	55	None	None	1	-4	4.052128136200762
758	147.6375	147.7906	64	None	None	1	-1	4.052128136200713
759	147.7906	147.9437	61	None	None	1	-2	4.052128136200712
760	147.9437	148.0967	64	None	None	1	-1	4.052128136200713
761	148.0967	148.2498	55	None	None	1	-4	4.290227374552044
762	148.2498	148.4028	64	None	None	1	-1	4.2408322132617275
763	148.4028	148.5559	61	None	None	1	-2	4.240832213261667
764	148.5559	148.7090	64	None	None	1	-1	4.240832213261667
765	148.7090	148.8620	55	None	None	1	-4	4.4789314516129375
766	148.8620	149.0151	64	None	None	1	-1	4.429536290322671
767	149.0151	149.1681	61	None	None	1	-2	4.429536290322611
768	149.1681	149.3212	64	None	None	1	-1	4.429536290322611
769	149.3212	149.4743	54	None	None	1	-5	4.429536290322611
770	149.4743	149.6273	64	None	None	1	-1	4.702620967741975
771	149.6273	149.7804	61	None	None	1	-2	4.324372759856695
772	149.7804	149.9335	64	None	None	1	-1	3.8798163082437767
773	149.9335	150.0865	54	None	None	1	-5	3.2083333333333584
774	150.0865	150.2396	64	None	None	1	-1	4.420631720430163
775	150.2396	150.3926	61	None	None	1	-2	4.339952956989353
776	150.3926	150.5457	64	None	None	1	-1	3.9941868279570696
777	150.5457	150.6988	54	None	None	1	-4	3.2013160842294557
778	150.6988	150.8518	62	None	None	1	-1	3.4228102598567007
779	150.8518	151.0049	59	None	None	1	-2	3.422810259856706
780	151.0049	151.1579	62	None	None	1	-1	3.4228102598567016
781	151.1579	151.3110	54	None	None	1	-5	3.402073659986968
782	151.3110	151.4641	61	None	None	1	-1	2.3808075716846306
783	151.4641	151.6171	58	None	None	1	-2	2.869819668458841
784	151.6171	151.7702	61	None	None	1	-1	3.2155857974911246
785	151.7702	151.9232	54	None	None	1	-4	2.8404177867383598
786	151.9232	152.0763	62	None	None	1	-1	3.2030778494413763
787	152.0763	152.2294	59	None	None	1	-2	3.678651053339534
788	152.2294	152.3824	62	None	None	1	-1	4.110990329610643
789	152.3824	152.5355	54	None	None	1	-5	3.529385697078087
790	152.5355	152.6886	64	None	None	1	-1	3.2008286694283057
791	152.6886	152.8416	61	None	None	1	-2	3.1735029205803302
792	152.8416	152.9947	64	None	None	1	-1	3.1486613307185825
793	152.9947	153.1542	55	None	None	1	-4	3.3005590521728365
794	153.1542	153.3138	64	None	None	1	-1	3.2093300202236126
795	153.3138	153.4734	61	None	None	1	-3	2.7940399652023915
796	153.4734	153.6330	64	None	None	1	-1	2.591643108635565
797	153.6330	153.7996	56	None	None	1	-5	1.7139001623376542
798	153.7996	153.9663	64	None	None	1	-2	1.1661971093422407
799	153.9663	154.1330	61	None	None	1	-3	1.1756886258902262
800	154.1330	154.2996	64	None	None	1	-2	1.1871733609132402
801	154.2996	154.4741	57	None	None	1	-5	1.9499181765814673
802	154.4741	154.6485	64	None	None	1	-2	2.353034389578431
803	154.6485	154.8229	61	None	None	1	-3	2.3907144590381715
804	154.8229	154.9973	64	None	None	1	-2	2.4363073430844358
805	154.9973	155.1504	57	None	None	1	-5	3.311080345505756
806	155.1504	155.3034	64	None	None	1	-1	3.143480164548723
807	155.3034	155.4565	61	None	None	1	-2	3.1434801645487225
808	155.4565	155.6096	64	None	None	1	-1	3.1434801645487225
809	155.6096	155.7626	58	None	None	1	-5	2.950142845505742
810	155.7626	155.8876	64	None	None	1	-2	2.5542759100218597
811	155.8876	156.0126	61	None	None	1	-3	2.5310744251268313
812	156.0126	156.1376	64	None	None	1	-2	2.503000628403822
813	156.1376	156.2907	58	None	None	1	-5	3.0926823680351894
814	156.2907	156.4437	64	None	None	1	-2	3.535121884164239
815	156.4437	156.5968	61	None	None	1	-3	3.8611299486803716
816	156.5968	156.7499	64	None	None	1	-2	3.861129948680397
817	156.7499	156.9029	57	None	None	1	-4	4.2073700716845925
818	156.9029	157.0560	64	None	None	1	-1	4.052128136200708
819	157.0560	157.2090	61	None	None	1	-2	4.1189244111622925
820	157.2090	157.3621	64	None	None	1	-1	4.1796482974910605
821	157.3621	157.5152	55	None	None	1	-4	4.248488258804126
822	157.5152	157.6682	64	None	None	1	-1	4.248488258804126
823	157.6682	157.8213	61	None	None	1	-2	4.248488258804126
824	157.8213	157.9744	64	None	None	1	-1	4.248488258804071
825	157.9744	158.1274	55	None	None	1	-4	4.486587497155403
826	158.1274	158.2524	64	None	None	1	-1	4.437192335865086
827	158.2524	158.3774	61	None	None	1	-2	4.370396060903501
828	158.3774	158.5024	64	None	None	1	-1	4.309672174574733
829	158.5024	158.6555	55	None	None	1	-4	4.478931451612938
830	158.6555	158.8085	64	None	None	1	-1	4.429536290322622
831	158.8085	158.9616	61	None	None	1	-2	4.429536290322622
832	158.9616	159.1147	64	None	None	1	-1	4.429536290322677
833	159.1147	159.2677	54	None	None	1	-5	4.429536290322588
834	159.2677	159.4208	64	None	None	1	-1	4.702620967741952
835	159.4208	159.5738	61	None	None	1	-2	4.324372759856537
836	159.5738	159.7269	64	None	None	1	-1	3.8798163082436736
837	159.7269	159.8800	54	None	None	1	-5	3.208333333333242
838	159.8800	160.0330	64	None	None	1	-1	4.4206317204300465
839	160.0330	160.1861	61	None	None	1	-2	4.339952956989176
840	160.1861	160.3392	64	None	None	1	-1	3.994186827956909
841	160.3392	160.4922	54	None	None	1	-4	3.2013160842293846
842	160.4922	160.6453	62	None	None	1	-1	3.422810259856605
843	160.6453	160.7983	59	None	None	1	-2	3.422810259856605
844	160.7983	160.9514	62	None	None	1	-1	3.422810259856605
845	160.9514	161.1045	54	None	None	1	-5	3.402073659987045
846	161.1045	161.2575	61	None	None	1	-1	2.3808075716844366
847	161.2575	161.4106	58	None	None	1	-2	2.869819668458647
848	161.4106	161.5636	61	None	None	1	-1	3.215585797490914
849	161.5636	161.7167	54	None	None	1	-4	2.8404177867383167
850	161.7167	161.8698	62	None	None	1	-1	3.203077849441333
851	161.8698	162.0228	59	None	None	1	-2	3.6786510533394905
852	162.0228	162.1759	62	None	None	1	-1	4.110990329610595
853	162.1759	162.3289	54	None	None	1	-5	3.5293856970781032
854	162.3289	162.4820	64	None	None	1	-1	3.200828669428368
855	162.4820	162.6351	61	None	None	1	-2	3.173502920580392
856	162.6351	162.7881	64	None	None	1	-1	3.148661330718644
857	162.7881	162.9477	55	None	None	1	-4	3.3005590521728365
858	162.9477	163.1073	64	None	None	1	-1	3.2093300202236126
859	163.1073	163.2669	61	None	None	1	-3	2.7940399652023915
860	163.2669	163.4264	64	None	None	1	-1	2.591643108635565
861	163.4264	163.5931	56	None	None	1	-5	1.7139001623376542
862	163.5931	163.7598	64	None	None	1	-2	1.1661971093422407
863	163.7598	163.9264	61	None	None	1	-3	1.1756886258902262
864	163.9264	164.0931	64	None	None	1	-2	1.1871733609132402
865	164.0931	164.2675	57	None	None	1	-5	1.9499181765814673
866	164.2675	164.4419	64	None	None	1	-2	2.353034389578431
867	164.4419	164.6164	61	None	None	1	-3	2.3675129741431435
868	164.6164	164.7908	64	None	None	1	-2	2.3850320614663985
869	164.7908	164.9438	57	None	None	1	-5	2.394093658357761
870	164.9438	165.0969	64	None	None	1	-2	2.394093658357761
871	165.0969	165.2500	61	None	None	1	-3	2.394093658357761
872	165.2500	165.4030	64	None	None	1	-2	2.3940936583577863
873	165.4030	165.5561	58	None	None	1	-5	3.092682368035038
874	165.5561	165.7091	64	None	None	1	-2	3.535121884164088
875	165.7091	165.8622	61	None	None	1	-3	3.8611299486802206
876	165.8622	166.0153	64	None	None	1	-2	3.861129948680246
877	166.0153	166.1683	57	None	None	1	-4	3.8300459229391017
878	166.1683	166.3214	64	None	None	1	-1	4.154642697132649
879	166.3214	166.4744	61	None	None	1	-2	3.90131608422941
880	166.4744	166.6275	64	None	None	1	-1	3.696678987455202
881	166.6275	166.7806	55	None	None	1	-4	3.319354838709722
882	166.7806	166.9336	64	None	None	1	-1	2.9947580645161684
883	166.9336	167.0867	61	None	None	1	-2	3.200884856630862
884	167.0867	167.2397	64	None	None	1	-1	3.320844534050213
885	167.2397	167.3928	53	None	None	1	-4	4.296398969534141
886	167.3928	167.5459	62	None	None	1	-1	5.03026993727596
887	167.5459	167.6989	57	None	None	1	-3	5.299983198924716
888	167.6989	167.8520	62	None	None	1	-1	5.469338037634404
889	167.8520	168.0051	52	None	None	1	-5	5.8466621863799535
890	168.0051	168.1581	62	None	None	1	-1	6.171258960573514
891	168.1581	168.3112	55	None	None	1	-4	5.711805555555548
892	168.3112	168.4642	62	None	None	1	-1	5.387208781361988
893	168.4642	168.6173	50	None	None	1	-5	4.039426523297432
894	168.6173	168.7704	62	None	None	1	-1	3.6301523297491674
895	168.7704	168.9234	53	None	None	1	-4	3.6137656810035907
896	168.9234	169.0765	62	None	None	1	-1	3.649047939068111
897	169.0765	169.2295	53	None	None	1	-4	3.321600073313782
898	169.2295	169.3826	62	None	None	1	-1	3.1169629765395794
899	169.3826	169.5357	57	None	None	1	-5	3.0245876099707023
900	169.5357	169.6887	62	None	None	1	-3	2.84041422287392
901	169.6887	169.8418	57	None	None	1	-5	2.39409365835777
902	169.8418	169.9949	64	None	None	1	-2	2.39409365835777
903	169.9949	170.1479	61	None	None	1	-3	2.3940936583577908
904	170.1479	170.3010	64	None	None	1	-2	2.3940936583577654
905	170.3010	170.4540	58	None	None	1	-5	3.092682368035194
906	170.4540	170.6071	64	None	None	1	-2	3.5351218841642433
907	170.6071	170.7602	61	None	None	1	-3	3.8611299486803974
908	170.7602	170.9132	64	None	None	1	-2	3.8611299486803716
909	170.9132	171.0663	57	None	None	1	-4	3.8300459229390733
910	171.0663	171.2193	64	None	None	1	-1	4.479005037717764
911	171.2193	171.3724	61	None	None	1	-2	3.9927559084711417
912	171.3724	171.5255	64	None	None	1	-1	3.5507112455197225
913	171.5255	171.6785	55	None	None	1	-4	4.725484105401374
914	171.6785	171.8316	64	None	None	1	-1	5.6072045355088935
915	171.8316	171.9846	61	None	None	1	-2	5.124000810470466
916	171.9846	172.1377	64	None	None	1	-1	4.684724696799222
917	172.1377	172.2766	53	None	None	1	-5	6.343410852713198
918	172.2766	172.4155	65	None	None	1	-1	6.3159433559177005
919	172.4155	172.5544	62	None	None	1	-2	6.314864275686449
920	172.5544	172.6933	65	None	None	1	-1	6.313883293658039
921	172.6933	172.8183	53	None	None	1	-5	6.276115485564427
922	172.8183	172.9433	65	None	None	1	-1	7.267866516685496
923	172.9433	173.0683	62	None	None	1	-2	7.866947881514891
924	173.0683	173.1933	65	None	None	1	-1	8.411567304087065
925	173.1933	173.3375	53	None	None	1	-5	9.775224971878536
926	173.3375	173.4817	65	None	None	1	-1	9.775224971878538
927	173.4817	173.6260	62	None	None	1	-2	9.775224971878542
928	173.6260	173.7702	65	None	None	1	-1	9.775224971878542
929	173.7702	173.9144	53	None	None	1	-5	9.775224971878345
930	173.9144	174.0586	67	None	None	1	-1	8.839341957255197
931	174.0586	174.2029	63	None	None	1	-2	8.742829021372186
932	174.2029	174.3471	67	None	None	1	-1	8.557845894263053
933	174.3471	174.4913	53	None	None	1	-5	7.2083098987625585
934	174.4913	174.6356	65	None	None	1	-1	6.911415054972914
935	174.6356	174.7798	62	None	None	1	-2	7.372438380938229
936	174.7798	174.9240	65	None	None	1	-1	7.460524509789047
937	174.9240	175.0683	53	None	None	1	-5	6.882586438287928
938	175.0683	175.2125	63	None	None	1	-1	6.04731654006963
939	175.2125	175.3567	60	None	None	1	-2	5.675638888132981
940	175.3567	175.5010	63	None	None	1	-1	4.125929741393258
941	175.5010	175.6540	53	None	None	1	-4	3.457465277777789
942	175.6540	175.8071	62	None	None	1	-1	3.4151265681003666
943	175.8071	175.9601	58	None	None	1	-4	2.9504984318996827
944	175.9601	176.1132	62	None	None	1	-1	2.732101254480334
945	176.1132	176.2663	53	None	None	1	-5	2.014107302867355
946	176.2663	176.4193	60	None	None	1	-2	2.345034132578144
947	176.4193	176.5724	56	None	None	1	-4	2.485706285202206
948	176.5724	176.7254	60	None	None	1	-2	2.5657866355414822
949	176.7254	176.8785	53	None	None	1	-4	2.772349150316998
950	176.8785	177.0316	59	None	None	1	-2	2.7886267275149894
951	177.0316	177.1846	56	None	None	1	-3	2.7953529990844075
952	177.1846	177.3377	59	None	None	1	-2	2.803491787683403
953	177.3377	177.4819	53	None	None	1	-4	2.821577984570117
954	177.4819	177.6262	59	None	None	1	-2	2.8053004073721253
955	177.6262	177.7704	56	None	None	1	-3	2.798574135802707
956	177.7704	177.9146	59	None	None	1	-2	2.7904353472036862
957	177.9146	178.0588	53	None	None	1	-4	2.7723491503169684
958	178.0588	178.2031	59	None	None	1	-2	2.7723491503169684
959	178.2031	178.3473	56	None	None	1	-3	2.772349150316968
960	178.3473	178.4915	59	None	None	1	-2	2.7775647047680176
961	178.4915	178.6446	53	None	None	1	-4	2.789154825770351
962	178.6446	178.7977	59	None	None	1	-2	2.8158635118704427
963	178.7977	178.9507	56	None	None	1	-3	2.8269001590192406
964	178.9507	179.1038	59	None	None	1	-2	2.840254502069283
965	179.1038	179.2480	53	None	None	1	-4	2.8699308199582734
966	179.2480	179.3922	59	None	None	1	-2	2.880361928860373
967	179.3922	179.5311	56	None	None	1	-3	2.8846723044397526
968	179.5311	179.6700	59	None	None	1	-2	2.8846723044397526
969	179.6700	179.8089	53	None	None	1	-4	2.884672304439753
970	179.8089	179.9478	59	None	None	1	-2	2.8846723044397526
971	179.9478	180.0867	56	None	None	1	-3	2.8846723044397526
972	180.0867	180.2256	59	None	None	1	-2	2.884672304439781
973	180.2256	180.3645	53	None	None	1	-3	3.2482973421927204
974	180.3645	180.5034	59	None	None	1	-1	4.2826273532669115
975	180.5034	180.6422	56	None	None	1	-2	3.7676495016611407
976	180.6422	180.7811	59	None	None	1	-1	3.2994878183831737
977	180.7811	180.9200	53	None	None	1	-3	4.833817829457366
978	180.9200	181.0589	59	None	None	1	-1	7.058624031007749
979	181.0589	181.1978	56	None	None	1	-2	7.198408084163888
980	181.1978	181.3367	59	None	None	1	-1	7.325484496124017
981	181.3367	181.4617	48	None	None	1	-5	10.610714285714298
982	181.4617	181.5867	60	None	None	1	-1	10.610714285714296
983	181.5867	181.7117	57	None	None	1	-2	10.610714285714296
984	181.7117	181.8367	60	None	None	1	-1	10.610714285714298
985	181.8367	181.9617	48	None	None	1	-5	10.610714285714298
986	181.9617	182.0867	62	None	None	1	-1	10.610714285714296
987	182.0867	182.2117	58	None	None	1	-2	10.610714285714298
988	182.2117	182.3367	62	None	None	1	-1	10.610714285714298
989	182.3367	182.4617	48	None	None	1	-5	10.610714285714298
990	182.4617	182.5867	60	None	None	1	-1	10.610714285714296
991	182.5867	182.7117	57	None	None	1	-2	10.610714285714296
992	182.7117	182.8367	60	None	None	1	-1	10.610714285714298
993	182.8367	182.9617	48	None	None	1	-5	10.610714285714298
994	182.9617	183.0867	62	None	None	1	-1	10.610714285714296
995	183.0867	183.2117	58	None	None	1	-2	10.610714285714298
996	183.2117	183.3367	62	None	None	1	-1	10.610714285714298
997	183.3367	183.4617	48	None	None	1	-5	10.610714285714298
998	183.4617	183.5867	60	None	None	1	-1	10.610714285714296
999	183.5867	183.7117	57	None	None	1	-2	10.610714285714296
1000	183.7117	183.8367	60	None	None	1	-1	10.610714285714298
1001	183.8367	183.9617	48	None	None	1	-5	10.610714285714298
1002	183.9617	184.0867	62	None	None	1	-1	10.610714285714296
1003	184.0867	184.2117	58	None	None	1	-2	10.610714285714298
1004	184.2117	184.3367	62	None	None	1	-1	10.610714285714298
1005	184.3367	184.4617	48	None	None	1	-5	10.610714285714298
1006	184.4617	184.5867	60	None	None	1	-1	10.610714285714296
1007	184.5867	184.7117	57	None	None	1	-2	10.610714285714296
1008	184.7117	184.8367	60	None	None	1	-1	10.610714285714298
1009	184.8367	184.9617	48	None	None	1	-5	10.610714285714298
1010	184.9617	185.0867	62	None	None	1	-1	10.610714285714296
1011	185.0867	185.2117	58	None	None	1	-2	10.610714285714298
1012	185.2117	185.3367	62	None	None	1	-1	10.610714285714298
1013	185.3367	185.4617	48	None	None	1	-5	10.610714285714298
1014	185.4617	185.5867	60	None	None	1	-1	10.610714285714296
1015	185.5867	185.7117	57	None	None	1	-2	10.610714285714296
1016	185.7117	185.8367	60	None	None	1	-1	10.610714285714298
1017	185.8367	185.9617	48	None	None	1	-5	10.610714285714298
1018	185.9617	186.0867	62	None	None	1	-1	10.610714285714296
1019	186.0867	186.2117	58	None	None	1	-2	10.610714285714298
1020	186.2117	186.3367	62	None	None	1	-1	10.610714285714298
1021	186.3367	186.4617	48	None	None	1	-5	10.610714285714298
1022	186.4617	186.5867	60	None	None	1	-1	10.610714285714296
1023	186.5867	186.7117	57	None	None	1	-2	10.610714285714296
1024	186.7117	186.8367	60	None	None	1	-1	10.610714285714298
1025	186.8367	186.9617	48	None	None	1	-5	10.610714285714298
1026	186.9617	187.0867	62	None	None	1	-1	10.610714285714296
1027	187.0867	187.2117	58	None	None	1	-2	10.610714285714298
1028	187.2117	187.3367	62	None	None	1	-1	10.610714285714298
1029	187.3367	187.4617	48	None	None	1	-5	10.610714285714298
1030	187.4617	187.5867	60	None	None	1	-1	10.610714285714296
1031	187.5867	187.7117	57	None	None	1	-2	10.610714285714296
1032	187.7117	187.8367	60	None	None	1	-1	10.610714285714298
1033	187.8367	187.9617	48	None	None	1	-5	10.610714285714298
1034	187.9617	188.0867	62	None	None	1	-1	10.610714285714296
1035	188.0867	188.2117	58	None	None	1	-2	10.610714285714298
1036	188.2117	188.3367	62	None	None	1	-1	10.610714285714298
1037	188.3367	188.4617	48	None	None	1	-5	10.610714285714298
1038	188.4617	188.5867	60	None	None	1	-1	10.598276474769047
1039	188.5867	188.7117	57	None	None	1	-2	10.597787846481912
1040	188.7117	188.8367	60	None	None	1	-1	10.597343638948155
1041	188.8367	188.9617	48	None	None	1	-5	10.58024164889821
1042	188.9617	189.0867	62	None	None	1	-1	10.532801620255164
1043	189.0867	189.2117	58	None	None	1	-2	10.519509461286312
1044	189.2117	189.3367	62	None	None	1	-1	10.507425680405536
1045	189.3367	189.4638	48	None	None	1	-5	10.442195641021346
1046	189.4638	189.5909	60	None	None	1	-1	10.416754664087865
1047	189.5909	189.7180	57	None	None	1	-2	10.415755197136901
1048	189.7180	189.8452	60	None	None	1	-1	10.414846590817849
1049	189.8452	189.9745	48	None	None	1	-5	10.37986524753454
1050	189.9745	190.1038	62	None	None	1	-1	9.185938500459596
1051	190.1038	190.2331	58	None	None	1	-2	9.071477115262727
1052	190.2331	190.3624	62	None	None	1	-1	8.967421310538239
1053	190.3624	190.4940	48	None	None	1	-5	7.325772033310406
1054	190.4940	190.6256	60	None	None	1	-1	8.020393823733798
1055	190.6256	190.7571	57	None	None	1	-2	8.496218523842892
1056	190.7571	190.8887	60	None	None	1	-1	8.534296273244415
1057	190.8887	191.0226	48	None	None	1	-5	6.834251875643062
1058	191.0226	191.1566	60	None	None	1	-1	5.556623688958565
1059	191.1566	191.2905	58	None	None	1	-2	5.092435806228186
1060	191.2905	191.4244	60	None	None	1	-1	4.710529364912044
1061	191.4244	384.9743	48	None	None	1	-5	3.021342919729083
1062	191.4244	384.9743	58	None	None	1	-2	1.1848991599624283
1063	191.4244	384.9743	60	None	None	1	-1	0.6963699506753699
1064	193.5498	387.6169	53	None	None	1	-5	1.258252790423772
1065	193.5498	387.6169	57	None	None	1	-4	1.4101278834530828
1066	193.5498	387.6169	60	None	None	1	-2	1.3736331567708169
1067	194.5843	389.4272	53	None	None	1	-5	1.6803631142952467
1068	194.5843	389.4272	57	None	None	1	-4	1.6378991783662629
1069	194.5843	389.4272	60	None	None	1	-2	1.5080413841847573
1070	195.1015	390.4617	53	None	None	1	-5	1.5878026926068542
1071	195.1015	390.4617	60	None	None	1	-2	1.7759156659153568
1072	195.1015	390.4617	63	None	None	1	-1	1.9248437939635876
1073	195.6188	391.7548	53	None	None	1	-4	1.6264841752303665
1074	195.6188	391.7548	58	None	None	1	-2	2.240680104998918
1075	195.6188	391.7548	62	None	None	1	-1	2.2725037283029863
1076	196.6533	393.5652	53	None	None	1	-4	2.480344983589519
1077	196.6533	393.5652	58	None	None	1	-2	2.476882109078013
1078	196.6533	393.5652	62	None	None	1	-1	2.494196481635549
1079	197.1705	394.5997	53	None	None	1	-5	1.969106697118395
1080	197.1705	394.5997	62	None	None	1	-2	1.784529681954786
1081	197.1705	394.5997	65	None	None	1	-1	2.4757029026991715
1082	197.6878	395.8928	53	None	None	1	-4	1.83607347768934
1083	197.6878	395.8928	57	None	None	1	-2	1.5606544832759353
1084	197.6878	395.8928	60	None	None	1	-1	2.211592232677367
1085	198.7222	397.7031	53	None	None	1	-4	2.800363656100723
1086	198.7222	397.7031	57	None	None	1	-2	2.875409018355928
1087	199.2395	398.7376	57	None	None	1	-2	4.140398044692713
1088	199.2395	398.7376	60	None	None	1	-1	4.638582402234608
1089	199.7567	400.0307	48	None	None	1	-5	3.9876446528331764
1090	199.7567	400.0307	57	None	None	1	-2	4.140398044692712
1091	199.7567	400.0307	60	None	None	1	-1	4.161228052673557
1092	200.2740	401.0652	48	None	None	1	-5	4.1487879090183295
1093	200.2740	401.0652	58	None	None	1	-2	3.6308584397446015
1094	200.2740	401.0652	62	None	None	1	-1	3.597009676775726
1095	200.7912	402.0997	48	None	None	1	-5	2.531641560255382
1096	200.7912	402.0997	57	None	None	1	-2	2.2424001840028445
1097	200.7912	402.0997	60	None	None	1	-1	2.648296033962957
1098	201.3084	403.1341	48	None	None	1	-5	2.179620854393936
1099	201.3084	403.1341	55	None	None	1	-2	2.3677338277024385
1100	201.3084	403.1341	58	None	None	1	-1	2.1255849849250987
1101	201.8257	403.9100	48	None	None	1	-5	2.0984625787000386
1102	201.8257	403.9100	54	None	None	1	-2	2.1242750731577833
1103	201.8257	403.9100	57	None	None	1	-1	2.347908353285475
1104	202.3429	404.9445	48	None	None	1	-5	2.0984625787000177
1105	202.3429	404.9445	54	None	None	1	-2	2.426473210326961
1106	202.3429	404.9445	57	None	None	1	-1	2.5037178232559207
1107	202.8602	405.9790	48	None	None	1	-5	2.8357764381357575
1108	202.8602	405.9790	54	None	None	1	-2	3.5899963104422175
1109	202.8602	405.9790	57	None	None	1	-1	3.6672409233711867
1110	203.3774	407.0134	48	None	None	1	-5	3.999299538251023
1111	203.3774	407.0134	54	None	None	1	-2	4.025554027476882
1112	203.3774	407.0134	57	None	None	1	-1	3.9937304041728114
1113	203.8947	408.0479	46	None	None	1	-5	3.7539580007980526
1114	203.8947	408.0479	53	None	None	1	-2	3.7033937993260295
1115	203.8947	408.0479	58	None	None	1	-1	3.259245311252969
1116	204.4119	409.0824	46	None	None	1	-5	2.960392557861111
1117	204.4119	409.0824	53	None	None	1	-2	2.743638323578948
1118	204.4119	409.0824	58	None	None	1	-1	2.5262562466716743
1119	204.9291	410.1169	48	None	None	1	-4	2.088187958116517
1120	204.9291	410.1169	53	None	None	1	-2	2.585346932801144
1121	204.9291	410.1169	57	None	None	1	-1	3.090762104263227
1122	205.4464	411.1514	48	None	None	1	-5	8.293237891788698
1123	205.4464	411.1514	55	None	None	1	-3	8.63287501893141
1124	205.4464	411.1514	58	None	None	1	-2	9.14366065621535
1125	205.9636	206.1360	53	None	None	1	-4	9.79019494397452
1126	206.1360	206.3084	60	None	None	1	-1	9.269715736340446
1127	206.3084	206.4809	57	None	None	1	-2	9.265782644912788
1128	206.4809	206.6533	53	None	None	1	-1	5.066842472417122
1129	206.6533	206.8257	48	None	None	1	-2	4.54497940186815
1130	206.8257	206.9981	45	None	None	1	-3	7.414024538797628
1131	206.9981	207.1705	41	None	None	1	-5	7.168861777512389
1132	207.1705	207.3429	45	None	None	1	-4	6.471830428917561
1133	207.3429	207.5153	48	None	None	1	-3	6.727481438054993
1134	207.5153	207.6878	45	None	None	1	-5	9.136110209158087
1135	207.6878	207.8602	48	None	None	1	-4	11.832722890283108
1136	207.8602	208.0326	53	None	None	1	-2	11.515811010635426
1137	208.0326	208.2050	53	None	None	1	-4	9.700033407976274
1138	208.2050	208.3774	62	None	None	1	-1	9.864567767064585
1139	208.3774	208.5498	58	None	None	1	-2	9.526139746932
1140	208.5498	208.7222	53	None	None	1	-1	2.9873738820158726
1141	208.7222	208.8947	50	None	None	1	-2	2.9441098672755057
1142	208.8947	209.0671	46	None	None	1	-3	8.594473628358452
1143	209.0671	209.2395	41	None	None	1	-5	8.703453054449392
1144	209.2395	209.4119	46	None	None	1	-4	8.26324470626099
1145	209.4119	209.5843	50	None	None	1	-3	8.038465366343791
1146	209.5843	209.7567	46	None	None	1	-5	10.715964677613194
1147	209.7567	209.9291	50	None	None	1	-4	12.763466985616057
1148	209.9291	210.1015	53	None	None	1	-3	14.115285348801825
1149	210.1015	210.2740	53	None	None	1	-5	15.604944004944514
1150	210.2740	210.4464	65	None	None	1	-1	14.883877092605152
1151	210.4464	210.6188	60	None	None	1	-2	14.413217074817982
1152	210.6188	210.7912	57	None	None	1	-1	9.776028393310536
1153	210.7912	210.9636	53	None	None	1	-2	12.944789715355107
1154	210.9636	211.1360	48	None	None	1	-1	11.182400337949897
1155	211.1360	211.3084	45	None	None	1	-2	11.178467245700777
1156	211.3084	211.4809	41	None	None	1	-3	11.91432902121566
1157	211.4809	211.6533	36	None	None	1	-5	14.236732095912672
1158	211.6533	211.8257	41	None	None	1	-4	12.436058621983557
1159	211.8257	211.9981	45	None	None	1	-3	13.019311658472166
1160	211.9981	212.1705	48	None	None	1	-2	12.78494478140385
1161	212.1705	424.5997	48	None	None	1	-5	7.502461315692734
1162	212.1705	424.5997	57	None	None	1	-3	6.543689517005488
1163	212.1705	424.5997	60	None	None	1	-2	5.83196827613732
1164	212.6878	425.6341	60	None	None	1	-5	4.148787909018414
1165	212.6878	425.6341	70	None	None	1	-2	3.630858439744686
1166	212.6878	425.6341	74	None	None	1	-1	3.5970096767758095
1167	213.2050	426.6686	60	None	None	1	-5	2.5316415602554048
1168	213.2050	426.6686	69	None	None	1	-2	2.242400184002833
1169	213.2050	426.6686	72	None	None	1	-1	2.648296033962928
1170	213.7222	427.7031	60	None	None	1	-5	2.179620854393896
1171	213.7222	427.7031	67	None	None	1	-2	2.3677338277023985
1172	213.7222	427.7031	70	None	None	1	-1	2.1255849849250588
1173	214.2395	428.7376	60	None	None	1	-5	2.0984625786999973
1174	214.2395	428.7376	66	None	None	1	-2	2.1242750731577456
1175	214.2395	428.7376	69	None	None	1	-1	2.3479083532854386
1176	214.7567	429.7721	60	None	None	1	-5	2.0984625786999973
1177	214.7567	429.7721	66	None	None	1	-2	2.4264732103269537
1178	214.7567	429.7721	69	None	None	1	-1	2.5037178232559256
1179	215.2740	430.8065	60	None	None	1	-5	2.835776438135759
1180	215.2740	430.8065	66	None	None	1	-2	3.5899963104422206
1181	215.2740	430.8065	69	None	None	1	-1	3.6672409233711925
1182	215.7912	431.8410	60	None	None	1	-5	3.9992995382510257
1183	215.7912	431.8410	66	None	None	1	-2	4.025554027476886
1184	215.7912	431.8410	69	None	None	1	-1	3.9937304041728163
1185	216.3084	432.8755	58	None	None	1	-5	3.7539580007980557
1186	216.3084	432.8755	65	None	None	1	-2	3.703393799326043
1187	216.3084	432.8755	70	None	None	1	-1	3.259245311252996
1188	216.8257	433.9100	58	None	None	1	-5	2.9603925578611667
1189	216.8257	433.9100	65	None	None	1	-2	9.017389502567605
1190	216.8257	433.9100	70	None	None	1	-1	9.034075718276146
1191	217.3429	434.9445	60	None	None	1	-4	8.570101755786125
1192	217.3429	434.9445	65	None	None	1	-2	8.695285088423613
1193	217.3429	434.9445	69	None	None	1	-1	8.869652100552253
1194	217.8602	435.9790	60	None	None	1	-5	8.361161913620592
1195	217.8602	435.9790	67	None	None	1	-4	7.491580862597001
1196	217.8602	435.9790	70	None	None	1	-3	7.60703472084041
1197	218.3774	437.0275	46	None	None	1	-3	2.100526141686499
1198	218.3774	437.0275	52	None	None	1	-2	1.3680353555283404
1199	218.3774	437.0275	55	None	None	1	-1	1.5453399368926175
1200	218.9229	438.1185	46	None	None	1	-5	1.2524335216757927
1201	218.9229	438.1185	52	None	None	1	-2	1.5738502241377383
1202	218.9229	438.1185	55	None	None	1	-1	1.5943292782376162
1203	219.4683	439.2045	46	None	None	1	-5	2.1531763529765158
1204	219.4683	439.2045	52	None	None	1	-2	2.902327351404082
1205	219.4683	439.2045	55	None	None	1	-1	2.923362807840178
1206	220.0040	440.2759	46	None	None	1	-5	3.4904981349025865
1207	220.0040	440.2759	52	None	None	1	-2	3.396643393969293
1208	220.0040	440.2759	55	None	None	1	-1	3.530122321801914
1209	220.5397	441.3427	44	None	None	1	-5	3.3448614196882653
1210	220.5397	441.3427	51	None	None	1	-3	3.1282136012146227
1211	220.5397	441.3427	56	None	None	1	-1	3.0225019907277444
1212	221.0661	442.3953	44	None	None	1	-5	2.6973559772661684
1213	221.0661	442.3953	51	None	None	1	-3	4.271201947757811
1214	221.0661	442.3953	56	None	None	1	-1	3.909309444277536
1215	221.5924	443.4526	46	None	None	1	-4	4.571619981259841
1216	221.5924	443.4526	51	None	None	1	-2	4.3897172201554016
1217	221.5924	443.4526	55	None	None	1	-1	7.625221494680738
1218	222.1281	444.5240	46	None	None	1	-5	7.310715074134991
1219	222.1281	444.5240	53	None	None	1	-3	6.726393028182339
1220	222.1281	444.5240	56	None	None	1	-2	6.636786286609304
1221	223.7352	224.0080	66	None	None	1	-1	5.042220483287694
1222	224.2807	224.5534	63	None	None	1	-3	6.170491672925536
1223	224.8261	225.1039	68	None	None	1	-1	7.908045165649448
1224	225.3817	225.6595	68	None	None	1	-1	8.001547149776432
1225	226.5142	226.8026	44	None	None	1	-5	4.53510049830032
1226	227.0911	227.3796	44	None	None	1	-5	4.53510049830032
1227	228.2450	228.5334	45	None	None	1	-4	4.908152193416001
1228	228.8219	229.1103	45	None	None	1	-5	4.783949387293553
1229	229.9757	230.2642	57	None	None	1	-2	4.2566753066600205
1230	230.5526	230.8411	58	None	None	1	-1	2.3640393430533932
1231	231.1296	231.4180	46	None	None	1	-5	2.0618775542690955
1232	231.7065	232.0006	48	None	None	1	-4	3.7825042420459862
1233	232.2947	232.5947	48	None	None	1	-5	3.6388442996828734
1234	232.8947	466.0956	48	None	None	1	-5	4.696376669819713
1235	232.8947	466.0956	55	None	None	1	-2	4.66917722779735
1236	232.8947	466.0956	58	None	None	1	-1	4.1499906799387585
1237	233.5070	467.3331	48	None	None	1	-5	4.007361400887454
1238	233.5070	467.3331	55	None	None	1	-2	4.062787109295213
1239	233.5070	467.3331	58	None	None	1	-1	3.9172853026207872
1240	234.1453	468.8322	41	None	None	1	-5	2.4107432585697204
1241	234.1453	468.8322	53	None	None	1	-2	1.4705576096677853
1242	235.7002	472.3579	57	None	None	1	-2	1.154394503089114
1243	235.7002	472.3579	60	None	None	1	-1	1.1798471945380475
1244	236.6577	473.6345	55	None	None	1	-2	2.474983336149484
1245	236.6577	473.6345	58	None	None	1	-1	2.1185082153547232
1246	236.9768	474.5920	53	None	None	1	-2	2.1162282616230756
1247	236.9768	474.5920	57	None	None	1	-1	2.229702121430834
1248	237.6151	475.8685	51	None	None	1	-3	2.765618556722867
1249	237.6151	475.8685	57	None	None	1	-1	2.7965445281920327
1250	238.2534	477.1451	50	None	None	1	-4	2.550096423838461
1251	238.2534	477.1451	57	None	None	1	-1	2.3559545595999762
1252	238.8917	479.0334	43	None	None	1	-5	1.3109870408921922
1253	238.8917	479.0334	50	None	None	1	-4	0.6652434842364546
1254	238.8917	479.0334	55	None	None	1	-2	0.5459582967545188
1255	240.1417	481.5600	48	None	None	1	-5	0.6716499744880298
1256	240.1417	481.5600	58	None	None	1	-1	0.50228115347578
1257	241.4183	483.2116	53	None	None	1	-2	0.5295114652144899
1258	241.4183	483.2116	57	None	None	1	-1	0.9446420100640627
1259	242.1683	484.7116	53	None	None	1	-2	1.2911813642601642
1260	242.1683	484.7116	57	None	None	1	-1	1.4461915960185765
1261	246.7585	494.3825	45	None	None	1	-2	1.2028358492129985
1262	246.7585	494.3825	48	None	None	1	-1	1.2324781797585866
1263	247.6239	495.5363	43	None	None	1	-2	2.5440289398747127
1264	247.6239	495.5363	46	None	None	1	-1	2.1505145659172635
1265	247.9124	496.4631	41	None	None	1	-2	2.1182475897342785
1266	247.9124	496.4631	45	None	None	1	-1	4.144517569347121
1267	248.5507	497.7397	39	None	None	1	-3	4.417802104320492
1268	248.5507	497.7397	45	None	None	1	-1	4.570555027215092
1269	249.1890	499.0163	38	None	None	1	-4	4.93403064748326
1270	249.1890	499.0163	45	None	None	1	-1	6.318316300268199
1271	249.8273	499.9737	31	None	None	1	-5	5.291489081158514
1272	249.8273	499.9737	38	None	None	1	-4	4.987174450794515
1273	249.8273	499.9737	43	None	None	1	-2	5.345653872129661
1274	251.1039	502.8599	53	None	None	1	-2	4.070495915712054
1275	251.1039	502.8599	58	None	None	1	-1	3.8273958936321297
1276	251.7560	504.1788	51	None	None	1	-4	6.069606845883547
1277	251.7560	504.1788	58	None	None	1	-1	5.420966540200199
1278	252.4227	505.4704	44	None	None	1	-5	4.343368820871884
1279	252.4227	505.4704	51	None	None	1	-3	5.963775894690179
1280	252.4227	505.4704	56	None	None	1	-1	6.807479292741387
1281	254.9227	510.4837	40	None	None	1	-5	6.341858155281475
1282	254.9227	510.4837	47	None	None	1	-3	6.402299414177141
1283	254.9227	510.4837	52	None	None	1	-1	6.54388600218038
1284	255.5610	511.4412	33	None	None	1	-5	4.03497801535449
1285	255.5610	511.4412	40	None	None	1	-4	3.073239359757748
1286	255.5610	511.4412	45	None	None	1	-2	2.964156403808793
1287	258.1993	517.6752	65	None	None	1	-2	2.441852736651187
1288	258.1993	517.6752	75	None	None	1	-1	1.6625818517981579
1289	259.4759	519.2710	70	None	None	1	-5	1.427320042633111
1290	259.4759	519.2710	74	None	None	1	-3	1.413050888294405
1291	260.1142	520.5476	70	None	None	1	-5	1.3482472507010468
1292	260.1142	520.5476	74	None	None	1	-1	1.208653092224528
1293	260.7525	523.4199	70	None	None	1	-2	1.00911109963499
1294	260.7525	523.4199	74	None	None	1	-1	1.522841029647326
1295	266.4005	534.0775	48	None	None	1	-5	1.4337804238272145
1296	266.4005	534.0775	58	None	None	1	-2	2.544076745910745
1297	267.6771	535.6733	53	None	None	1	-2	2.511594211885912
1298	267.6771	535.6733	57	None	None	1	-1	2.6529885594240015
1299	268.3154	536.9499	53	None	None	1	-5	2.4502624398760102
1300	268.3154	536.9499	57	None	None	1	-3	2.2729724028237115
1301	268.9537	539.8222	53	None	None	1	-5	2.0298267896312754
1302	268.9537	539.8222	60	None	None	1	-4	1.3412089035342023
1303	271.5069	544.2903	65	None	None	1	-4	2.331423699709977
1304	271.5069	544.2903	75	None	None	1	-1	2.059154248441705
1305	272.7834	545.8860	70	None	None	1	-2	2.0095574509446927
1306	272.7834	545.8860	74	None	None	1	-1	1.986169292902647
1307	273.4217	547.1626	70	None	None	1	-2	1.7866273003131101
1308	273.4217	547.1626	74	None	None	1	-1	1.6052254888680755
1309	274.0600	274.1398	70	None	None	1	-2	1.4056834962785207
1310	274.1398	274.2196	74	None	None	1	-1	1.3108049819752552
1311	282.6132	566.5031	48	None	None	1	-5	0.9869065924358368
1312	282.6132	566.5031	58	None	None	1	-1	1.895608242887022
1313	283.8898	568.0988	53	None	None	1	-2	2.382939859178055
1314	283.8898	568.0988	57	None	None	1	-1	3.258986551235262
1315	284.5281	569.3754	53	None	None	1	-5	3.731260320348643
1316	284.5281	569.3754	57	None	None	1	-3	4.512022433628671
1317	285.1664	572.2477	53	None	None	1	-5	4.750806502261764
1318	285.1664	572.2477	60	None	None	1	-1	5.564569131061646
1319	287.8313	287.9385	53	None	None	1	-4	6.765326745791217
1320	287.9385	288.0456	54	None	None	1	-2	7.673134049858012
1321	288.2599	288.3670	51	None	None	1	-5	7.189864981112657
1322	288.3670	288.4742	54	None	None	1	-3	6.637693015147498
1323	288.6885	288.7956	53	None	None	1	-4	6.584748734263561
1324	288.7956	288.9027	54	None	None	1	-3	5.6523007942726675
1325	289.1170	289.2242	51	None	None	1	-5	5.9753035846819
1326	289.2242	289.3313	54	None	None	1	-4	6.199202052115246
1327	289.5456	579.3797	60	None	None	1	-2	6.444904231291895
1328	289.5456	579.3797	69	None	None	1	-1	5.233703976257636
1329	290.1225	580.5335	60	None	None	1	-5	5.381557167675482
1330	290.1225	580.5335	69	None	None	1	-2	5.8597437440300215
1331	290.6995	585.3989	69	None	None	1	-2	6.5330017477965265
1332	290.6995	585.3989	72	None	None	1	-1	7.330657455537599
1333	294.6995	294.8066	41	None	None	1	-5	7.510560086546252
1334	294.8066	294.9137	42	None	None	1	-2	7.67313404985801
1335	295.1280	295.2352	39	None	None	1	-5	7.189864981112653
1336	295.2352	295.3423	42	None	None	1	-3	6.6376930151474935
1337	295.5566	295.6637	41	None	None	1	-4	6.584748734263559
1338	295.6637	295.7709	42	None	None	1	-3	5.652300794272667
1339	295.9852	296.0923	39	None	None	1	-5	4.932342396141442
1340	296.0923	296.1995	42	None	None	1	-4	4.510886457444446
1341	296.4137	593.1159	48	None	None	1	-2	4.49285477406868
1342	296.4137	593.1159	57	None	None	1	-1	3.445509446962146
1343	296.9907	594.2698	48	None	None	1	-5	8.957410754629281
1344	296.9907	594.2698	57	None	None	1	-2	10.080951737113988
1345	297.5676	599.1352	57	None	None	1	-2	10.946569170528067
1346	297.5676	599.1352	60	None	None	1	-1	11.65174438324627
1347	301.5676	301.6747	53	None	None	1	-3	11.702881585750257
1348	301.6747	301.7819	54	None	None	1	-1	5.028690079807614
1349	301.9962	302.1033	51	None	None	1	-2	5.589766602317581
1350	302.1033	302.2104	54	None	None	1	-1	6.31505181859482
1351	302.4247	302.5319	41	None	None	1	-4	4.644849724598267
1352	302.5319	302.6390	42	None	None	1	-2	4.6898804674445485
1353	302.8533	302.9604	39	None	None	1	-5	5.514301680282657
1354	302.9604	303.0676	42	None	None	1	-2	6.187629752058612
1355	303.2819	303.3890	38	None	None	1	-4	7.4804145919831475
1356	303.3890	303.4962	42	None	None	1	-2	8.457138729914297
1357	303.7104	303.8176	39	None	None	1	-4	8.274179387808294
1358	303.8176	303.9247	42	None	None	1	-2	8.59446804291571
1359	304.1390	304.2462	35	None	None	1	-1	8.105061263254676
1360	304.2462	304.3533	42	None	None	1	-2	8.499781100508828
1361	304.5676	304.6747	34	None	None	1	-5	8.344719061961916
1362	304.6747	304.7819	42	None	None	1	-1	5.601525742609523
1363	304.9962	305.1033	33	None	None	1	-4	6.428532550016075
1364	305.1033	305.2104	41	None	None	1	-1	7.07011196859758
1365	305.4247	611.0161	33	None	None	1	-5	6.341222742913731
1366	305.4247	611.0161	41	None	None	1	-2	7.133013006818747
1367	305.4247	611.0161	45	None	None	1	-1	8.300892856891743
1368	305.5914	611.3495	33	None	None	1	-5	6.794196418903665
1369	305.5914	611.3495	41	None	None	1	-2	6.645535697159968
1370	305.5914	611.3495	45	None	None	1	-1	6.905456331829493
1371	305.7581	611.6828	33	None	None	1	-5	5.358581351165006
1372	305.7581	611.6828	41	None	None	1	-2	4.463979093353662
1373	305.7581	611.6828	45	None	None	1	-1	4.9257846494114865
1374	305.9247	612.0995	33	None	None	1	-5	4.735263625329423
1375	305.9247	612.0995	41	None	None	1	-2	4.530607160917588
1376	305.9247	612.0995	45	None	None	1	-1	5.819609709809854
1377	306.9247	613.9995	29	None	None	1	-5	5.763613967141998
1378	306.9247	617.1613	30	None	None	1	-3	6.624967460795409
1379	307.0747	307.2247	30	None	None	1	-3	7.613614575270127
1380	307.2247	307.3747	32	None	None	1	-2	8.581367124413552
1381	307.3747	307.4734	30	None	None	1	-3	9.271312940187228
1382	307.4734	307.5721	29	None	None	1	-4	9.271312940187226
1383	307.5721	307.6708	30	None	None	1	-2	9.135099337748327
1384	307.6708	307.7695	29	None	None	1	-3	9.135099337748327
1385	307.7695	307.8681	30	None	None	1	-2	9.13509933774833
1386	307.8681	307.9668	29	None	None	1	-3	9.13509933774833
1387	307.9668	308.0655	30	None	None	1	-2	9.135099337748327
1388	308.0655	308.1642	29	None	None	1	-3	9.135099337748327
1389	308.1642	308.2629	30	None	None	1	-2	9.13509933774833
1390	308.2629	308.3616	29	None	None	1	-3	9.13509933774833
1391	308.3616	308.4603	30	None	None	1	-2	9.135099337748327
1392	308.4603	308.5589	29	None	None	1	-3	9.135099337748327
1393	308.5589	308.6576	30	None	None	1	-2	9.13509933774833
1394	308.6576	308.7563	29	None	None	1	-3	9.135099337748018
1395	308.7563	308.8550	30	None	None	1	-2	9.13509933774836
1396	308.8550	308.9537	29	None	None	1	-3	9.13509933774836
1397	308.9537	309.0524	30	None	None	1	-2	9.13509933774836
1398	309.0524	309.1510	29	None	None	1	-3	9.135099337748048
1399	309.1510	309.2497	30	None	None	1	-2	9.135099337748391
1400	309.2497	309.3484	29	None	None	1	-3	9.13509933774839
1401	309.3484	309.4471	30	None	None	1	-2	9.135099337748391
1402	309.4471	309.5458	29	None	None	1	-3	9.135099337748391
1403	309.5458	309.6445	30	None	None	1	0	-1
1404	309.6445	309.7431	29	None	None	1	0	-1
1405	309.7431	309.8418	30	None	None	1	0	-1
1406	309.8418	309.9405	29	None	None	1	0	-1
1407	309.9405	310.0392	30	None	None	1	0	-1
1408	310.0392	310.1379	29	None	None	1	0	-1
1409	310.1379	310.2366	30	None	None	1	0	-1
1410	310.2366	310.8366	29	None	None	1	0	-1
1411	315.4116	631.1981	52	None	None	1	-5	1.7809485164391485
1412	315.4116	631.1981	56	None	None	1	-3	1.8723209968062682
1413	315.4116	631.1981	61	None	None	1	-1	1.8834208619694524
1414	316.1616	632.6981	52	None	None	1	-5	1.8191896491797659
1415	316.1616	632.6981	56	None	None	1	-3	1.8429585199029568
1416	316.1616	632.6981	61	None	None	1	-1	2.5118357789283756
1417	316.9911	636.9822	49	None	None	1	-5	2.661428090819663
1418	316.9911	636.9822	56	None	None	1	-3	2.4018159803195522
1419	316.9911	636.9822	61	None	None	1	-1	2.203714604889596
1420	322.9911	323.3103	49	None	None	1	-5	2.4967321091425903
1421	323.3103	323.6294	56	None	None	1	-2	2.721023344142835
1422	323.6294	323.9486	49	None	None	1	-5	2.711960771244047
1423	323.9486	324.2677	56	None	None	1	-1	2.562209226172781
1424	324.2677	324.5738	48	None	None	1	-5	3.0085090858331807
1425	324.5738	324.8800	56	None	None	1	-2	2.3798875931763823
1426	324.8800	325.1861	49	None	None	1	-5	2.3758296744128735
1427	325.1861	325.4922	56	None	None	1	-3	1.8101288540788096
1428	325.4922	325.7983	51	None	None	1	-5	1.7945603610386311
1429	325.7983	326.1044	56	None	None	1	-3	1.7945603610386311
1430	326.1044	326.4106	52	None	None	1	-5	1.7945603610386311
1431	326.4106	326.7167	56	None	None	1	-3	1.7945603610386311
1432	326.7167	327.0358	61	None	None	1	-1	1.7945603610386311
1433	327.0358	327.3550	56	None	None	1	-3	1.7945603610386311
1434	327.3550	327.6741	52	None	None	1	-5	1.7945603610386311
1435	327.6741	327.9933	56	None	None	1	-3	1.7945603610386311
1436	327.9933	328.2994	51	None	None	1	-5	1.7945603610386311
1437	328.2994	328.6055	56	None	None	1	0	1.7945603610386311
