0	0.0000	0.5000	58	None	None	0	1	1.3401160276398374
1	0.0000	0.5000	65	None	None	0	3	2.0846280300066793
2	0.0000	0.5000	70	None	None	0	5	2.1124314775273274
3	0.5000	1.6122	58	None	None	0	1	2.5272607201220745
4	0.5000	1.6122	65	None	None	0	3	2.637460401572005
5	0.5000	1.6122	70	None	None	0	5	2.7318429640242043
6	1.1122	2.8367	57	None	None	0	1	2.493913164597271
7	1.1122	2.8367	65	None	None	0	3	2.3015580229226416
8	1.1122	2.8367	69	None	None	0	5	2.0009491404011523
9	1.7245	4.0612	58	None	None	0	1	1.782199140401148
10	1.7245	4.0612	65	None	None	0	3	1.603895616220383
11	1.7245	4.0612	70	None	None	0	5	1.5560889475933672
12	2.3367	5.2857	60	None	None	0	1	1.5461547337210375
13	2.3367	5.2857	65	None	None	0	2	6.560354204779663
14	2.3367	5.2857	72	None	None	0	5	6.893722583316044
15	2.9490	7.7868	62	None	None	0	1	7.749748724448325
16	2.9490	7.7868	65	None	None	0	2	7.983829587214883
17	2.9490	7.7868	74	None	None	0	5	7.601238353827314
18	4.8378	9.9818	60	None	None	0	1	7.966910130445046
19	4.8378	9.9818	65	None	None	0	2	8.234039599886463
20	4.8378	9.9818	72	None	None	0	5	8.31951132813064
21	5.1439	10.5940	58	None	None	0	1	2.930771965126494
22	5.1439	10.5940	65	None	None	0	3	2.538533192466633
23	5.1439	10.5940	70	None	None	0	5	2.491991835970687
24	5.4501	11.5124	60	None	None	0	1	2.6126745835193166
25	5.4501	11.5124	65	None	None	0	2	5.142535924608723
26	5.4501	11.5124	72	None	None	0	5	5.103693091372178
27	6.0623	12.7369	60	None	None	0	1	5.196328796561608
28	6.0623	12.7369	65	None	None	0	2	5.834566906883994
29	6.0623	12.7369	72	None	None	0	5	6.137140643923214
30	6.6746	13.9614	60	None	None	0	1	6.344706049748908
31	6.6746	13.9614	65	None	None	0	2	7.277542150021054
32	6.6746	13.9614	72	None	None	0	5	7.2952889747207985
33	7.2868	14.8797	58	None	None	0	1	4.912060101526427
34	7.2868	14.8797	65	None	None	0	3	4.480161605441041
35	7.2868	14.8797	70	None	None	0	5	4.446695279092052
36	7.5929	15.4920	57	None	None	0	1	3.5325404166778824
37	7.5929	15.4920	65	None	None	0	3	3.367592078743752
38	7.5929	15.4920	69	None	None	0	5	2.963737570221551
39	7.8990	17.7130	58	None	None	0	1	2.0316389713850733
40	7.8990	16.4364	65	None	None	0	3	1.7503527167652948
41	7.8990	17.7130	70	None	None	0	5	2.2000912532072494
42	8.5373	17.7130	63	None	None	0	1	2.2889263117263305
43	8.5373	17.7130	67	None	None	0	3	2.467072852489755
44	9.1756	18.9896	62	None	None	0	1	2.5066214230245274
45	9.1756	18.9896	65	None	None	0	2	2.511645703619111
46	9.8139	20.2662	70	None	None	0	2	3.811892254807434
47	9.8139	20.2662	70	None	None	0	5	3.6121475295844547
48	10.4522	22.7933	63	None	None	0	1	3.089619406958944
49	10.4522	22.7933	70	None	None	0	3	3.0843936109060386
50	10.4522	22.7933	75	None	None	0	5	2.882729395567225
51	12.3411	24.9883	63	None	None	0	1	3.1483025698037714
52	12.3411	24.9883	70	None	None	0	3	4.607942808706557
53	12.3411	24.9883	74	None	None	0	5	4.7830710553651095
54	12.6472	25.6005	63	None	None	0	1	3.778530084032792
55	12.6472	25.6005	70	None	None	0	4	3.978035750697865
56	12.6472	25.6005	72	None	None	0	5	3.836413394848253
57	12.9533	26.5189	62	None	None	0	1	4.271106809789884
58	12.9533	26.5189	70	None	None	0	3	3.6745222001043145
59	12.9533	26.5189	74	None	None	0	5	3.6720292104425445
60	13.5656	27.7434	57	None	None	0	1	2.493913164597269
61	13.5656	27.7434	65	None	None	0	3	5.540813037249286
62	13.5656	27.7434	69	None	None	0	5	5.257364294810574
63	14.1778	28.9679	58	None	None	0	1	4.993982808022921
64	14.1778	28.9679	65	None	None	0	3	4.69951087497649
65	14.1778	28.9679	70	None	None	0	5	4.799830712312803
66	14.7901	30.1924	60	None	None	0	1	4.727481354666166
67	14.7901	30.1924	65	None	None	0	2	4.580622552300556
68	14.7901	30.1924	72	None	None	0	5	5.177673630492805
69	15.4023	31.7137	58	None	None	0	1	1.9735939874116222
70	15.4023	31.7137	65	None	None	0	2	1.3995064371421257
71	15.4023	31.7137	70	None	None	0	4	1.621477746237359
72	16.3114	33.4123	62	None	None	0	1	1.8068856006340663
73	16.3114	33.4123	65	None	None	0	2	1.7973086698588883
74	16.3114	33.4123	70	None	None	0	3	1.5413944598564453
75	16.3114	33.4123	74	None	None	0	5	2.6607852480699083
76	17.1009	36.0199	60	None	None	0	1	2.171387754289587
77	17.1009	36.0199	65	None	None	0	2	2.4796729373711224
78	17.1009	36.0199	69	None	None	0	3	2.8801224162589953
79	17.1009	36.0199	72	None	None	0	5	2.8222759191492166
80	28.4190	57.5199	58	None	None	0	1	2.9759265255874765
81	28.4190	57.5199	65	None	None	0	3	3.7242146036396857
82	28.4190	57.5199	70	None	None	0	5	3.7526996401112633
83	29.1009	58.8140	58	None	None	0	1	2.9874690162542517
84	29.1009	58.8140	65	None	None	0	3	2.707827491822798
85	29.1009	58.8140	70	None	None	0	5	2.731842964024207
86	29.7131	60.0385	57	None	None	0	1	2.4939131645972727
87	29.7131	60.0385	65	None	None	0	3	2.3015580229226433
88	29.7131	60.0385	69	None	None	0	5	2.0009491404011537
89	30.3254	61.2630	58	None	None	0	1	1.7821991404011466
90	30.3254	61.2630	65	None	None	0	3	1.6038956162203808
91	30.3254	61.2630	70	None	None	0	5	1.5560889475933648
92	30.9376	62.4874	60	None	None	0	1	1.5461547337210348
93	30.9376	62.4874	65	None	None	0	2	6.560354204779637
94	30.9376	62.4874	72	None	None	0	5	6.893722583316016
95	31.5498	64.9885	62	None	None	0	1	7.749748724448293
96	31.5498	64.9885	65	None	None	0	2	7.98382958721485
97	31.5498	64.9885	74	None	None	0	5	7.6012383538272825
98	33.4387	67.1835	60	None	None	0	1	7.966910130445014
99	33.4387	67.1835	65	None	None	0	2	8.219176219127904
100	33.4387	67.1835	72	None	None	0	5	8.301109047191478
101	33.7448	67.7957	58	None	None	0	1	2.8992669062686827
102	33.7448	67.7957	65	None	None	0	3	2.4921647528502935
103	33.7448	67.7957	70	None	None	0	5	2.442084496173745
104	34.0509	68.7402	60	None	None	0	1	2.549664465803694
105	34.0509	68.7402	65	None	None	0	2	4.963626825978401
106	34.0509	68.7402	72	None	None	0	5	4.9235945290700425
107	34.6892	70.0168	60	None	None	0	1	5.012961315650188
108	34.6892	70.0168	65	None	None	0	2	5.633175029802166
109	34.6892	70.0168	72	None	None	0	5	5.926519390932954
110	35.3275	71.2934	60	None	None	0	1	6.129407034528857
111	35.3275	71.2934	65	None	None	0	2	7.035063098209477
112	35.3275	71.2934	72	None	None	0	5	7.052432517756185
113	35.9658	72.2508	58	None	None	0	1	4.757096148289303
114	35.9658	72.2508	65	None	None	0	3	4.342732902598798
115	35.9658	72.2508	70	None	None	0	5	4.314059187992408
116	36.2850	72.8891	57	None	None	0	1	3.43875514931149
117	36.2850	72.8891	65	None	None	0	3	3.2959518713477376
118	36.2850	72.8891	69	None	None	0	5	2.8648834117665194
119	36.6041	75.0450	58	None	None	0	1	1.5607272814366167
120	36.6041	73.8205	65	None	None	0	3	1.3310362004240526
121	36.6041	75.0450	70	None	None	0	5	1.6099749283667577
122	37.2164	75.0450	63	None	None	0	1	1.5167084527220553
123	37.2164	75.0450	67	None	None	0	3	1.5996955587392478
124	37.8286	76.2695	62	None	None	0	1	1.784930716506905
125	37.8286	76.2695	65	None	None	0	2	1.862759231518974
126	38.4409	77.4940	62	None	None	0	1	1.9237107127590776
127	38.4409	77.4940	65	None	None	0	2	3.305404640852264
128	38.4409	77.4940	74	None	None	0	5	3.0908759423614014
129	39.0531	79.9950	62	None	None	0	1	3.2984413481870893
130	39.0531	79.9950	67	None	None	0	2	3.289003579112494
131	39.0531	79.9950	74	None	None	0	5	3.338994959926139
132	40.9419	82.1900	60	None	None	0	1	4.5751406338079645
133	40.9419	82.1900	67	None	None	0	3	5.085615956772942
134	40.9419	82.1900	72	None	None	0	5	5.114297600306508
135	41.2481	82.8023	59	None	None	0	1	4.087367282528509
136	41.2481	82.8023	67	None	None	0	2	3.676940026861455
137	41.2481	82.8023	71	None	None	0	4	3.4460542224813904
138	41.5542	83.7206	63	None	None	0	1	3.497034959899783
139	41.5542	83.7206	67	None	None	0	2	3.4889845333484217
140	41.5542	83.7206	75	None	None	0	5	2.9162349303129487
141	42.1664	84.9451	62	None	None	0	1	2.6336138439627734
142	42.1664	84.9451	67	None	None	0	2	2.624588055997159
143	42.1664	84.9451	74	None	None	0	5	2.6835063941060406
144	42.7787	86.2392	60	None	None	0	1	2.2049167729662713
145	42.7787	86.2392	67	None	None	0	3	2.2876531626510808
146	42.7787	86.2392	72	None	None	0	5	3.2639125946292005
147	43.4605	87.5332	60	None	None	0	1	2.8922629867505867
148	43.4605	87.5332	69	None	None	0	3	2.8599288027425125
149	43.4605	87.5332	72	None	None	0	5	3.6394634151734317
150	44.0727	90.0343	60	None	None	0	1	3.5622019086596435
151	44.0727	90.0343	65	None	None	0	2	3.991372694937422
152	44.0727	90.0343	69	None	None	0	3	3.788667910269096
153	44.0727	90.0343	72	None	None	0	5	3.9287981819714455
154	45.9616	92.2293	58	None	None	0	1	4.353265981342682
155	45.9616	92.2293	65	None	None	0	3	5.598705445730946
156	45.9616	92.2293	70	None	None	0	5	5.747386816418741
157	46.2677	92.8415	57	None	None	0	1	5.005539081064235
158	46.2677	92.8415	65	None	None	0	2	4.505890366839733
159	46.2677	92.8415	69	None	None	0	4	4.04218166552586
160	46.5738	93.8295	62	None	None	0	1	4.13215403087923
161	46.5738	93.8295	65	None	None	0	2	4.233324960277055
162	46.5738	93.8295	74	None	None	0	5	3.3452586945631024
163	47.2556	95.1931	57	None	None	0	1	2.2719821164900096
164	47.2556	95.1931	65	None	None	0	3	2.4393524560987156
165	47.2556	95.1931	69	None	None	0	5	2.2417818580920725
166	47.9375	96.5567	58	None	None	0	1	1.8240539142013366
167	47.9375	96.5567	65	None	None	0	3	1.7281236816431969
168	47.9375	96.5567	70	None	None	0	5	2.87138545772473
169	48.6193	97.9204	60	None	None	0	1	2.753710413681615
170	48.6193	97.9204	65	None	None	0	2	2.552561792195473
171	48.6193	97.9204	72	None	None	0	5	2.5148749151190595
172	49.3011	100.4204	60	None	None	0	1	2.131153984886504
173	49.3011	100.4204	65	None	None	0	2	2.1218635645036925
174	49.3011	100.4204	69	None	None	0	3	2.1208677311608133
175	49.3011	100.4204	72	None	None	0	0	-1
176	51.1193	102.6931	58	None	None	0	0	-1
177	51.1193	102.6931	65	None	None	0	0	-1
178	51.1193	102.6931	70	None	None	0	0	-1
179	55.4375	56.2708	70	None	None	0	0	-1
180	56.2708	56.8981	70	None	None	0	0	-1
181	56.8981	57.4750	68	None	None	0	0	-1
182	57.4750	58.0520	70	None	None	0	0	-1
183	58.0520	58.6289	71	None	None	0	0	-1
184	58.6289	60.4786	73	None	None	0	0	-1
185	60.4786	60.7848	71	None	None	0	5	6.320467612629798
186	60.7848	61.0909	70	None	None	0	0	-1
187	61.0909	61.7008	75	None	None	0	0	-1
188	61.7008	62.2777	75	None	None	0	0	-1
189	62.2777	62.8942	75	None	None	0	0	-1
190	62.8942	63.2003	77	None	None	0	0	-1
191	63.2003	63.5064	78	None	None	0	0	-1
192	63.5064	65.3097	73	None	None	0	0	-1
193	65.3097	65.6158	71	None	None	0	0	-1
194	65.6158	65.9220	70	None	None	0	0	-1
195	65.9220	66.5319	71	None	None	0	0	-1
196	66.5319	67.1088	75	None	None	0	0	-1
197	67.1088	67.7253	68	None	None	0	0	-1
198	67.7253	68.3375	71	None	None	0	0	-1
199	68.3375	68.9474	70	None	None	0	2	14.847958790319044
200	68.9474	138.7691	66	None	None	0	1	14.95350054356194
201	68.9474	138.7691	78	None	None	0	5	16.935951984124788
202	69.8216	139.9624	65	None	None	0	1	23.209043745487904
203	69.8216	139.9624	77	None	None	0	5	22.820447376049415
204	70.1408	140.5877	63	None	None	0	1	17.343641351010607
205	70.1408	140.5877	75	None	None	0	0	-1
206	70.4469	141.2000	61	None	None	0	0	-1
207	70.4469	141.2000	73	None	None	0	0	-1
208	70.7530	142.1160	59	None	None	0	0	-1
209	70.7530	142.1160	71	None	None	0	0	-1
210	71.3630	71.9399	75	None	None	0	0	-1
211	71.9399	72.5563	68	None	None	0	0	-1
212	72.5563	72.8625	70	None	None	0	1	8.132379693931425
213	72.8625	73.1686	71	None	None	0	5	6.750420427596231
214	73.1686	73.4516	70	None	None	0	1	3.701705706913312
215	73.4516	73.7346	73	None	None	0	2	9.252381115849062
216	73.7346	74.0176	82	None	None	0	5	8.875506699736313
217	74.0176	74.3007	78	None	None	0	4	14.41086578309504
218	74.3007	74.5837	73	None	None	0	2	18.216138928938662
219	74.5837	74.8667	70	None	None	0	1	18.249201354918306
220	74.8667	75.1497	78	None	None	0	2	18.30088041314094
221	75.1497	75.4327	74	None	None	0	1	18.004687419543178
222	75.4327	75.7055	75	None	None	0	2	17.767219733421886
223	75.7055	75.9782	71	None	None	0	1	13.589695552053518
224	75.9782	76.2509	83	None	None	0	5	12.980607282599408
225	76.2509	76.5236	80	None	None	0	1	7.586617735560962
226	76.5236	76.7964	77	None	None	0	2	4.212939293714671
227	76.7964	77.0691	80	None	None	0	3	4.619101153668791
228	77.0691	77.3418	85	None	None	0	5	5.652775529391501
229	77.3418	77.6145	81	None	None	0	2	5.77458898955712
230	77.6145	77.8777	82	None	None	0	4	5.233571530081297
231	77.8777	78.1409	78	None	None	0	2	4.890173261683022
232	78.1409	78.2724	82	None	None	0	5	4.868883524484201
233	78.2724	78.4040	78	None	None	0	3	4.368156694496015
234	78.4040	78.5356	82	None	None	0	5	3.174934613997093
235	78.5356	78.6672	78	None	None	0	4	2.0939326298701304
236	78.6672	78.7988	73	None	None	0	2	2.4501826298701284
237	78.7988	78.9303	70	None	None	0	1	11.455743300542913
238	78.9303	79.0619	73	None	None	0	2	19.731924488757315
239	79.0619	79.1935	70	None	None	0	1	27.24997667910443
240	79.1935	79.3251	78	None	None	0	4	28.312239768419808
241	79.3251	79.4566	74	None	None	0	2	38.46788342513577
242	79.4566	79.5882	78	None	None	0	4	42.51629464285675
243	79.5882	79.7198	74	None	None	0	1	52.14026852345391
244	79.7198	79.8469	75	None	None	0	2	57.01570828891249
245	79.8469	79.9740	71	None	None	0	1	49.6042550033919
246	79.9740	80.1012	75	None	None	0	2	41.474457562027645
247	80.1012	80.2283	71	None	None	0	1	34.06300427650705
248	80.2283	80.3554	83	None	None	0	5	33.14253328960482
249	80.3554	80.4825	80	None	None	0	1	22.976355251225733
250	80.4825	80.6096	83	None	None	0	5	18.99022166532862
251	80.6096	80.7368	80	None	None	0	1	8.824043626948912
252	80.7368	80.8639	77	None	None	0	2	3.5444801348853177
253	80.8639	80.9910	80	None	None	0	3	4.297514206949239
254	80.9910	81.1181	77	None	None	0	1	4.585963782279139
255	81.1181	81.2452	80	None	None	0	2	4.901900467898653
256	81.2452	81.3723	85	None	None	0	5	5.432237809441129
257	81.3723	81.4995	81	None	None	0	3	6.354924968882022
258	81.4995	81.6266	85	None	None	0	5	6.965390392613696
259	81.6266	81.7537	81	None	None	0	3	7.109506123483154
260	81.7537	81.8787	82	None	None	0	4	7.567945326278666
261	81.8787	82.0037	81	None	None	0	3	8.34572310405644
262	82.0037	82.1287	82	None	None	0	5	7.993033509700164
263	82.1287	82.2537	77	None	None	0	3	8.770811287477944
264	82.2537	82.3787	78	None	None	0	4	8.826675485008812
265	82.3787	82.5037	77	None	None	0	3	8.922707231040565
266	82.5037	82.6287	78	None	None	0	5	7.717460317460323
267	82.6287	82.7537	72	None	None	0	3	7.758112874779552
268	82.7537	82.8787	73	None	None	0	4	7.813977072310413
269	82.8787	83.0037	72	None	None	0	0	-1
270	83.0037	83.1287	73	None	None	0	0	-1
271	83.1287	83.2537	69	None	None	0	0	-1
272	83.2537	83.3787	70	None	None	0	0	-1
273	83.3787	83.5037	69	None	None	0	0	-1
274	83.5037	83.6287	70	None	None	0	0	-1
275	83.6287	83.7537	65	None	None	0	0	-1
276	83.7537	83.8787	66	None	None	0	0	-1
277	83.8787	84.0037	81	None	None	0	3	8.34572310405644
278	84.0037	84.1287	82	None	None	0	5	7.993033509700164
279	84.1287	84.2537	77	None	None	0	3	8.770811287477944
280	84.2537	84.3787	78	None	None	0	4	8.826675485008812
281	84.3787	84.5037	77	None	None	0	3	8.922707231040565
282	84.5037	84.6287	78	None	None	0	5	7.717460317460323
283	84.6287	84.7537	72	None	None	0	3	7.758112874779552
284	84.7537	84.8787	73	None	None	0	4	7.813977072310413
285	84.8787	85.0037	72	None	None	0	3	7.910008818342159
286	85.0037	85.1287	73	None	None	0	5	6.980335097001778
287	85.1287	85.2537	69	None	None	0	3	7.403174603174614
288	85.2537	85.3787	70	None	None	0	4	6.6531431090955016
289	85.3787	85.5037	69	None	None	0	0	-1
290	85.5037	85.6287	70	None	None	0	0	-1
291	85.6287	85.7537	65	None	None	0	0	-1
292	85.7537	85.8787	66	None	None	0	0	-1
293	85.8787	86.0037	65	None	None	0	0	-1
294	86.0037	86.1287	66	None	None	0	0	-1
295	86.1287	86.2537	68	None	None	0	0	-1
296	86.2537	86.3787	70	None	None	0	1	18.03147947731281
297	86.3787	86.5037	71	None	None	0	5	15.711584094917425
298	86.5037	86.6287	70	None	None	0	1	9.684599967933291
299	86.6287	86.7537	68	None	None	0	4	4.442420806706516
300	86.7537	86.8787	66	None	None	0	3	5.25338761767333
301	86.8787	87.0037	68	None	None	0	4	4.908695659729722
302	87.0037	87.1287	70	None	None	0	5	10.813799111297836
303	87.1287	87.2537	68	None	None	0	4	10.837288962938702
304	87.2537	87.3787	66	None	None	0	3	12.254840573465986
305	87.3787	87.5037	68	None	None	0	5	11.885289857774152
306	87.5037	87.6287	66	None	None	0	4	11.908779720313506
307	87.6287	87.7537	65	None	None	0	3	12.697904235215816
308	87.7537	87.9204	64	None	None	0	2	15.699441954898129
309	87.9204	88.0870	70	None	None	0	5	15.452008917637382
310	88.0870	176.3407	58	None	None	0	1	13.451450939732322
311	88.0870	176.3407	64	None	None	0	2	15.6994419830609
312	88.0870	176.3407	70	None	None	0	5	15.45200895043954
313	88.2537	176.6741	58	None	None	0	1	13.451450869419567
314	88.2537	176.6741	64	None	None	0	2	15.69944195489813
315	88.2537	176.6741	70	None	None	0	5	15.452008917637382
316	88.4204	177.0074	58	None	None	0	1	13.451450869419565
317	88.4204	177.0074	64	None	None	0	2	15.699441954898129
318	88.4204	177.0074	70	None	None	0	5	15.452008917637382
319	88.5870	177.3407	58	None	None	0	1	13.451450939732322
320	88.5870	177.3407	64	None	None	0	2	15.6994419830609
321	88.5870	177.3407	70	None	None	0	5	15.45200895043954
322	88.7537	177.6741	58	None	None	0	1	13.451450869419567
323	88.7537	177.6741	64	None	None	0	2	15.69944195489813
324	88.7537	177.6741	70	None	None	0	5	15.452008917637382
325	88.9204	178.0074	58	None	None	0	1	13.451450869419565
326	88.9204	178.0074	64	None	None	0	2	15.699441954898129
327	88.9204	178.0074	70	None	None	0	5	15.452008917637382
328	89.0870	178.3407	58	None	None	0	1	13.451450939732322
329	89.0870	178.3407	64	None	None	0	2	15.6994419830609
330	89.0870	178.3407	70	None	None	0	5	15.45200895043954
331	89.2537	178.6741	58	None	None	0	1	13.451450869419567
332	89.2537	178.6741	64	None	None	0	2	15.69944195489813
333	89.2537	178.6741	70	None	None	0	5	15.452008917637382
334	89.4204	179.0074	58	None	None	0	1	13.451450869419565
335	89.4204	179.0074	64	None	None	0	2	15.554009262203536
336	89.4204	179.0074	70	None	None	0	5	15.281736481286963
337	89.5870	179.3407	58	None	None	0	1	13.206416026076782
338	89.5870	179.3407	64	None	None	0	2	15.3089743778714
339	89.5870	179.3407	70	None	None	0	5	15.036701601792448
340	89.7537	180.5788	58	None	None	0	1	12.961381044064
341	89.7537	180.5788	64	None	None	0	2	15.063939436847967
342	89.7537	180.5788	70	None	None	0	5	14.791666655931397
343	89.9323	180.0431	58	None	None	0	1	12.876602541091206
344	89.9323	180.0431	64	None	None	0	2	15.028525631808867
345	89.9323	180.0431	70	None	None	0	5	14.79166665593159
346	90.1108	180.4003	58	None	None	0	1	12.876602610125305
347	90.1108	180.4003	64	None	None	0	2	15.02852565945949
348	90.1108	180.4003	70	None	None	0	5	14.791666688137184
349	90.2894	180.7574	58	None	None	0	1	12.876602541091485
350	90.2894	180.7574	64	None	None	0	2	15.028525631808979
351	90.2894	180.7574	70	None	None	0	5	14.791666655931678
352	90.4680	181.1146	58	None	None	0	1	12.876602541091303
353	90.4680	181.1146	64	None	None	0	2	15.102162438242281
354	90.4680	181.1146	70	None	None	0	5	14.877880547761297
355	90.6466	181.4717	58	None	None	0	1	13.000670920846629
356	90.6466	181.4717	64	None	None	0	2	15.226230776009158
357	90.6466	181.4717	70	None	None	0	5	15.001948889979849
358	90.8251	181.8227	58	None	None	0	1	13.12473916151474
359	90.8251	181.8227	64	None	None	0	2	15.3502990586656
360	90.8251	181.8227	70	None	None	0	5	15.126017168184632
361	90.9975	182.1675	58	None	None	0	1	13.167664985807908
362	90.9975	182.1675	64	None	None	0	2	15.29459329275959
363	90.9975	182.1675	70	None	None	0	5	15.03980327635464
364	91.1700	182.5123	58	None	None	0	1	13.043596744787004
365	91.1700	182.5123	64	None	None	0	2	15.170525010560802
366	91.1700	182.5123	70	None	None	0	5	14.915734998858216
367	91.3424	182.8633	58	None	None	0	1	12.919528365384563
368	91.3424	182.8633	64	None	None	0	2	15.046456672336305
369	91.3424	182.8633	70	None	None	0	5	14.653490016869007
370	91.5209	183.2205	58	None	None	0	1	12.377518288807687
371	91.5209	183.2205	64	None	None	0	2	11.933673990417475
372	91.5209	183.2205	70	None	None	0	5	11.353479815095858
373	91.6995	183.5776	58	None	None	0	1	8.153264116411162
374	91.6995	183.5776	64	None	None	0	2	7.891925892554604
375	91.6995	183.5776	70	None	None	0	5	7.1352789479846
376	91.8781	184.3117	58	None	None	0	1	4.103808856502675
377	91.8781	184.3117	65	None	None	0	3	3.0731777568289758
378	91.8781	184.3117	70	None	None	0	5	2.968079816672433
379	92.4336	185.4228	57	None	None	0	1	2.709574974057422
380	92.4336	185.4228	65	None	None	0	3	2.500585869941197
381	92.4336	185.4228	69	None	None	0	5	2.1739817537184383
382	92.9892	186.5340	58	None	None	0	1	1.9363152888273922
383	92.9892	186.5340	65	None	None	0	3	1.7462176301871446
384	92.9892	186.5340	70	None	None	0	5	1.694732805514219
385	93.5448	187.6451	60	None	None	0	1	1.6856276399057055
386	93.5448	187.6451	65	None	None	0	2	7.079517450346753
387	93.5448	187.6451	72	None	None	0	5	7.429026016205488
388	94.1003	189.9100	62	None	None	0	1	8.34876329671093
389	94.1003	189.9100	65	None	None	0	2	8.600217861587724
390	94.1003	189.9100	74	None	None	0	5	8.182528963994788
391	95.8097	191.8972	60	None	None	0	1	8.568744518946088
392	95.8097	191.8972	65	None	None	0	2	8.857018104963124
393	95.8097	191.8972	72	None	None	0	5	8.949692949213691
394	96.0875	192.4528	58	None	None	0	1	3.1608861553095764
395	96.0875	192.4528	65	None	None	0	3	2.7440384840376613
396	96.0875	192.4528	70	None	None	0	5	2.6951529340549536
397	96.3653	193.2861	60	None	None	0	1	2.829140257798013
398	96.3653	193.2861	65	None	None	0	2	5.586407741062519
399	96.3653	193.2861	72	None	None	0	5	5.545036319612581
400	96.9208	194.3972	60	None	None	0	1	5.64568272224143
401	96.9208	194.3972	65	None	None	0	2	6.326883761979379
402	96.9208	194.3972	72	None	None	0	5	6.65168614055793
403	97.4764	195.5083	60	None	None	0	1	6.87000440006514
404	97.4764	195.5083	65	None	None	0	2	7.867907120475377
405	97.4764	195.5083	72	None	None	0	5	7.886512020062328
406	98.0319	196.3416	58	None	None	0	1	5.286878840519349
407	98.0319	196.3416	65	None	None	0	3	4.818900632286906
408	98.0319	196.3416	70	None	None	0	5	4.784537522636263
409	98.3097	196.8972	57	None	None	0	1	3.8096924151017055
410	98.3097	196.8972	65	None	None	0	3	3.645243796671268
411	98.3097	196.8972	69	None	None	0	5	3.1644833992919743
412	98.5875	198.8416	58	None	None	0	1	1.7171254730705985
413	98.5875	197.7305	65	None	None	0	3	1.4494152109996552
414	98.5875	198.8416	70	None	None	0	5	1.7491979418886168
415	99.1430	198.8416	63	None	None	0	1	1.6478662227602838
416	99.1430	198.8416	67	None	None	0	3	1.7380296610169432
417	99.6986	199.9528	62	None	None	0	1	1.942907789301633
418	99.6986	199.9528	65	None	None	0	2	2.0286646509119586
419	100.2542	201.0639	62	None	None	0	1	2.095851680904377
420	100.2542	201.0639	65	None	None	0	2	3.5810247331761618
421	100.2542	201.0639	74	None	None	0	5	3.344008104490796
422	100.8097	203.3288	62	None	None	0	1	3.562326363997999
423	100.8097	203.3288	67	None	None	0	2	3.547256395332563
424	100.8097	203.3288	74	None	None	0	5	3.6005251604657262
425	102.5191	205.3160	60	None	None	0	1	4.922526279642725
426	102.5191	205.3160	67	None	None	0	3	5.475891262297834
427	102.5191	205.3160	72	None	None	0	5	5.506144131381386
428	102.7969	205.8716	59	None	None	0	1	4.406412967729457
429	102.7969	205.8716	67	None	None	0	2	3.9743164002888998
430	102.7969	205.8716	71	None	None	0	4	3.7291234078376716
431	103.0747	206.7049	63	None	None	0	1	3.786357954198595
432	103.0747	206.7049	67	None	None	0	2	3.822819106456114
433	103.0747	206.7049	75	None	None	0	5	3.2281023002421234
434	103.6302	207.8160	62	None	None	0	1	2.955705205811132
435	103.6302	207.8160	67	None	None	0	2	2.945898910411628
436	103.6302	207.8160	74	None	None	0	5	3.009912227602913
437	104.1858	208.9271	60	None	None	0	1	2.4899364406779836
438	104.1858	208.9271	67	None	None	0	3	2.579827481840218
439	104.1858	208.9271	72	None	None	0	5	3.6554411937949767
440	104.7413	210.0382	60	None	None	0	1	3.211082514316845
441	104.7413	210.0382	69	None	None	0	3	3.155327304396396
442	104.7413	210.0382	72	None	None	0	5	3.959379433722721
443	105.2969	212.3032	60	None	None	0	1	3.8715002142383104
444	105.2969	212.3032	65	None	None	0	2	4.330587238878687
445	105.2969	212.3032	69	None	None	0	3	4.109689218653642
446	105.2969	212.3032	72	None	None	0	5	4.256703532853879
447	107.0063	214.2904	58	None	None	0	1	4.684625196913931
448	107.0063	214.2904	65	None	None	0	3	6.185461131313309
449	107.0063	214.2904	70	None	None	0	5	6.365580490670862
450	107.2841	214.8459	57	None	None	0	1	5.606473881925653
451	107.2841	214.8459	65	None	None	0	2	5.152585546930611
452	107.2841	214.8459	69	None	None	0	4	4.657695217917646
453	107.5619	215.6793	62	None	None	0	1	4.8094561341485536
454	107.5619	215.6793	65	None	None	0	2	4.9335249989826275
455	107.5619	215.6793	74	None	None	0	5	3.9895689207886553
456	108.1174	216.7904	57	None	None	0	1	2.652401850570742
457	108.1174	216.7904	65	None	None	0	3	2.7839091144932557
458	108.1174	216.7904	69	None	None	0	5	2.8969539086821308
459	108.6730	217.9015	58	None	None	0	1	2.161481753718448
460	108.6730	217.9015	65	None	None	0	3	2.0037941023867383
461	108.6730	217.9015	70	None	None	0	5	2.3023607748184296
462	109.2285	219.0126	60	None	None	0	1	3.100408358444624
463	109.2285	219.0126	65	None	None	0	2	3.0181783076654805
464	109.2285	219.0126	69	None	None	0	3	2.767127392949311
465	109.2285	219.0126	72	None	None	0	5	2.4515629256369627
466	109.7841	221.9220	60	None	None	0	1	2.1179959573688256
467	109.7841	221.9220	65	None	None	0	2	1.9073406113767222
468	109.7841	221.9220	69	None	None	0	3	1.648825486893705
469	109.7841	221.9220	72	None	None	0	5	1.3375556102246229
470	112.1379	226.0758	58	None	None	0	1	0.5475069888952105
471	112.1379	226.0758	65	None	None	0	2	0.3495247366744252
472	112.1379	226.0758	68	None	None	0	3	0.39759355097700705
473	112.1379	226.0758	71	None	None	0	4	0.4622194013171429
474	113.9379	228.4758	62	None	None	0	1	0.46655689599724015
475	113.9379	228.4758	65	None	None	0	2	0.48700176889990965
476	113.9379	228.4758	68	None	None	0	3	0.49805050996354555
477	113.9379	228.4758	71	None	None	0	4	0.6092798411531559
478	114.5379	230.7425	62	None	None	0	1	0.8055786996796155
479	114.5379	230.7425	65	None	None	0	2	0.9864032020537605
480	114.5379	230.7425	68	None	None	0	3	1.0072323426468157
481	114.5379	230.7425	71	None	None	0	4	1.2613951659682316
482	116.2046	232.9647	65	None	None	0	1	1.135202595721001
483	116.2046	232.9647	68	None	None	0	2	1.1703944896847487
484	116.2046	232.9647	71	None	None	0	3	1.1838406678790658
485	116.2046	232.9647	74	None	None	0	4	1.1206851022946882
486	116.7601	234.6314	65	None	None	0	1	1.1201403081058257
487	116.7601	234.6314	68	None	None	0	2	0.9923860708176896
488	116.7601	234.6314	71	None	None	0	3	1.0340779594375475
489	116.7601	234.6314	74	None	None	0	4	1.3582683347402074
490	117.8713	236.0203	65	None	None	0	1	1.6234681481440405
491	117.8713	236.0203	68	None	None	0	2	2.392490128729171
492	117.8713	236.0203	71	None	None	0	3	2.7929956448271387
493	117.8713	236.0203	73	None	None	0	4	3.5433475952014564
494	118.4268	237.1314	68	None	None	0	1	4.200741623691158
495	118.4268	237.1314	71	None	None	0	2	4.34220651702321
496	118.4268	237.1314	73	None	None	0	3	4.814706650937767
497	118.4268	237.1314	77	None	None	0	4	5.060634626458174
498	118.9824	238.2532	69	None	None	0	1	5.430614388634742
499	118.9824	238.1570	69	None	None	0	2	4.756438676247978
500	118.9824	238.2532	73	None	None	0	3	4.471839205931088
501	118.9824	238.1570	73	None	None	0	4	3.7703999623854565
502	118.9824	238.2532	78	None	None	0	5	2.56999792296694
503	119.1747	238.5416	69	None	None	0	2	1.0916144523393727
504	119.1747	238.5416	73	None	None	0	4	1.091614449207825
505	119.3670	238.9263	69	None	None	0	2	1.0916144514625394
506	119.3670	238.9263	73	None	None	0	4	1.091614454594087
507	119.5593	239.3109	69	None	None	0	2	1.0916144545940814
508	119.5593	239.3109	73	None	None	0	4	1.0916144545940738
509	119.7516	239.6955	69	None	None	0	2	1.091614452339365
510	119.7516	239.6955	73	None	None	0	4	1.091614449207825
511	119.9439	240.0801	69	None	None	0	2	2.50880762340302
512	119.9439	240.0801	73	None	None	0	4	2.6983570221007227
513	120.1362	240.4647	69	None	None	0	2	3.1284322129000675
514	120.1362	240.4647	73	None	None	0	4	3.4645981410177935
515	120.3285	240.8493	69	None	None	0	2	3.894673321074121
516	120.3285	240.8493	73	None	None	0	4	4.277335708721143
517	120.5208	241.2340	69	None	None	0	1	4.404898807594935
518	120.5208	241.2340	73	None	None	0	3	4.310542189367594
519	120.7131	121.2901	78	None	None	0	5	4.109380792670872
520	120.9054	242.0032	69	None	None	0	2	3.894673321074121
521	120.9054	242.0032	73	None	None	0	4	4.466800256751254
522	121.0977	242.3878	69	None	None	0	1	5.0234432977078685
523	121.0977	242.3878	73	None	None	0	3	4.9290866794805535
524	121.2901	121.8670	78	None	None	0	5	4.727925282783832
525	121.4824	243.1570	69	None	None	0	1	4.924024897391076
526	121.4824	243.1570	73	None	None	0	2	4.921038264121666
527	121.6747	243.5416	69	None	None	0	1	5.023443297707894
528	121.6747	243.5416	73	None	None	0	2	5.0234433084509185
529	121.8670	122.4439	81	None	None	0	5	4.7874823008915195
530	122.0593	244.3109	69	None	None	0	2	3.894673321074129
531	122.0593	244.3109	73	None	None	0	4	4.466800256751254
532	122.2516	244.6955	69	None	None	0	1	5.023443297707819
533	122.2516	244.6955	73	None	None	0	3	4.929086679480477
534	122.4439	123.0208	78	None	None	0	5	4.7279252827837555
535	122.6362	245.4647	69	None	None	0	1	4.924024897391
536	122.6362	245.4647	73	None	None	0	2	5.110502812151701
537	122.8285	245.8493	69	None	None	0	1	5.200305454087845
538	122.8285	245.8493	73	None	None	0	2	5.197318831561434
539	123.0208	123.5977	81	None	None	0	5	4.856282637414682
540	123.2131	246.6186	69	None	None	0	1	4.371294110590867
541	123.2131	246.6186	73	None	None	0	2	5.772041844692219
542	123.4054	247.0032	69	None	None	0	1	8.38181630771848
543	123.4054	247.0032	73	None	None	0	2	8.376096051848371
544	123.5977	124.1747	81	None	None	0	5	8.037793491045345
545	123.7901	247.7724	73	None	None	0	1	6.806004720073938
546	123.7901	247.7724	78	None	None	0	3	6.8274557198733135
547	123.9824	248.1570	73	None	None	0	1	6.312716586216863
548	123.9824	248.1570	78	None	None	0	2	5.486554605573044
549	124.1747	124.7516	85	None	None	0	5	6.157092545931013
550	124.3670	248.9263	73	None	None	0	1	2.9581861636999487
551	124.3670	248.9263	78	None	None	0	3	3.7062002622654604
552	124.5593	249.3109	73	None	None	0	1	5.9962692157137525
553	124.5593	249.3109	78	None	None	0	3	6.312716590601146
554	124.7516	125.3285	81	None	None	0	4	6.488674945879839
555	124.9439	250.0801	73	None	None	0	1	6.806004720073761
556	124.9439	250.0801	78	None	None	0	3	6.973614085496358
557	125.1362	250.4647	73	None	None	0	1	9.446063346671727
558	125.1362	250.4647	78	None	None	0	2	8.861429904869123
559	125.3285	125.9054	85	None	None	0	5	9.100670862138513
560	125.5208	251.2340	73	None	None	0	2	6.173227230359936
561	125.5208	251.2340	78	None	None	0	5	7.273400924213723
562	125.7131	251.6186	73	None	None	0	3	7.977604626249935
563	125.7131	251.6186	78	None	None	0	5	7.525973326596468
564	125.9054	126.4824	73	None	None	0	4	6.4954522074873235
565	126.0977	252.3878	66	None	None	0	2	5.164907084625518
566	126.0977	252.3878	69	None	None	0	3	5.23210632836501
567	126.2901	252.7724	66	None	None	0	1	3.9480237104272438
568	126.2901	252.7724	69	None	None	0	2	4.874680891988226
569	126.4824	127.0593	77	None	None	0	5	6.618501392182422
570	126.6747	253.5416	65	None	None	0	1	5.769347251257513
571	126.6747	253.5416	71	None	None	0	3	5.7289840662443705
572	126.6747	253.5416	73	None	None	0	4	5.538959522884679
573	126.8670	253.9263	65	None	None	0	1	5.648921927452847
574	126.8670	253.9263	71	None	None	0	2	4.8046113853935655
575	126.8670	253.9263	73	None	None	0	3	10.444389150588375
576	127.0593	127.6362	78	None	None	0	5	12.853002216917764
577	127.2516	254.6955	66	None	None	0	1	9.96221272421528
578	127.2516	254.6955	69	None	None	0	2	9.84200073512033
579	127.2516	254.6955	73	None	None	0	4	9.907333333468346
580	127.4439	255.0801	66	None	None	0	1	8.369896010339392
581	127.4439	255.0801	69	None	None	0	2	8.249684023617037
582	127.4439	255.0801	73	None	None	0	3	9.01881304832717
583	127.6362	128.2131	80	None	None	0	5	7.5491567550922865
584	127.8285	255.8493	68	None	None	0	1	4.672418014361967
585	127.8285	255.8493	74	None	None	0	3	4.635763878782484
586	127.8285	255.8493	76	None	None	0	4	4.951402873299868
587	128.0208	256.2340	68	None	None	0	1	5.271719285125259
588	128.0208	256.2340	74	None	None	0	2	3.8965783257756126
589	128.0208	256.2340	76	None	None	0	3	5.362743754501657
590	128.2131	128.7901	81	None	None	0	5	5.9018649986499145
591	128.4054	257.0032	69	None	None	0	1	5.339224017504663
592	128.4054	257.0032	73	None	None	0	3	4.827485387267731
593	128.4054	257.0032	76	None	None	0	4	5.136330408170107
594	128.5977	257.3878	69	None	None	0	1	5.074629281162409
595	128.5977	257.3878	73	None	None	0	2	4.65724728999597
596	128.5977	257.3878	76	None	None	0	3	5.353675869502946
597	128.7901	129.3670	83	None	None	0	5	4.632811203106264
598	128.9824	258.1570	71	None	None	0	1	4.150809320236036
599	128.9824	258.1570	73	None	None	0	2	4.2284617852415245
600	128.9824	258.1570	77	None	None	0	4	4.698765720422957
601	129.1747	258.5416	71	None	None	0	1	4.717703690098581
602	129.1747	258.5416	73	None	None	0	2	4.795356153571408
603	129.1747	258.5416	77	None	None	0	3	5.119619196758699
604	129.3670	129.9439	81	None	None	0	5	7.45143312187377
605	129.5593	259.3109	69	None	None	0	1	6.602278980948847
606	129.5593	259.3109	73	None	None	0	3	6.450802988838094
607	129.5593	259.3109	78	None	None	0	5	6.339444222538763
608	129.7516	259.6955	69	None	None	0	1	6.168391593210521
609	129.7516	259.6955	73	None	None	0	2	6.111272233059888
610	129.7516	259.6955	78	None	None	0	4	7.313144845184569
611	129.9439	130.5208	80	None	None	0	5	9.86575630129039
612	130.1362	260.4647	68	None	None	0	1	6.621865302505639
613	130.1362	260.4647	71	None	None	0	2	6.6453850395024725
614	130.1362	260.4647	76	None	None	0	4	6.796956666387765
615	130.3285	260.8493	68	None	None	0	1	6.75012082740499
616	130.3285	260.8493	71	None	None	0	2	6.773640563937575
617	130.3285	260.8493	76	None	None	0	3	5.806582317524016
618	130.5208	131.6747	80	None	None	0	5	5.779746253974753
619	130.7131	261.6186	68	None	None	0	1	3.138204885744375
620	130.7131	261.6186	71	None	None	0	2	2.898527565871861
621	130.7131	261.6186	76	None	None	0	4	2.9291405568836693
622	130.9054	262.0032	68	None	None	0	1	3.138204890165471
623	130.9054	262.0032	71	None	None	0	2	2.8985275750233903
624	130.9054	262.0032	76	None	None	0	4	2.929140565430952
625	131.0977	262.3878	68	None	None	0	1	3.1382048857444627
626	131.0977	262.3878	71	None	None	0	2	3.9971576828987945
627	131.0977	262.3878	76	None	None	0	4	6.6687011424126705
628	131.2901	262.7724	68	None	None	0	1	6.621865302505507
629	131.2901	262.7724	71	None	None	0	2	6.428854127467914
630	131.2901	262.7724	76	None	None	0	4	6.385547937368478
631	131.4824	263.1570	68	None	None	0	1	6.338712098385725
632	131.4824	263.1570	71	None	None	0	2	6.145700927157592
633	131.4824	263.1570	76	None	None	0	3	8.066221839343225
634	131.6747	132.2516	80	None	None	0	5	8.888539916718868
635	131.8670	263.9263	68	None	None	0	1	6.011801175988713
636	131.8670	263.9263	71	None	None	0	2	6.0429571814649075
637	131.8670	263.9263	73	None	None	0	3	6.426215033803801
638	132.0593	264.3109	68	None	None	0	1	6.1530059837552695
639	132.0593	264.3109	71	None	None	0	2	6.286567031969152
640	132.0593	264.3109	73	None	None	0	3	6.66982489822982
641	132.2516	132.8285	81	None	None	0	5	4.787482300891563
642	132.4439	265.0801	69	None	None	0	2	3.8946733210741726
643	132.4439	265.0801	73	None	None	0	4	4.466800256751298
644	132.6362	265.4647	69	None	None	0	1	5.0234432977078125
645	132.6362	265.4647	73	None	None	0	3	4.929086679480445
646	132.8285	133.4054	78	None	None	0	5	4.727925282783723
647	133.0208	266.2340	69	None	None	0	1	4.92402489739095
648	133.0208	266.2340	73	None	None	0	2	4.921038264121514
649	133.2131	266.6186	69	None	None	0	1	5.023443297707759
650	133.2131	266.6186	73	None	None	0	2	5.023443308450809
651	133.4054	133.9824	81	None	None	0	5	4.78748230089141
652	133.5977	267.3878	69	None	None	0	2	3.8946733210741566
653	133.5977	267.3878	73	None	None	0	4	4.466800256751298
654	133.7901	267.7724	69	None	None	0	1	5.0234432977078125
655	133.7901	267.7724	73	None	None	0	3	4.929086679480445
656	133.9824	134.5593	78	None	None	0	5	4.727925282783723
657	134.1747	268.5416	69	None	None	0	1	4.92402489739095
658	134.1747	268.5416	73	None	None	0	2	5.110502812151625
659	134.3670	268.9263	69	None	None	0	1	5.200305454087799
660	134.3670	268.9263	73	None	None	0	2	5.197318831561412
661	134.5593	135.1362	81	None	None	0	5	4.856282637414662
662	134.7516	269.6955	69	None	None	0	1	4.371294110590895
663	134.7516	269.6955	73	None	None	0	2	5.772041844692317
664	134.9439	270.0801	69	None	None	0	1	8.38181630771858
665	134.9439	270.0801	73	None	None	0	2	8.376096051848469
666	135.1362	135.7131	81	None	None	0	5	8.037793491045441
667	135.3285	270.8493	73	None	None	0	1	6.806004720073949
668	135.3285	270.8493	78	None	None	0	3	6.8274557198733135
669	135.5208	271.2340	73	None	None	0	1	6.312716586216852
670	135.5208	271.2340	78	None	None	0	2	5.486554605573023
671	135.7131	136.2901	85	None	None	0	5	6.1570925459309915
672	135.9054	272.0032	73	None	None	0	1	2.958186163699927
673	135.9054	272.0032	78	None	None	0	3	3.7062002622654386
674	136.0977	272.3878	73	None	None	0	1	5.996269215713882
675	136.0977	272.3878	78	None	None	0	3	6.312716590601301
676	136.2901	136.8670	81	None	None	0	4	6.4886749458799935
677	136.4824	273.1570	73	None	None	0	1	6.806004720073927
678	136.4824	273.1570	78	None	None	0	3	6.973614085496535
679	136.6747	273.5416	73	None	None	0	1	9.446063346671796
680	136.6747	273.5416	78	None	None	0	2	8.86142990486917
681	136.8670	137.4439	85	None	None	0	5	9.100670862138568
682	137.0593	274.3109	73	None	None	0	2	6.173227230359856
683	137.0593	274.3109	78	None	None	0	5	7.273400924213774
684	137.2516	274.6955	73	None	None	0	3	7.977604626249887
685	137.2516	274.6955	78	None	None	0	5	7.525973326596397
686	137.4439	138.0208	73	None	None	0	4	6.495452207487135
687	137.6362	275.4647	66	None	None	0	2	5.164907084625396
688	137.6362	275.4647	69	None	None	0	3	5.232106328364897
689	137.8285	275.8493	66	None	None	0	1	3.9480237104271394
690	137.8285	275.8493	69	None	None	0	2	4.874680891988076
691	138.0208	138.5977	77	None	None	0	5	6.618501392182423
692	138.2131	276.6186	65	None	None	0	1	5.7693472512576225
693	138.2131	276.6186	71	None	None	0	3	5.7289840662445135
694	138.2131	276.6186	73	None	None	0	4	5.5389595228848485
695	138.4054	277.0032	65	None	None	0	1	5.648921927453016
696	138.4054	277.0032	71	None	None	0	2	4.804611385393735
697	138.4054	277.0032	73	None	None	0	3	10.444389150588572
698	138.5977	139.1747	78	None	None	0	5	12.85300221691781
699	138.7901	277.7724	66	None	None	0	1	9.962212724215135
700	138.7901	277.7724	69	None	None	0	2	9.842000735120141
701	138.7901	277.7724	73	None	None	0	4	9.90733333346815
702	138.9824	278.1570	66	None	None	0	1	8.369896010339197
703	138.9824	278.1570	69	None	None	0	2	8.249684023616846
704	138.9824	278.1570	73	None	None	0	3	9.018813048326978
705	139.1747	139.7516	80	None	None	0	5	7.549156755092093
706	139.3670	278.9263	68	None	None	0	1	4.67241801436194
707	139.3670	278.9263	74	None	None	0	3	4.635763878782467
708	139.3670	278.9263	76	None	None	0	4	4.951402873299868
709	139.5593	279.3109	68	None	None	0	1	5.271719285125259
710	139.5593	279.3109	74	None	None	0	2	3.8965783257756126
711	139.5593	279.3109	76	None	None	0	3	5.362743754501657
712	139.7516	140.3285	81	None	None	0	5	5.901864998650014
713	139.9439	280.0801	69	None	None	0	1	5.339224017504808
714	139.9439	280.0801	73	None	None	0	3	4.827485387267888
715	139.9439	280.0801	76	None	None	0	4	5.136330408170264
716	140.1362	280.4647	69	None	None	0	1	5.074629281162566
717	140.1362	280.4647	73	None	None	0	2	4.657247289996127
718	140.1362	280.4647	76	None	None	0	3	5.353675869503102
719	140.3285	140.9054	83	None	None	0	5	4.63281120310632
720	140.5208	281.2340	71	None	None	0	1	4.150809320235941
721	140.5208	281.2340	73	None	None	0	2	4.228461785241333
722	140.5208	281.2340	77	None	None	0	4	4.698765720422727
723	140.7131	281.6186	71	None	None	0	1	4.717703690098351
724	140.7131	281.6186	73	None	None	0	2	4.795356153571179
725	140.7131	281.6186	77	None	None	0	3	5.11961919675847
726	140.9054	141.4824	81	None	None	0	5	7.451433121873843
727	141.0977	282.3878	69	None	None	0	1	6.602278980949036
728	141.0977	282.3878	73	None	None	0	3	6.450802988838392
729	141.0977	282.3878	78	None	None	0	5	6.339444222539072
730	141.2901	282.7724	69	None	None	0	1	6.1683915932108135
731	141.2901	282.7724	73	None	None	0	2	6.111272233060133
732	141.2901	282.7724	78	None	None	0	4	7.31314484518477
733	141.4824	142.0593	80	None	None	0	5	9.662681649691297
734	141.6747	283.5416	68	None	None	0	1	6.407202368937739
735	141.6747	283.5416	71	None	None	0	2	6.3988543305212175
736	141.6747	283.5416	76	None	None	0	4	6.5121846272983195
737	141.8670	283.9263	68	None	None	0	1	6.453760506464611
738	141.8670	283.9263	71	None	None	0	2	6.445412467907116
739	141.8670	283.9263	76	None	None	0	3	5.44011289099768
740	142.0593	143.3359	80	None	None	0	5	5.4016885454799235
741	142.2721	284.7569	68	None	None	0	1	2.932932457273705
742	142.2721	284.7569	71	None	None	0	2	2.7089326177194217
743	142.2721	284.7569	76	None	None	0	4	2.7375431891266304
744	142.4848	285.1824	68	None	None	0	1	2.9329324615460073
745	142.4848	285.1824	71	None	None	0	2	2.7089326265632248
746	142.4848	285.1824	76	None	None	0	4	2.7375431973866178
747	142.6976	285.6079	68	None	None	0	1	2.932932457273705
748	142.6976	285.6079	71	None	None	0	2	2.7089326177194217
749	142.6976	285.6079	76	None	None	0	4	2.737543189126631
750	142.9104	286.0335	68	None	None	0	1	2.93293245727363
751	142.9104	286.0335	71	None	None	0	2	4.000373210674834
752	142.9104	286.0335	76	None	None	0	4	3.735922365602095
753	143.1231	286.4590	68	None	None	0	1	3.5265767254312115
754	143.1231	286.4590	71	None	None	0	2	3.1819587051873284
755	143.1231	286.4590	76	None	None	0	4	3.933807184986444
756	143.3359	286.9909	68	None	None	0	1	3.724461540543203
757	143.3359	286.9909	71	None	None	0	2	3.2911160565457167
758	143.3359	286.9909	76	None	None	0	3	1.9619136671887503
759	143.3359	286.9909	81	None	None	0	5	3.2191723515626958
760	143.9742	144.6125	76	None	None	0	4	2.5496207275941543
761	144.6125	145.5308	76	None	None	0	5	2.035791472627659
762	145.5308	145.8370	74	None	None	0	4	1.9873486780923852
763	145.8370	146.1431	73	None	None	0	3	1.520227614320823
764	146.4492	147.0615	73	None	None	0	4	0.8196147521750071
765	147.0615	147.9798	73	None	None	0	4	1.0430030043240017
766	147.9798	148.2859	71	None	None	0	3	1.520924708343897
767	148.2859	148.5921	70	None	None	0	2	1.1003939828079898
768	148.8982	298.4086	66	None	None	0	1	1.2872916123990354
769	148.8982	298.4086	70	None	None	0	2	1.592211151630908
770	149.5104	299.6331	66	None	None	0	2	1.3981465804173445
771	149.5104	299.6331	70	None	None	0	4	1.4865354837775984
772	150.1227	300.8576	66	None	None	0	2	1.4727460854967969
773	150.1227	300.8576	71	None	None	0	4	1.8802158403519331
774	150.7349	302.0821	66	None	None	0	2	1.9221968973401518
775	150.7349	302.0821	70	None	None	0	3	1.828429637258472
776	150.7349	302.0821	73	None	None	0	5	1.4465791986496608
777	151.3472	303.3066	66	None	None	0	1	1.2306666567036504
778	151.3472	303.3066	71	None	None	0	2	1.0959637345944593
779	151.3472	303.3066	74	None	None	0	4	0.9019995409481819
780	151.9594	304.6165	66	None	None	0	1	0.8957993714479722
781	151.9594	304.6165	73	None	None	0	3	0.8453935980759654
782	151.9594	304.6165	76	None	None	0	4	0.9640596428336412
783	152.6571	305.9525	67	None	None	0	1	0.8883325906995699
784	152.6571	305.9525	73	None	None	0	4	0.8156192807501634
785	152.6571	305.9525	76	None	None	0	5	1.1650900292108102
786	153.2954	307.2574	68	None	None	0	1	1.1301737427605238
787	153.2954	307.2574	73	None	None	0	3	1.4438086509199306
788	153.2954	307.2574	76	None	None	0	5	2.4904898247624967
789	153.9621	308.6218	69	None	None	0	1	2.3242278258918025
790	153.9621	308.6218	73	None	None	0	3	2.080721332385305
791	153.9621	308.6218	76	None	None	0	4	2.2478695852467454
792	154.6597	155.2720	76	None	None	0	4	3.3042187915959493
793	155.4250	155.5500	77	None	None	0	5	3.721310126950846
794	155.5500	155.6750	76	None	None	0	4	5.521325293969543
795	155.6750	155.8000	74	None	None	0	3	5.206389195365813
796	155.8000	156.1062	73	None	None	0	2	4.166587266953569
797	156.4123	157.0245	73	None	None	0	4	3.2138380573151446
798	157.0245	157.6368	73	None	None	0	4	3.2303853352521052
799	157.7898	157.9148	74	None	None	0	5	2.9509093139568234
800	157.9148	158.0398	73	None	None	0	4	1.5048342808075836
801	158.0398	158.1648	71	None	None	0	3	1.415804582906886
802	158.1648	158.4710	70	None	None	0	2	0.9881852152673
803	158.7771	318.1664	66	None	None	0	1	1.7122916048174506
804	158.7771	318.1664	70	None	None	0	2	1.7620967194190158
805	159.3893	319.2378	66	None	None	0	1	1.8439090981046562
806	159.3893	319.2378	70	None	None	0	2	2.494517245387577
807	159.8485	319.8501	66	None	None	0	2	3.3021721735245126
808	159.8485	319.8501	70	None	None	0	4	3.1032658005172795
809	160.0016	320.4623	66	None	None	0	2	2.6910772503107867
810	160.0016	320.4623	71	None	None	0	4	3.0518605156222813
811	160.4608	321.0746	66	None	None	0	2	3.15498641494991
812	160.4608	321.0746	71	None	None	0	4	3.2352514059239326
813	160.6138	321.6868	66	None	None	0	1	3.8969110102674858
814	160.6138	321.6868	70	None	None	0	3	3.7508242300565744
815	160.6138	321.6868	73	None	None	0	5	2.541975009691993
816	161.0730	322.2991	66	None	None	0	2	2.956482308962058
817	161.0730	322.2991	70	None	None	0	3	3.329860375297666
818	161.0730	322.2991	73	None	None	0	5	3.496372766397239
819	161.2261	322.9113	66	None	None	0	1	3.3973930127148857
820	161.2261	322.9113	71	None	None	0	2	3.5657976831511093
821	161.2261	322.9113	74	None	None	0	4	3.058852761064144
822	161.6852	323.5235	66	None	None	0	1	3.043313549319602
823	161.6852	323.5235	71	None	None	0	2	3.1752437688278947
824	161.6852	323.5235	74	None	None	0	4	3.0232095393626324
825	161.8383	324.1999	66	None	None	0	1	2.9951193348098597
826	161.8383	324.1999	73	None	None	0	4	2.2654589894889163
827	161.8383	324.1999	76	None	None	0	5	2.0822614573602274
828	162.3616	324.8975	66	None	None	0	1	1.6472528301531189
829	162.3616	324.8975	73	None	None	0	3	1.6129833112371696
830	162.3616	324.8975	76	None	None	0	4	1.7615897419499718
831	162.5360	325.5507	67	None	None	0	1	1.5889610465892894
832	162.5360	325.5507	73	None	None	0	3	1.4910387240907172
833	162.5360	325.5507	76	None	None	0	4	1.3686174777288114
834	163.0147	326.1890	67	None	None	0	1	1.2766279041215864
835	163.0147	326.1890	73	None	None	0	3	1.7543422853286388
836	163.0147	326.1890	76	None	None	0	4	1.9093140309713226
837	163.1743	326.8485	68	None	None	0	1	1.9240897798979362
838	163.1743	326.8485	73	None	None	0	4	1.4708703663045373
839	163.1743	326.8485	76	None	None	0	5	1.2822592532101016
840	163.6743	327.5152	68	None	None	0	2	1.7736475020580467
841	163.6743	327.5152	73	None	None	0	4	1.5099239570845013
842	163.6743	327.5152	76	None	None	0	5	1.7620299600635339
843	163.8409	328.3796	69	None	None	0	2	2.4498467803400494
844	163.8409	328.3796	73	None	None	0	4	3.3194964379181524
845	163.8409	328.3796	76	None	None	0	5	3.4987969131485777
846	164.5386	165.6100	76	None	None	0	5	4.247577220915333
847	165.6100	165.7631	74	None	None	0	3	4.275404172571957
848	165.7631	166.0692	73	None	None	0	2	3.782511027410652
849	166.3753	166.9876	73	None	None	0	2	5.490172317733273
850	166.9876	167.1407	74	None	None	0	3	7.203539426523414
851	167.1407	167.2937	73	None	None	0	1	5.467299507168542
852	167.2937	167.4468	74	None	None	0	2	4.171922926685417
853	167.4468	167.5998	76	None	None	0	3	4.069813589677792
854	167.5998	167.7529	77	None	None	0	4	3.884375240927346
855	167.7529	167.9060	76	None	None	0	2	5.2490206796292185
856	167.9060	168.0590	77	None	None	0	3	4.924423905435664
857	168.0590	168.2121	79	None	None	0	4	6.802945231087024
858	168.2121	168.5182	81	None	None	0	5	6.589790855682634
859	168.8243	169.1305	81	None	None	0	4	6.568340680579165
860	169.1305	169.4366	77	None	None	0	2	6.730155056560917
861	169.4366	170.5080	76	None	None	0	1	7.158870415533956
862	170.5080	170.6611	74	None	None	0	3	5.7781997700722165
863	170.6611	170.9672	73	None	None	0	1	4.452980429029406
864	171.2733	343.1589	73	None	None	0	1	4.544817163723282
865	171.2733	343.1589	85	None	None	0	5	4.896024695446577
866	171.8856	344.0596	74	None	None	0	1	6.244491159396068
867	171.8856	344.0596	86	None	None	0	4	7.036421499292828
868	172.1740	344.6365	77	None	None	0	1	7.77894954674045
869	172.1740	344.6365	89	None	None	0	5	7.326443358621672
870	172.4625	345.1750	79	None	None	0	1	8.082579240066934
871	172.4625	345.1750	91	None	None	0	5	7.630073051948053
872	172.7125	345.6750	81	None	None	0	1	10.822620271408894
873	172.7125	345.6750	93	None	None	0	5	10.4714127396856
874	172.9625	346.5019	82	None	None	0	1	9.499020774303442
875	172.9625	346.5019	94	None	None	0	5	8.394502032709381
876	173.5394	347.6557	79	None	None	0	1	8.155051073568217
877	173.5394	347.6557	91	None	None	0	5	8.1248308013619
878	174.1163	348.8449	77	None	None	0	1	8.0832288681948
879	174.1163	348.8449	89	None	None	0	5	8.05300859598851
880	174.7286	350.0694	75	None	None	0	1	4.877473560875865
881	174.7286	350.0694	87	None	None	0	5	4.0501096640277305
882	175.3408	351.2939	74	None	None	0	1	3.440868976348652
883	175.3408	351.2939	86	None	None	0	5	2.861714248554958
884	175.9531	352.5184	72	None	None	0	1	2.06443631159221
885	175.9531	352.5184	84	None	None	0	5	1.4852815837985158
886	176.5653	355.5089	71	None	None	0	1	0.6880036468357676
887	176.5653	355.5089	83	None	None	0	5	0.5467049548921743
888	179.2214	179.4992	71	None	None	0	2	0.32040807776100366
889	179.4992	179.7770	71	None	None	0	2	0.6854874428403658
890	179.7770	180.0547	71	None	None	0	2	0.9228386333165566
891	180.0547	180.3325	71	None	None	0	2	1.134200370994082
892	180.3325	180.6103	71	None	None	0	2	1.8292553160490215
893	180.6103	180.8881	71	None	None	0	1	2.93961036956387
894	180.8881	181.1659	71	None	None	0	1	5.4780719080254086
895	181.1659	182.0409	72	None	None	0	2	5.311749994644716
896	182.0409	182.1659	74	None	None	0	3	5.650577833472556
897	182.1659	182.4159	72	None	None	0	2	7.772800055694784
898	182.6659	183.0409	77	None	None	0	4	9.39515455304928
899	183.0409	183.1034	76	None	None	0	3	9.496031746031738
900	183.1034	183.1659	77	None	None	0	4	9.028800366300363
901	183.1659	367.2067	69	None	None	0	1	8.40975274725275
902	183.1659	367.2067	81	None	None	0	5	6.27287851037851
903	184.0409	368.2067	67	None	None	0	1	10.027918956043958
904	184.0409	368.2067	79	None	None	0	5	9.816203770644561
905	184.1659	368.5817	65	None	None	0	1	7.987449191889974
906	184.1659	368.5817	77	None	None	0	4	6.922644552085329
907	184.6659	185.1659	74	None	None	0	2	9.159915614356391
908	185.1659	186.0409	72	None	None	0	1	9.313761768202545
909	186.0409	186.1659	74	None	None	0	2	9.446728801169577
910	186.1659	186.4159	72	None	None	0	1	10.82768118212196
911	186.6659	187.0409	89	None	None	0	5	10.131996658312438
912	187.0409	187.1034	88	None	None	0	3	10.615079365079357
913	187.1034	187.1659	89	None	None	0	4	10.0168956043956
914	187.1659	375.2067	81	None	None	0	1	9.390897181522183
915	187.1659	375.2067	93	None	None	0	5	7.32901317432567
916	188.0409	376.2067	79	None	None	0	1	7.69302416333666
917	188.0409	376.2067	91	None	None	0	5	7.388994859307357
918	188.1659	376.5817	77	None	None	0	1	5.2434922138047115
919	188.1659	376.5817	89	None	None	0	5	3.8357541185666144
920	188.6659	377.8317	74	None	None	0	1	2.4934587734622813
921	188.6659	377.8317	77	None	None	0	2	2.4923552421621213
922	188.6659	377.8317	82	None	None	0	3	2.0810035632542645
923	188.6659	377.8317	86	None	None	0	5	2.4612386235279535
924	189.1659	378.8674	72	None	None	0	1	1.8966935317482203
925	189.1659	378.8674	77	None	None	0	2	1.678849875042833
926	189.1659	378.8674	81	None	None	0	3	1.670203958575683
927	189.1659	378.8674	84	None	None	0	5	1.5244371322920947
928	189.7016	379.9204	74	None	None	0	1	1.5251958627505706
929	189.7016	379.9204	77	None	None	0	2	1.620702155155178
930	189.7016	379.9204	82	None	None	0	3	1.5260147057797877
931	189.7016	379.9204	86	None	None	0	4	1.6713398255019136
932	190.2188	380.9639	77	None	None	0	1	1.9580943113650622
933	190.2188	380.9639	81	None	None	0	2	2.0513596879444194
934	190.2188	380.9639	84	None	None	0	3	2.1075354777841415
935	190.2188	380.9639	89	None	None	0	5	2.2784996020880675
936	190.7451	382.0260	79	None	None	0	1	2.4272562678749487
937	190.7451	382.0260	84	None	None	0	2	2.8636553675767304
938	190.7451	382.0260	88	None	None	0	3	2.8476973355926947
939	190.7451	382.0260	91	None	None	0	5	4.095662767980607
940	191.2808	383.5962	79	None	None	0	1	3.667016670361421
941	191.2808	383.5962	84	None	None	0	2	3.908077510663878
942	191.2808	383.5962	88	None	None	0	3	4.179685901577701
943	191.2808	383.5962	91	None	None	0	5	4.234446510144858
944	192.3153	192.4877	88	None	None	0	4	4.637443449561733
945	192.4877	192.6602	84	None	None	0	3	4.33426760234068
946	192.6602	192.8326	79	None	None	0	2	3.2982984041818577
947	192.8326	193.0050	76	None	None	0	1	4.867602210835707
948	193.0050	193.1774	79	None	None	0	3	8.958673557750549
949	193.1774	193.3498	84	None	None	0	5	8.479164070970867
950	193.3498	193.5222	77	None	None	0	2	9.074372018394083
951	193.5222	193.6946	84	None	None	0	5	9.684948171498794
952	193.6946	193.8671	81	None	None	0	4	9.42172234784586
953	193.8671	194.0395	77	None	None	0	3	9.204673914904452
954	194.0395	194.2119	72	None	None	0	1	8.942467764962823
955	194.2119	194.3843	69	None	None	0	2	6.591534807286919
956	194.3843	194.5567	65	None	None	0	1	6.653510804440477
957	194.5567	194.7291	69	None	None	0	2	7.364089470782295
958	194.7291	194.9015	72	None	None	0	3	7.258551508375056
959	194.9015	195.0739	69	None	None	0	1	10.067550697835019
960	195.0739	195.2464	72	None	None	0	2	13.736682062979881
961	195.2464	195.4188	77	None	None	0	1	10.97204600114673
962	195.4188	195.5912	77	None	None	0	1	11.108247526446965
963	195.5912	195.7636	86	None	None	0	5	10.041068496184536
964	195.7636	195.9360	82	None	None	0	4	8.907834706436123
965	195.9360	196.1084	77	None	None	0	2	9.722640299581352
966	196.1084	196.2808	74	None	None	0	1	9.683309377090112
967	196.2808	196.4533	70	None	None	0	2	9.391495922085234
968	196.4533	196.6257	65	None	None	0	1	9.240727378649881
969	196.6257	196.7981	70	None	None	0	2	9.310867512084526
970	196.7981	196.9705	74	None	None	0	4	9.30970216567897
971	196.9705	197.1429	70	None	None	0	1	10.481326597708014
972	197.1429	197.3153	74	None	None	0	2	14.663878762529782
973	197.3153	197.4877	77	None	None	0	1	12.467538196460449
974	197.4877	197.6602	77	None	None	0	1	15.543871831234112
975	197.6602	197.8326	89	None	None	0	5	14.291837465262839
976	197.8326	198.0050	84	None	None	0	4	13.086053389378806
977	198.0050	198.1774	81	None	None	0	3	13.345710295064206
978	198.1774	198.3498	77	None	None	0	2	12.595800706231225
979	198.3498	198.5222	72	None	None	0	1	13.987787626127858
980	198.5222	198.6946	69	None	None	0	4	5.391359014729447
981	198.6946	198.8671	65	None	None	0	3	5.312697169747025
982	198.8671	199.0395	60	None	None	0	1	5.573264536230083
983	199.0395	199.2119	65	None	None	0	2	4.448400152980504
984	199.2119	199.3843	69	None	None	0	1	1.798989110423873
985	199.3843	199.5567	72	None	None	0	3	2.1998367629686135
986	199.5567	199.7291	72	None	None	0	3	2.1998367629686135
987	199.7291	199.9015	77	None	None	0	5	2.0952820606793456
988	199.9015	200.0739	77	None	None	0	2	1.5902802993959415
989	200.0739	200.2464	74	None	None	0	1	1.550949376904702
990	200.2464	200.4188	79	None	None	0	4	1.1707504594893312
991	200.4188	200.5912	79	None	None	0	4	1.6682866290035758
992	200.5912	200.7636	72	None	None	0	1	1.1045434066290762
993	200.7636	200.9360	77	None	None	0	3	2.2779159276178653
994	200.9360	201.1084	77	None	None	0	3	3.51755509377364
995	201.1084	201.2808	72	None	None	0	2	3.166847746859256
996	201.2808	201.4533	76	None	None	0	5	4.296903282168231
997	201.4533	201.6257	76	None	None	0	5	4.79443945168247
998	201.6257	201.7981	72	None	None	0	3	5.0025655831986215
999	201.7981	201.9705	75	None	None	0	4	4.712135854617447
1000	201.9705	202.1429	75	None	None	0	4	5.880264252607398
1001	202.1429	202.3153	74	None	None	0	3	5.277190107741653
1002	202.3153	202.4877	75	None	None	0	4	4.588170613728495
1003	202.4877	202.6602	75	None	None	0	4	4.588170613728495
1004	202.6602	405.4927	66	None	None	0	1	4.055018108847196
1005	202.6602	405.4927	69	None	None	0	2	4.0305819523734785
1006	202.8326	203.0050	75	None	None	0	5	3.9112053191084533
1007	203.0050	203.1774	75	None	None	0	5	3.9112053191084533
1008	203.1774	406.5272	66	None	None	0	1	3.187528169139969
1009	203.1774	406.5272	69	None	None	0	2	3.274056198620703
1010	203.3498	203.5222	74	None	None	0	4	2.9455701607771565
1011	203.5222	203.6946	74	None	None	0	4	2.9455701607771565
1012	203.6946	407.5617	65	None	None	0	1	2.9455701607771125
1013	203.6946	407.5617	70	None	None	0	3	2.3035226472609485
1014	203.8671	204.0395	75	None	None	0	5	2.2384393350432914
1015	204.0395	204.2119	75	None	None	0	5	2.2384393350432914
1016	204.2119	408.5962	65	None	None	0	1	2.3396800429373794
1017	204.2119	408.5962	70	None	None	0	2	1.798879858682773
1018	204.3843	204.5567	74	None	None	0	4	2.12736589652632
1019	204.5567	204.7291	74	None	None	0	4	2.12736589652632
1020	204.7291	409.6307	65	None	None	0	1	2.271579278994256
1021	204.7291	409.6307	69	None	None	0	2	2.2715792789942606
1022	204.9015	205.0739	72	None	None	0	4	2.216224647339914
1023	205.0739	205.2464	72	None	None	0	4	2.3962941219382623
1024	205.2464	410.6651	64	None	None	0	1	2.106149866052541
1025	205.2464	410.6651	67	None	None	0	2	2.1744673633496134
1026	205.4188	205.5912	72	None	None	0	4	1.8943568127833348
1027	205.5912	205.7636	72	None	None	0	4	1.9706283066525925
1028	205.7636	412.0445	65	None	None	0	1	1.509427870480098
1029	205.7636	412.0445	69	None	None	0	2	1.572242600086626
1030	205.7636	412.0445	72	None	None	0	3	1.1482779590013643
1031	206.7981	413.8548	69	None	None	0	1	1.1500894169733547
1032	206.7981	413.8548	72	None	None	0	2	1.221845624904446
1033	206.7981	413.8548	77	None	None	0	4	1.2505105305830297
1034	207.3153	414.8893	72	None	None	0	2	1.2296330377815583
1035	207.3153	414.8893	75	None	None	0	3	1.4594307198690646
1036	207.3153	414.8893	77	None	None	0	4	1.6195936978539465
1037	207.8326	416.1824	70	None	None	0	1	1.7612729651470698
1038	207.8326	416.1824	74	None	None	0	2	1.5225957903665424
1039	207.8326	416.1824	77	None	None	0	4	1.4023732134400646
1040	208.8671	417.9927	70	None	None	0	1	1.4450819990819816
1041	208.8671	417.9927	74	None	None	0	2	1.416417093403398
1042	208.8671	417.9927	77	None	None	0	4	1.464512572729881
1043	209.3843	419.0272	74	None	None	0	2	1.5536187179812753
1044	209.3843	419.0272	77	None	None	0	4	1.4546118899241691
1045	209.9015	420.3203	69	None	None	0	1	1.683163366380664
1046	209.9015	420.3203	72	None	None	0	2	1.6640691923982232
1047	209.9015	420.3203	77	None	None	0	3	2.7859641571722866
1048	210.9360	422.1307	72	None	None	0	1	2.7230028024176187
1049	210.9360	422.1307	77	None	None	0	2	3.2400297624519188
1050	210.9360	422.1307	81	None	None	0	4	3.585811909976588
1051	211.4533	423.1651	72	None	None	0	1	3.4006562834801795
1052	211.4533	423.1651	81	None	None	0	2	2.0360270902953266
1053	211.4533	423.1651	84	None	None	0	3	2.199836762968502
1054	211.9705	212.1429	84	None	None	0	3	2.199836762968502
1055	212.1429	212.3153	89	None	None	0	5	2.0952820606792777
1056	212.3153	212.4877	89	None	None	0	2	1.590280299395933
1057	212.4877	212.6602	86	None	None	0	1	1.5509493769046971
1058	212.6602	212.8326	91	None	None	0	4	1.1707504594893305
1059	212.8326	213.0050	91	None	None	0	4	1.6682866290035752
1060	213.0050	213.1774	84	None	None	0	1	1.1045434066290758
1061	213.1774	213.3498	89	None	None	0	3	2.2779159276178924
1062	213.3498	213.5222	89	None	None	0	3	3.5175550937737428
1063	213.5222	213.6946	84	None	None	0	2	3.166847746859324
1064	213.6946	213.8671	88	None	None	0	5	4.2969032821684205
1065	213.8671	214.0395	88	None	None	0	5	4.794439451682659
1066	214.0395	214.2119	84	None	None	0	3	5.002565583198832
1067	214.2119	214.3843	87	None	None	0	4	4.7121358546176575
1068	214.3843	214.5567	87	None	None	0	4	5.880264252607608
1069	214.5567	214.7291	86	None	None	0	3	5.277190107741864
1070	214.7291	214.9015	87	None	None	0	4	4.58817061372858
1071	214.9015	215.0739	87	None	None	0	4	4.58817061372858
1072	215.0739	430.3203	78	None	None	0	1	4.055018108847281
1073	215.0739	430.3203	81	None	None	0	2	4.030581952373563
1074	215.2464	215.4188	87	None	None	0	5	3.9112053191084533
1075	215.4188	215.5912	87	None	None	0	5	3.9112053191084533
1076	215.5912	431.3548	78	None	None	0	1	3.1875281691399304
1077	215.5912	431.3548	81	None	None	0	2	3.274056198620603
1078	215.7636	215.9360	86	None	None	0	4	2.945570160777056
1079	215.9360	216.1084	86	None	None	0	4	2.945570160777056
1080	216.1084	432.3893	77	None	None	0	1	2.9455701607770126
1081	216.1084	432.3893	82	None	None	0	3	2.303522647260848
1082	216.2808	216.4533	87	None	None	0	5	2.2384393350431915
1083	216.4533	216.6257	87	None	None	0	5	2.2384393350431915
1084	216.6257	433.4238	77	None	None	0	1	2.3396800429373616
1085	216.6257	433.4238	82	None	None	0	2	1.7988798586828212
1086	216.7981	216.9705	86	None	None	0	4	2.1273658965263196
1087	216.9705	217.1429	86	None	None	0	4	2.1273658965263196
1088	217.1429	434.4582	77	None	None	0	1	11.074240325263705
1089	217.1429	434.4582	81	None	None	0	2	11.073284003102232
1090	217.3153	217.4877	84	None	None	0	4	10.336193381599655
1091	217.4877	217.6602	84	None	None	0	4	10.464398510626618
1092	217.6602	435.4927	76	None	None	0	1	10.531407135377268
1093	217.6602	435.4927	79	None	None	0	3	9.7670762082975
1094	217.8326	218.0050	84	None	None	0	5	12.123148869151493
1095	218.0050	218.1774	84	None	None	0	5	12.165456561730386
1096	218.1774	218.3560	70	None	None	0	1	4.371474386996368
1097	218.3560	218.5345	73	None	None	0	5	2.009171859551123
1098	218.5345	218.7131	73	None	None	0	5	2.374556477277951
1099	218.7131	218.8917	70	None	None	0	3	1.880733630289572
1100	218.8917	219.0703	72	None	None	0	4	2.107941608953989
1101	219.0703	219.2488	72	None	None	0	4	2.107941608953989
1102	219.2488	438.6762	64	None	None	0	1	3.677564126138033
1103	219.2488	438.6762	67	None	None	0	2	3.8683566681535826
1104	219.4274	219.6060	73	None	None	0	5	3.8053987922920602
1105	219.6060	219.7845	73	None	None	0	5	3.8053987922920602
1106	219.7845	439.7477	64	None	None	0	2	3.7438603303592157
1107	219.7845	439.7477	67	None	None	0	3	3.3102938940134936
1108	219.9631	220.1417	72	None	None	0	5	2.948915686568791
1109	220.1417	220.3203	72	None	None	0	5	2.948915686568791
1110	220.3203	440.8191	63	None	None	0	1	2.9489156865687907
1111	220.3203	440.8191	68	None	None	0	3	3.2869693017893926
1112	220.4988	220.6774	73	None	None	0	5	2.7256556118776016
1113	220.6774	220.8560	73	None	None	0	5	2.7256556118776016
1114	220.8560	441.8905	63	None	None	0	1	2.692590991100993
1115	220.8560	441.8905	68	None	None	0	3	2.501798449085418
1116	221.0345	221.2131	72	None	None	0	5	2.5184473095910005
1117	221.2131	221.3917	72	None	None	0	5	2.5184473095910005
1118	221.3917	442.9619	63	None	None	0	1	2.3843143939351017
1119	221.3917	442.9619	67	None	None	0	3	2.297705586343879
1120	221.5703	221.7488	70	None	None	0	4	12.94251037895526
1121	221.7488	221.9274	70	None	None	0	4	12.94251037895526
1122	221.9274	444.0334	62	None	None	0	1	14.103250338318967
1123	221.9274	444.0334	65	None	None	0	2	14.411871135219798
1124	222.1060	222.2845	70	None	None	0	3	13.59333796064253
1125	222.2845	222.4631	70	None	None	0	1	3.1232526247879586
1126	223.5540	447.2899	73	None	None	0	2	3.346981521311845
1127	223.5540	447.2899	78	None	None	0	3	3.6104646930320463
1128	223.7358	223.9177	82	None	None	0	4	2.764736302606469
1129	223.9177	224.0995	82	None	None	0	4	2.764736302606469
1130	224.0995	448.3808	73	None	None	0	1	1.7538895234450083
1131	224.0995	448.3808	78	None	None	0	3	1.9871495904952579
1132	224.2813	224.4631	81	None	None	0	4	2.303886495348355
1133	224.4631	224.6449	81	None	None	0	4	2.303886495348355
1134	224.6449	449.4822	73	None	None	0	1	2.357107882950948
1135	224.6449	449.4822	77	None	None	0	3	3.8041769073876215
1136	224.8372	225.0295	80	None	None	0	4	4.088828882135734
1137	225.0295	225.2219	80	None	None	0	4	4.088828882135734
1138	225.2219	450.6360	72	None	None	0	1	4.528847591830531
1139	225.2219	450.6360	75	None	None	0	3	4.595693978353942
1140	225.4142	225.6065	80	None	None	0	5	4.655693307427567
1141	225.6065	225.7988	80	None	None	0	5	4.655693307427567
1142	226.3757	452.9437	59	None	None	0	1	4.661856392144116
1143	226.3757	452.9437	63	None	None	0	3	2.6691443431429125
1144	226.5680	226.7603	68	None	None	0	5	2.1318170183285208
1145	226.7603	226.9526	68	None	None	0	5	2.1318170183285208
1146	226.9526	454.0976	58	None	None	0	1	2.952444280375067
1147	226.9526	454.0976	62	None	None	0	2	2.535062280970844
1148	227.1449	227.3372	68	None	None	0	5	2.6526609659550493
1149	227.3372	227.5295	68	None	None	0	5	2.6526609659550493
1150	228.1065	456.4052	58	None	None	0	1	4.66398853581298
1151	228.1065	456.4052	62	None	None	0	2	4.597970159289821
1152	228.2988	228.4911	66	None	None	0	4	4.964594645132144
1153	228.4911	228.6834	66	None	None	0	4	4.964594645132144
1154	228.6834	457.5591	58	None	None	0	1	4.245969953687668
1155	228.6834	457.5591	62	None	None	0	2	4.242983320418279
1156	228.8757	229.0680	65	None	None	0	3	4.534076675578992
1157	229.0680	229.2603	65	None	None	0	1	1.5511316333213525
1158	229.8372	459.8668	72	None	None	0	2	2.0203478214758297
1159	229.8372	459.8668	75	None	None	0	3	2.5105012933828865
1160	230.0295	230.2219	77	None	None	0	4	2.9293087313929433
1161	230.2219	230.4142	77	None	None	0	4	2.9293087313929433
1162	230.4142	461.0206	70	None	None	0	1	20.124442512019584
1163	230.4142	461.0206	75	None	None	0	3	20.446610149135648
1164	230.6065	230.7988	79	None	None	0	5	20.897592119270445
1165	230.7988	230.9911	79	None	None	0	5	20.897592119270445
1166	230.9911	462.1745	70	None	None	0	2	19.71858617130206
1167	230.9911	462.1745	74	None	None	0	3	19.528537600507057
1168	231.1834	231.3757	77	None	None	0	5	19.177703916810213
1169	231.3757	231.5680	77	None	None	0	5	19.177703916810213
1170	231.5680	463.3488	58	None	None	0	1	2.391112327709981
1171	231.5680	463.3488	62	None	None	0	2	2.268756089125282
1172	231.7808	231.9935	65	None	None	0	4	3.271410086373668
1173	231.9935	232.2063	65	None	None	0	4	3.271410086373668
1174	232.2063	464.6126	57	None	None	0	1	3.8925839675384837
1175	232.2063	464.6126	60	None	None	0	2	3.8936601410605647
1176	232.4063	232.6063	65	None	None	0	3	3.653530159069099
1177	232.6063	232.8063	65	None	None	0	3	3.653530159069099
1178	232.8063	465.8167	60	None	None	0	1	6.087446599371033
1179	232.8063	465.8167	65	None	None	0	2	5.103700237132757
1180	233.0104	233.2145	72	None	None	0	5	5.411539175918325
1181	233.2145	233.4186	72	None	None	0	5	5.775800597249541
1182	233.4186	467.0499	60	None	None	0	1	4.81983565391339
1183	233.4186	467.0499	64	None	None	0	2	4.814750734019806
1184	233.6313	233.8441	72	None	None	0	5	3.9477108566174337
1185	233.8441	234.0568	72	None	None	0	5	4.764158853283903
1186	234.0568	468.3265	57	None	None	0	1	2.8457914932950517
1187	234.0568	468.3265	60	None	None	0	2	4.190932415953904
1188	234.0568	468.3265	65	None	None	0	4	5.66459887668608
1189	234.2696	234.5196	60	None	None	0	0	-1
1190	234.5196	234.7696	57	None	None	0	0	-1
1191	234.7696	234.9824	60	None	None	0	0	-1
1192	234.9824	235.1951	65	None	None	0	0	-1
1193	235.1951	235.4079	69	None	None	0	0	-1
1194	235.4079	472.0924	60	None	None	0	0	-1
1195	235.4079	471.4541	60	None	None	0	0	-1
1196	235.4079	471.7733	72	None	None	0	0	-1
1197	236.0462	236.3654	62	None	None	0	1	2.3260064063540185
1198	236.3654	473.0499	64	None	None	0	2	1.7358256527214546
1199	236.3654	473.0499	70	None	None	0	5	1.4181331823322627
1200	236.6845	474.6190	60	None	None	0	1	1.2096489598534026
1201	236.6845	474.6190	65	None	None	0	2	1.029495433411803
1202	236.6845	474.6190	69	None	None	0	4	0.960497501469727
1203	237.9345	477.1190	61	None	None	0	1	1.029853762492656
1204	237.9345	477.1190	67	None	None	0	3	1.0773258377425095
1205	237.9345	477.1190	69	None	None	0	4	1.0783074032082014
1206	239.1845	479.6190	60	None	None	0	1	1.8489638511212976
1207	239.1845	479.6190	62	None	None	0	2	1.9164963186537665
1208	239.1845	479.6190	66	None	None	0	4	1.910712955925956
1209	239.1845	479.6190	69	None	None	0	5	2.308184697147699
1210	240.4345	482.1190	58	None	None	0	1	1.9344075153347993
1211	240.4345	482.1190	62	None	None	0	2	1.8228867780076097
1212	240.4345	482.1190	67	None	None	0	3	1.509949416683152
1213	240.4345	481.8065	70	None	None	0	5	1.148908405296517
1214	241.3720	241.6845	69	None	None	0	4	1.0291722319050205
1215	241.6845	495.3690	60	None	None	0	1	0.8361495682941209
1216	241.6845	495.3690	64	None	None	0	2	1.0733344422437017
1217	241.6845	492.3690	67	None	None	0	3	1.4092382006452018
1218	250.6845	253.6845	68	None	None	0	4	7.360415401142278
1219	253.6845	507.7440	60	None	None	0	1	7.989417345656734
1220	253.6845	507.7440	65	None	None	0	3	8.453570423079775
1221	253.6845	507.7440	69	None	None	0	5	13.718460237995517
1222	254.4345	509.2440	60	None	None	0	2	14.221414012920539
1223	254.4345	509.2440	65	None	None	0	3	20.05974753114618
1224	254.4345	509.2440	69	None	None	0	5	20.142895047578538
1225	258.0018	258.1941	48	None	None	0	1	19.695895272080072
1226	258.1941	258.3864	45	None	None	0	2	14.18651872240945
1227	258.3864	258.5787	48	None	None	0	1	9.944316646847394
1228	258.5787	258.7710	53	None	None	0	2	9.719993203751702
1229	258.7710	258.9634	57	None	None	0	3	9.268530396656876
1230	258.9634	259.8287	60	None	None	0	5	9.077245403111588
1231	259.2518	259.5403	46	None	None	0	1	3.1468163217103693
1232	259.5403	259.8287	48	None	None	0	2	2.830430457104927
1233	259.8287	519.9459	48	None	None	0	1	2.3254923834219703
1234	259.8287	519.9459	52	None	None	0	2	2.4330182976025294
1235	259.8287	519.9459	58	None	None	0	5	2.2472740011679737
1236	260.1172	520.8727	48	None	None	0	1	2.0480701457783255
1237	260.1172	520.8727	53	None	None	0	2	1.89321888396936
1238	260.1172	520.8727	57	None	None	0	4	2.126118491344668
1239	260.7555	522.1493	49	None	None	0	1	2.2529385133015754
1240	260.7555	522.1493	57	None	None	0	4	2.3918788636972543
1241	260.7555	522.1493	58	None	None	0	5	1.9547868799296901
1242	261.3938	523.4259	48	None	None	0	1	3.65853844580226
1243	261.3938	523.4259	50	None	None	0	2	3.303994112651553
1244	261.3938	523.4259	54	None	None	0	4	3.3042926565439164
1245	261.3938	523.4259	57	None	None	0	5	3.7143158434727104
1246	262.0321	524.7025	46	None	None	0	1	3.1907598394017365
1247	262.0321	524.7025	50	None	None	0	2	3.1743971063810656
1248	262.0321	524.3833	55	None	None	0	3	2.6952868979309517
1249	262.0321	524.3833	58	None	None	0	4	4.130209736096778
1250	263.9204	528.4930	62	None	None	0	1	5.743700370837091
1251	263.9204	528.4930	68	None	None	0	3	5.937376101554833
1252	263.9204	528.4930	70	None	None	0	0	-1
1253	264.5726	529.8118	61	None	None	0	0	-1
1254	264.5726	529.8118	63	None	None	0	0	-1
1255	264.5726	529.8118	67	None	None	0	0	-1
1256	264.5726	529.8118	70	None	None	0	0	-1
1257	265.2392	531.1035	59	None	None	0	0	-1
1258	265.2392	531.1035	63	None	None	0	0	-1
1259	265.2392	531.1035	68	None	None	0	0	-1
1260	265.2392	531.1035	71	None	None	0	1	1.0961524330795427
1261	268.4892	537.6168	74	None	None	0	1	0.7049737113038068
1262	268.4892	537.6168	76	None	None	0	2	0.6883598111078177
1263	268.4892	537.6168	80	None	None	0	4	0.7570092379662019
1264	268.4892	537.6168	83	None	None	0	5	1.1375210999186
1265	269.1275	538.5742	72	None	None	0	1	1.148358284820167
1266	269.1275	538.5742	76	None	None	0	2	1.5119906469503404
1267	269.1275	538.5742	81	None	None	0	3	1.2628056689878733
1268	269.1275	538.5742	84	None	None	0	4	1.110159403949683
1269	271.7658	544.8083	77	None	None	0	1	1.2695819498635754
1270	271.7658	544.8083	81	None	None	0	2	1.315532940915427
1271	271.7658	544.4891	84	None	None	0	3	1.4025080855274554
1272	272.7233	273.0424	85	None	None	0	4	1.2795278231149467
1273	273.0424	546.4040	77	None	None	0	1	1.5785369409445482
1274	273.0424	546.4040	82	None	None	0	2	1.3120125906983138
1275	273.0424	546.4040	86	None	None	0	4	1.458780189900578
1276	273.6807	547.6806	77	None	None	0	1	3.051938767801687
1277	273.6807	547.6806	82	None	None	0	2	3.7694464687420077
1278	273.6807	547.6806	86	None	None	0	4	5.909545130237176
1279	274.3190	550.5529	77	None	None	0	1	5.782867119399434
1280	274.3190	550.5529	86	None	None	0	3	5.855773663561596
1281	274.3190	550.5529	89	None	None	0	5	5.661069052610592
1282	276.8722	278.1488	77	None	None	0	1	6.118406834564107
1283	278.4680	278.7871	74	None	None	0	4	4.290505720707196
1284	278.7871	279.1063	70	None	None	0	3	3.872408901158277
1285	279.1063	279.4254	69	None	None	0	2	4.175601476557324
1286	279.4254	560.1274	60	None	None	0	1	2.3918896511050067
1287	279.4254	560.1274	64	None	None	0	2	2.460519082280345
1288	279.4254	559.4891	69	None	None	0	4	2.464473157486026
1289	280.0637	280.5424	67	None	None	0	3	2.35469146863374
1290	280.5424	280.7020	68	None	None	0	4	2.1301551025443217
1291	280.7020	561.7231	60	None	None	0	1	3.0468934231969613
1292	280.7020	561.7231	65	None	None	0	2	2.7563713980232407
1293	280.7020	561.7231	69	None	None	0	4	2.0790673619614846
1294	281.3403	562.9997	60	None	None	0	1	2.507514719144632
1295	281.3403	562.9997	65	None	None	0	2	2.1393310438839586
1296	281.3403	562.9997	69	None	None	0	3	2.267382920217491
1297	281.9786	565.8721	69	None	None	0	1	1.668674266916203
1298	281.9786	565.8721	72	None	None	0	2	1.8075071199421386
1299	284.5318	570.3402	77	None	None	0	1	1.2718955055051167
1300	284.5318	570.3402	81	None	None	0	2	1.3177084362745617
1301	284.5318	570.0210	84	None	None	0	3	1.3711575167928087
1302	285.4892	285.8084	85	None	None	0	4	1.5622701807766273
1303	285.8084	571.9359	77	None	None	0	1	2.0248166270015386
1304	285.8084	571.9359	82	None	None	0	2	2.963193255694615
1305	285.8084	571.9359	86	None	None	0	4	7.427119776578629
1306	286.4467	573.2125	77	None	None	0	1	12.235309912154912
1307	286.4467	573.2125	82	None	None	0	2	15.138724171013322
1308	286.4467	573.2125	86	None	None	0	4	16.01400106555106
1309	287.2725	287.3662	77	None	None	0	1	16.37063405881198
1310	287.3662	287.4600	82	None	None	0	2	15.549435902129957
1311	287.4600	287.5537	86	None	None	0	1	6.571990769325447
1312	287.5537	287.6475	89	None	None	0	2	6.985224676814254
1313	287.6475	287.7412	94	None	None	0	3	6.510475586860382
1314	287.7412	287.8350	98	None	None	0	4	4.494090538217261
1315	287.8350	288.2100	101	None	None	0	5	3.176118187986849
1316	290.0850	292.7100	77	None	None	0	1	3.3854390066890385
1317	292.7100	293.0850	76	None	None	0	4	3.584884629924717
1318	293.0850	293.7233	76	None	None	0	5	5.7856148608496945
1319	293.7233	587.9253	74	None	None	0	4	5.695034669386639
1320	293.7233	587.7657	74	None	None	0	3	5.708643660171198
1321	294.0424	294.3616	72	None	None	0	2	5.60433055895971
1322	294.2020	294.3616	72	None	None	0	5	3.483907148691265
1323	294.3616	294.9999	72	None	None	0	5	3.5595804507989905
1324	294.9999	295.4786	70	None	None	0	4	3.727594654362337
1325	295.4786	295.6382	69	None	None	0	3	4.224478910113765
1326	295.6382	592.5529	60	None	None	0	1	2.5948375087035664
1327	295.6382	592.5529	64	None	None	0	2	2.6461811602096286
1328	295.6382	591.9146	69	None	None	0	4	2.464473157486026
1329	296.2765	296.7552	67	None	None	0	3	2.35469146863374
1330	296.7552	296.9148	68	None	None	0	4	2.1301551025443217
1331	296.9148	594.1487	60	None	None	0	1	2.060438479136957
1332	296.9148	594.1487	65	None	None	0	2	2.632640961034025
1333	296.9148	594.1487	69	None	None	0	4	2.343837413311375
1334	297.5531	595.4253	60	None	None	0	1	3.004088222821717
1335	297.5531	595.4253	65	None	None	0	2	3.504956166232077
1336	297.5531	595.4253	69	None	None	0	3	6.044490475453998
1337	298.1914	598.6327	69	None	None	0	2	6.111667066055421
1338	298.1914	598.6327	72	None	None	0	4	5.9158083910288175
1339	302.0485	302.1556	65	None	None	0	1	5.87699972676889
1340	302.1556	302.2628	66	None	None	0	2	3.9218742282939614
1341	302.4771	302.5842	63	None	None	0	1	4.49202760102878
1342	302.5842	302.6914	66	None	None	0	2	6.5118551872353585
1343	302.9056	606.8113	72	None	None	0	3	5.202533153337
1344	302.9056	606.8113	81	None	None	0	5	3.173624620315285
1345	304.9056	610.8113	72	None	None	0	1	3.7501744492864493
1346	304.9056	610.8113	81	None	None	0	3	6.46070649638035
1347	306.9056	617.8113	81	None	None	0	3	6.572951394339533
1348	306.9056	617.8113	84	None	None	0	5	6.531898862215573
1349	311.7628	311.8699	53	None	None	0	1	5.876999726768884
1350	311.8699	311.9771	54	None	None	0	2	3.921874228293955
1351	312.1914	312.2985	51	None	None	0	1	3.912049601228777
1352	312.2985	312.4056	54	None	None	0	2	3.912049601228793
1353	312.6199	626.2399	60	None	None	0	3	2.55999861134126
1354	312.6199	626.2399	69	None	None	0	5	0.5310900783195446
1355	314.6199	630.2399	60	None	None	0	1	0.46086198708305187
1356	314.6199	630.2399	69	None	None	0	3	0.43721243147537725
1357	316.6199	637.2399	69	None	None	0	3	3.2719581941873512
1358	316.6199	637.2399	72	None	None	0	5	8.898138373766203
1359	321.0485	321.1556	63	None	None	0	1	12.495533622300451
1360	321.1556	321.2628	66	None	None	0	2	13.281548947971045
1361	321.9056	322.0128	63	None	None	0	1	13.828515192095754
1362	322.0128	322.1199	66	None	None	0	4	13.889036971921044
1363	322.7628	322.8699	63	None	None	0	2	15.297484561483186
1364	322.8699	322.9771	66	None	None	0	3	15.853866110968085
1365	323.1914	323.2985	59	None	None	0	2	13.35898767193254
1366	323.2985	323.4056	66	None	None	0	4	6.265610474955787
1367	323.6199	323.7271	58	None	None	0	1	6.486655679726958
1368	323.7271	323.8342	66	None	None	0	5	6.032893322674443
1369	324.0485	324.1735	57	None	None	0	1	6.088056888895153
1370	324.1735	324.2985	65	None	None	0	2	4.260581481845447
1371	324.5485	649.2637	65	None	None	0	1	4.280318309888519
1372	324.5485	649.2637	72	None	None	0	3	4.603391608951807
1373	324.5485	649.2637	75	None	None	0	4	4.733518354407853
1374	324.5485	649.2637	77	None	None	0	5	4.850632425318298
1375	324.7152	649.5970	65	None	None	0	1	7.980727454412278
1376	324.7152	649.5970	72	None	None	0	3	9.631882455200454
1377	324.7152	649.5970	75	None	None	0	4	9.631882455200454
1378	324.7152	649.5970	77	None	None	0	5	9.631882455200456
1379	324.8818	649.9303	65	None	None	0	1	8.678517065599099
1380	324.8818	649.9303	72	None	None	0	2	6.49077307876789
1381	324.8818	649.9303	75	None	None	0	3	6.325348367543876
1382	324.8818	649.9303	77	None	None	0	4	6.125945555128977
1383	325.0485	650.3470	77	None	None	0	1	1.5835204112112955
1384	325.0485	650.3470	84	None	None	0	3	0.8979565305195327
1385	325.0485	650.3470	87	None	None	0	4	0.6742902016539474
1386	325.0485	650.3470	89	None	None	0	5	0.4847116404086194
1387	339.1814	679.8628	64	None	None	0	1	0.4170494682188157
1388	339.1814	679.8628	68	None	None	0	3	0.45311311707471486
1389	339.1814	679.8628	73	None	None	0	5	0.43881919575283496
1390	342.1814	685.8628	64	None	None	0	1	1.56100328564571
1391	342.1814	685.8628	68	None	None	0	3	1.8041480117948834
1392	342.1814	685.8628	73	None	None	0	5	1.8496022184490426
1393	344.1359	691.2719	64	None	None	0	1	2.026600613719625
1394	344.1359	691.2719	68	None	None	0	3	2.026600613719625
1395	344.1359	691.2719	76	None	None	0	5	2.026600613719625
1396	350.1359	350.7742	64	None	None	0	2	2.026600613719625
1397	350.7742	351.3865	64	None	None	0	3	2.026600613719625
1398	351.3865	351.9987	63	None	None	0	2	2.026600613719625
1399	351.9987	352.6110	64	None	None	0	3	2.026600613719625
1400	352.6110	353.2232	66	None	None	0	4	2.026600613719625
1401	353.2232	355.1121	68	None	None	0	5	2.026600613719625
1402	355.1121	355.7243	68	None	None	0	0	2.026600613719625
