0	0.0000	0.5000	78	None	None	0	4	5.820564058956915
1	0.5000	0.7500	78	None	None	0	4	7.551298852874486
2	0.7500	1.0000	79	None	None	0	5	7.449811977132454
3	1.0000	1.2500	78	None	None	0	4	7.027957016139792
4	1.2500	1.5000	73	None	None	0	2	6.850405995731627
5	1.5000	1.7500	74	None	None	0	4	6.423875383486726
6	1.7500	2.0000	71	None	None	0	2	5.938161097772445
7	2.0000	3.0000	70	None	None	0	1	2.2409530478858213
8	3.0000	3.5000	78	None	None	0	4	2.431750200080031
9	3.7500	4.0000	79	None	None	0	5	2.369070961718018
10	4.0000	4.2500	78	None	None	0	4	2.516191476590635
11	4.2500	4.5000	73	None	None	0	2	2.309941476590635
12	4.5000	4.7500	76	None	None	0	3	3.8885270774976695
13	4.7500	5.0000	74	None	None	0	2	3.6303638121915442
14	5.0000	6.0000	71	None	None	0	1	3.9926087101507255
15	6.0000	6.5000	78	None	None	0	2	3.5450558000978165
16	6.7500	7.0000	79	None	None	0	3	3.6274492372706644
17	7.0000	7.2500	77	None	None	0	1	3.3601660740053605
18	7.2500	7.5000	78	None	None	0	2	2.205547559933065
19	7.5000	7.7500	83	None	None	0	3	2.3773162674160586
20	7.7500	8.0000	86	None	None	0	4	1.891545292359363
21	8.0000	8.5000	86	None	None	0	4	5.581442918076324
22	8.5000	9.0000	77	None	None	0	1	6.89575182345666
23	9.0000	9.5000	86	None	None	0	5	7.584654884681153
24	10.0000	10.5000	76	None	None	0	1	7.917112109995521
25	10.5000	11.0000	85	None	None	0	4	7.855193592588561
26	11.2500	11.5000	83	None	None	0	3	8.474541331684204
27	11.5000	11.7500	82	None	None	0	2	8.618702329416617
28	11.7500	12.0000	79	None	None	0	1	8.703112760255634
29	12.0000	12.2500	78	None	None	0	4	5.8048752834467106
30	12.2500	12.5000	73	None	None	0	2	5.9959467120181404
31	12.5000	12.7500	74	None	None	0	3	7.109334567160201
32	12.7500	13.0000	79	None	None	0	5	7.449811977132454
33	13.0000	13.2500	78	None	None	0	4	7.027957016139792
34	13.2500	13.5000	73	None	None	0	2	6.850405995731627
35	13.5000	13.7500	74	None	None	0	4	6.423875383486726
36	13.7500	14.0000	71	None	None	0	2	5.938161097772445
37	14.0000	15.0000	70	None	None	0	1	2.2409530478858213
38	15.0000	15.5000	78	None	None	0	4	5.436191143123919
39	15.7500	16.0000	79	None	None	0	5	5.355680529787676
40	16.0000	16.2500	78	None	None	0	4	5.167046742939604
41	16.2500	16.5000	73	None	None	0	2	4.936944702123273
42	16.5000	16.7500	76	None	None	0	3	5.406332457225314
43	16.7500	17.0000	74	None	None	0	2	6.115598587920021
44	17.0000	18.0000	71	None	None	0	1	6.232945526695533
45	18.0000	18.5000	78	None	None	0	2	5.810751649144511
46	18.5000	18.7500	90	None	None	0	5	5.18063285920429
47	18.7500	19.0000	85	None	None	0	4	5.062704854669135
48	19.0000	19.2500	86	None	None	0	5	4.348361162646871
49	19.2500	19.5000	82	None	None	0	4	4.366972016079157
50	19.5000	19.7500	83	None	None	0	5	4.2477118119975295
51	19.7500	20.0000	78	None	None	0	4	4.186790094825811
52	20.0000	20.2500	81	None	None	0	5	4.039468666254379
53	20.2500	20.5000	79	None	None	0	4	3.7862940630797794
54	20.5000	20.7500	71	None	None	0	1	5.0745593692022215
55	20.7500	21.0000	72	None	None	0	2	7.4569289837146915
56	21.0000	21.2500	75	None	None	0	3	7.777012471655322
57	21.2500	21.5000	76	None	None	0	4	7.358701814058957
58	21.5000	21.7500	79	None	None	0	5	7.227636054421763
59	21.7500	22.0000	78	None	None	0	4	7.095124716553281
60	22.0000	22.2500	71	None	None	0	1	7.887854308390015
61	22.2500	22.5000	74	None	None	0	5	6.392153679653683
62	22.5000	22.7500	73	None	None	0	4	5.91837250051536
63	22.7500	23.0000	66	None	None	0	1	4.674211502782942
64	23.0000	23.2500	71	None	None	0	3	4.193485879200174
65	23.2500	23.5000	65	None	None	0	1	4.550628736343028
66	23.5000	23.7500	66	None	None	0	2	3.3215471036899658
67	23.7500	24.0000	70	None	None	0	3	3.1187941843404112
68	24.0000	24.2500	71	None	None	0	4	2.4967703748166032
69	24.2500	24.5000	74	None	None	0	5	1.970622415632922
70	24.5000	25.0000	71	None	None	0	4	2.726813149502227
71	25.2500	25.5000	66	None	None	0	2	3.02125183406696
72	25.5000	25.7500	71	None	None	0	3	3.1009987328264543
73	25.7500	26.0000	70	None	None	0	2	3.039264038948904
74	26.0000	26.7500	70	None	None	0	2	3.2096357590655225
75	26.7500	27.0000	69	None	None	0	1	2.824014844032841
76	27.0000	27.2500	73	None	None	0	2	2.6949332113797833
77	27.2500	27.5000	76	None	None	0	3	2.6814823765003815
78	27.5000	28.2500	79	None	None	0	5	2.216913215502652
79	28.2500	28.5000	78	None	None	0	4	1.9251881921599836
80	28.5000	28.7500	73	None	None	0	2	2.2787596207314103
81	28.7500	29.0000	74	None	None	0	3	2.0134534982824315
82	29.0000	29.7500	78	None	None	0	5	1.8430817781658129
83	29.7500	30.0000	76	None	None	0	4	2.7761891877963407
84	30.0000	30.2500	71	None	None	0	2	2.905270820449398
85	30.2500	30.5000	73	None	None	0	4	1.9506094104308358
86	30.5000	31.2500	76	None	None	0	5	2.3925736961451194
87	31.2500	31.5000	74	None	None	0	4	2.508670134720557
88	31.5000	31.7500	73	None	None	0	3	2.4271091770041293
89	31.7500	32.0000	71	None	None	0	2	2.8817010137388195
90	32.0000	32.7500	71	None	None	0	2	3.052072733855438
91	32.7500	33.0000	69	None	None	0	1	2.824014844032841
92	33.0000	33.2500	73	None	None	0	2	2.6949332113797833
93	33.2500	33.5000	76	None	None	0	3	2.6814823765003815
94	33.5000	34.2500	79	None	None	0	5	2.5458002248518485
95	34.2500	34.5000	78	None	None	0	4	2.1713020922654813
96	34.5000	34.7500	73	None	None	0	2	2.2830701328150376
97	34.7500	35.0000	74	None	None	0	3	1.8280608563771905
98	35.0000	35.7500	78	None	None	0	5	2.85859298264761
99	35.7500	36.0000	76	None	None	0	4	2.9827547685741
100	36.0000	36.2500	71	None	None	0	2	3.467902160864354
101	36.2500	36.5000	73	None	None	0	5	3.0713902985436525
102	36.5000	37.2500	70	None	None	0	2	3.8169534480458864
103	37.2500	37.5000	73	None	None	0	3	4.006692222343482
104	37.5000	37.7500	67	None	None	0	1	4.153630997853688
105	37.7500	38.0000	73	None	None	0	4	4.2004770089854135
106	38.0000	38.7500	66	None	None	0	1	2.908263695088427
107	38.7500	39.0000	70	None	None	0	2	2.968861267450708
108	39.0000	39.2500	73	None	None	0	3	2.8119967034432847
109	39.2500	39.5000	76	None	None	0	4	2.765666049969779
110	39.5000	40.2500	79	None	None	0	5	2.216913215502652
111	40.2500	40.5000	78	None	None	0	4	1.9251881921599836
112	40.5000	40.7500	73	None	None	0	2	2.2787596207314103
113	40.7500	41.0000	74	None	None	0	3	2.0134534982824315
114	41.0000	41.7500	78	None	None	0	5	1.8430817781658129
115	41.7500	42.0000	76	None	None	0	4	2.7761891877963407
116	42.0000	42.2500	71	None	None	0	2	2.905270820449398
117	42.2500	42.5000	73	None	None	0	4	1.9506094104308358
118	42.5000	43.2500	76	None	None	0	5	2.3925736961451194
119	43.2500	43.5000	74	None	None	0	4	2.508670134720557
120	43.5000	43.7500	73	None	None	0	3	2.4271091770041293
121	43.7500	44.0000	71	None	None	0	2	2.8817010137388195
122	44.0000	44.7500	71	None	None	0	2	3.052072733855438
123	44.7500	45.0000	69	None	None	0	1	2.824014844032841
124	45.0000	45.2500	73	None	None	0	2	7.613805284018365
125	45.2500	45.5000	76	None	None	0	3	7.646685102612475
126	45.5000	46.2500	79	None	None	0	5	7.235970816898197
127	46.2500	46.5000	78	None	None	0	4	7.526688770746402
128	46.5000	46.7500	73	None	None	0	2	8.318525505440281
129	46.7500	47.0000	74	None	None	0	1	10.487859667676606
130	47.0000	47.7500	78	None	None	0	2	11.872553545227628
131	47.7500	48.0000	76	None	None	0	1	12.844942500809866
132	48.0000	48.2500	90	None	None	0	5	12.01272675736963
133	48.2500	48.5000	88	None	None	0	4	12.949234693877568
134	48.5000	48.7500	86	None	None	0	3	15.820918367346955
135	48.7500	49.0000	85	None	None	0	2	16.646621830550423
136	49.0000	49.2500	84	None	None	0	1	16.758356524427974
137	49.2500	49.5000	83	None	None	0	3	11.891009585652464
138	49.5000	49.7500	82	None	None	0	2	13.883923417852001
139	49.7500	50.0000	81	None	None	0	1	13.630415764790774
140	50.0000	50.2500	80	None	None	0	4	9.729582388510956
141	50.2500	50.5000	79	None	None	0	3	9.729582388510956
142	50.5000	50.7500	78	None	None	0	2	9.729582388510957
143	50.7500	51.0000	73	None	None	0	1	9.729582388510957
144	51.0000	51.2500	74	None	None	0	5	6.899225245653809
145	51.2500	51.5000	71	None	None	0	3	7.1645313681027964
146	51.5000	52.0000	70	None	None	0	1	6.348077286470143
147	52.5000	53.0000	81	None	None	0	5	6.180666572184427
148	53.0000	53.2500	80	None	None	0	4	6.180666572184428
149	53.2500	53.5000	79	None	None	0	3	6.180666572184428
150	53.5000	53.7500	78	None	None	0	2	5.759748204837489
151	53.7500	54.0000	73	None	None	0	1	3.6679114701436166
152	54.0000	54.2500	76	None	None	0	3	2.4351308578987156
153	54.2500	54.5000	74	None	None	0	2	3.903512377173093
154	54.5000	55.0000	71	None	None	0	1	3.8729001322751317
155	55.5000	56.0000	81	None	None	0	4	4.198696145124719
156	56.0000	56.2500	80	None	None	0	3	4.104119425548002
157	56.2500	56.5000	79	None	None	0	2	3.7616329107400572
158	56.5000	56.7500	77	None	None	0	1	3.3601660740053605
159	56.7500	57.0000	78	None	None	0	2	2.205547559933065
160	57.0000	57.2500	83	None	None	0	3	2.3773162674160586
161	57.2500	57.5000	86	None	None	0	4	1.891545292359363
162	57.5000	58.0000	86	None	None	0	4	5.581442918076324
163	58.0000	58.5000	77	None	None	0	1	6.89575182345666
164	58.5000	59.0000	86	None	None	0	5	7.584654884681153
165	59.5000	60.0000	76	None	None	0	1	7.917112109995521
166	60.0000	60.5000	85	None	None	0	4	7.855193592588561
167	60.7500	61.0000	83	None	None	0	3	8.474541331684204
168	61.0000	61.2500	82	None	None	0	2	8.618702329416617
169	61.2500	61.5000	79	None	None	0	1	8.703112760255634
170	61.5000	61.7500	78	None	None	0	4	5.8048752834467106
171	61.7500	62.0000	73	None	None	0	2	5.9959467120181404
172	62.0000	62.2500	74	None	None	0	3	7.109334567160201
173	62.2500	62.5000	79	None	None	0	5	7.449811977132454
174	62.5000	62.7500	78	None	None	0	4	7.027957016139792
175	62.7500	63.0000	73	None	None	0	2	6.850405995731627
176	63.0000	63.2500	74	None	None	0	4	6.423875383486726
177	63.2500	63.5000	71	None	None	0	2	5.938161097772445
178	63.5000	64.5000	70	None	None	0	1	2.2409530478858213
179	64.5000	65.0000	78	None	None	0	4	5.436191143123919
180	65.2500	65.5000	79	None	None	0	5	5.355680529787676
181	65.5000	65.7500	78	None	None	0	4	5.167046742939604
182	65.7500	66.0000	73	None	None	0	2	4.936944702123273
183	66.0000	66.2500	76	None	None	0	3	5.406332457225314
184	66.2500	66.5000	74	None	None	0	2	6.115598587920021
185	66.5000	67.5000	71	None	None	0	1	6.232945526695533
186	67.5000	68.0000	78	None	None	0	2	5.810751649144511
187	68.0000	68.2500	90	None	None	0	5	5.18063285920429
188	68.2500	68.5000	85	None	None	0	4	5.062704854669135
189	68.5000	68.7500	86	None	None	0	5	4.348361162646871
190	68.7500	69.0000	82	None	None	0	4	4.366972016079157
191	69.0000	69.2500	83	None	None	0	5	4.2477118119975295
192	69.2500	69.5000	78	None	None	0	4	4.186790094825811
193	69.5000	69.7500	81	None	None	0	5	4.039468666254379
194	69.7500	70.0000	79	None	None	0	4	3.7862940630797794
195	70.0000	70.2500	71	None	None	0	1	5.0745593692022215
196	70.2500	70.5000	72	None	None	0	2	7.4569289837146915
197	70.5000	70.7500	75	None	None	0	3	7.777012471655322
198	70.7500	71.0000	76	None	None	0	4	7.100850340136052
199	71.0000	71.2500	79	None	None	0	5	7.022202466845308
200	71.2500	71.5000	78	None	None	0	4	6.927885573421273
201	71.5000	71.7500	71	None	None	0	1	7.751128633271476
202	71.7500	72.0000	74	None	None	0	5	5.576043599257875
203	72.0000	72.2500	73	None	None	0	4	4.846232735518443
204	72.2500	72.5000	66	None	None	0	1	4.138182848897128
205	72.5000	73.0000	71	None	None	0	2	5.477505006331541
206	73.5000	74.0000	66	None	None	0	1	5.153280619607156
207	74.0000	74.2500	75	None	None	0	3	4.7312026975292385
208	74.2500	74.5000	76	None	None	0	4	4.613819683717649
209	74.5000	74.7500	75	None	None	0	3	4.7312026975292385
210	74.7500	75.0000	73	None	None	0	1	3.565277409665162
211	75.0000	75.2500	75	None	None	0	2	2.970472214859964
212	75.2500	75.5000	76	None	None	0	3	3.1076604234767435
213	75.5000	76.5000	80	None	None	0	5	4.7312026975292385
214	76.5000	77.0000	78	None	None	0	4	4.7312026975292385
215	77.0000	77.2500	75	None	None	0	3	4.449817416143955
216	77.2500	77.5000	76	None	None	0	4	5.310404150837833
217	77.5000	77.7500	75	None	None	0	3	4.749179661041916
218	77.7500	78.0000	73	None	None	0	1	3.325091107871714
219	78.0000	78.2500	75	None	None	0	2	2.7260878954756413
220	78.2500	78.5000	76	None	None	0	1	2.185454889026318
221	78.5000	79.5000	80	None	None	0	3	1.6520597127740007
222	79.5000	80.0000	78	None	None	0	1	1.3945342025699234
223	80.0000	80.5000	78	None	None	0	1	3.206587773998497
224	80.5000	80.8750	87	None	None	0	5	2.7909308862433946
225	80.8750	81.0000	87	None	None	0	5	2.7909308862433946
226	81.0000	81.5000	87	None	None	0	5	2.7909308862433946
227	81.5000	82.0000	85	None	None	0	4	3.1319527116402166
228	82.0000	82.3750	76	None	None	0	1	3.353182870370368
229	82.3750	82.5000	76	None	None	0	3	1.9372602513227462
230	82.5000	83.0000	76	None	None	0	3	2.5396412037037055
231	83.0000	83.5000	75	None	None	0	2	3.383208455165685
232	83.5000	83.8750	83	None	None	0	5	3.6445286082269055
233	83.8750	84.0000	83	None	None	0	5	4.323610240879965
234	84.0000	84.5000	83	None	None	0	5	5.042352631066593
235	84.5000	85.0000	82	None	None	0	4	4.705528823260646
236	85.0000	85.3750	73	None	None	0	1	4.825143335732306
237	85.3750	85.5000	73	None	None	0	3	4.944416181576051
238	85.5000	86.0000	76	None	None	0	4	4.777198368524907
239	86.0000	86.2500	75	None	None	0	3	4.7312026975292385
240	86.2500	86.5000	76	None	None	0	4	4.613819683717649
241	86.5000	86.7500	75	None	None	0	3	4.7312026975292385
242	86.7500	87.0000	73	None	None	0	1	3.565277409665162
243	87.0000	87.2500	75	None	None	0	2	2.970472214859964
244	87.2500	87.5000	76	None	None	0	3	3.1076604234767435
245	87.5000	88.5000	80	None	None	0	5	4.7312026975292385
246	88.5000	89.0000	78	None	None	0	4	4.7312026975292385
247	89.0000	89.2500	75	None	None	0	3	4.7312026975292385
248	89.2500	89.5000	76	None	None	0	4	4.352499530656428
249	89.5000	89.7500	75	None	None	0	3	3.791275040860511
250	89.7500	90.0000	73	None	None	0	1	2.367186487690309
251	90.0000	90.2500	75	None	None	0	2	1.996779505452965
252	90.2500	90.5000	76	None	None	0	3	2.126778796836178
253	90.5000	91.5000	80	None	None	0	4	1.9494921482137362
254	91.5000	92.0000	78	None	None	0	3	1.881605489417987
255	92.0000	92.5000	75	None	None	0	2	2.962275915483149
256	92.5000	92.8750	83	None	None	0	5	2.939476170585184
257	92.8750	93.0000	83	None	None	0	5	2.939476170585184
258	93.0000	93.5000	83	None	None	0	5	2.939476170585184
259	93.5000	94.0000	82	None	None	0	4	2.598454345188358
260	94.0000	94.3750	73	None	None	0	1	2.598454345188367
261	94.3750	94.5000	73	None	None	0	2	1.3826648715041552
262	94.5000	95.0000	73	None	None	0	2	1.6604426492819315
263	95.0000	95.5000	71	None	None	0	1	1.8512164588057405
264	95.5000	95.8750	80	None	None	0	5	2.1353363567649266
265	95.8750	96.0000	80	None	None	0	5	2.8144179894179864
266	96.0000	96.5000	80	None	None	0	5	4.307112937767701
267	96.5000	97.0000	78	None	None	0	4	4.3113109553585796
268	97.0000	97.3750	70	None	None	0	1	4.430925467830232
269	97.3750	97.5000	70	None	None	0	2	5.880914097240633
270	97.5000	98.0000	76	None	None	0	4	4.777198368524907
271	98.0000	98.2500	75	None	None	0	3	4.7312026975292385
272	98.2500	98.5000	76	None	None	0	4	4.613819683717649
273	98.5000	98.7500	75	None	None	0	3	4.7312026975292385
274	98.7500	99.0000	73	None	None	0	1	3.565277409665162
275	99.0000	99.2500	75	None	None	0	2	2.970472214859964
276	99.2500	99.5000	76	None	None	0	3	3.1076604234767435
277	99.5000	100.5000	80	None	None	0	5	4.7312026975292385
278	100.5000	101.0000	78	None	None	0	4	4.7312026975292385
279	101.0000	101.2500	75	None	None	0	3	4.449817416143955
280	101.2500	101.5000	76	None	None	0	4	5.310404150837833
281	101.5000	101.7500	75	None	None	0	3	4.749179661041916
282	101.7500	102.0000	73	None	None	0	1	3.325091107871714
283	102.0000	102.2500	75	None	None	0	2	2.7260878954756413
284	102.2500	102.5000	76	None	None	0	1	2.185454889026318
285	102.5000	103.5000	80	None	None	0	3	1.6520597127740007
286	103.5000	104.0000	78	None	None	0	1	1.3945342025699234
287	104.0000	104.5000	78	None	None	0	1	3.206587773998497
288	104.5000	104.8750	87	None	None	0	5	2.7909308862433946
289	104.8750	105.0000	87	None	None	0	5	2.7909308862433946
290	105.0000	105.5000	87	None	None	0	5	2.7909308862433946
291	105.5000	106.0000	85	None	None	0	4	3.1319527116402166
292	106.0000	106.3750	76	None	None	0	1	3.353182870370368
293	106.3750	106.5000	76	None	None	0	3	1.9372602513227462
294	106.5000	107.0000	76	None	None	0	3	2.5396412037037055
295	107.0000	107.5000	75	None	None	0	2	3.383208455165685
296	107.5000	107.8750	83	None	None	0	5	3.6445286082269055
297	107.8750	108.0000	83	None	None	0	5	4.323610240879965
298	108.0000	108.5000	83	None	None	0	5	5.042352631066593
299	108.5000	109.0000	82	None	None	0	4	4.705528823260646
300	109.0000	109.3750	73	None	None	0	1	4.825143335732306
301	109.3750	109.5000	73	None	None	0	3	3.880094024141645
302	109.5000	110.0000	76	None	None	0	4	3.8988881158524062
303	110.0000	110.2500	75	None	None	0	3	3.6271619253762166
304	110.2500	110.5000	76	None	None	0	4	3.1073206555349504
305	110.5000	110.7500	75	None	None	0	3	2.804259431045159
306	110.7500	111.0000	73	None	None	0	2	3.7309459389816624
307	111.0000	111.2500	75	None	None	0	3	4.134934807256242
308	111.2500	111.5000	76	None	None	0	4	3.667247732426315
309	111.5000	112.5000	79	None	None	0	5	3.667247732426315
310	112.5000	113.0000	78	None	None	0	4	3.667247732426314
311	113.0000	113.2500	74	None	None	0	3	3.134509637188219
312	113.2500	113.5000	76	None	None	0	4	2.933971088435383
313	113.5000	113.7500	74	None	None	0	3	2.69927721088436
314	113.7500	114.0000	73	None	None	0	2	2.4217828798186067
315	114.0000	114.2500	74	None	None	0	3	1.804435941043097
316	114.2500	114.5000	76	None	None	0	4	2.4970521541950204
317	114.5000	115.5000	79	None	None	0	5	1.7674603174603218
318	115.5000	116.0000	78	None	None	0	4	2.014980158730163
319	116.0000	116.5000	78	None	None	0	5	3.226372354497361
320	116.5000	116.8750	76	None	None	0	4	3.4022682178932246
321	116.8750	117.0000	76	None	None	0	4	3.4022682178932246
322	117.0000	117.5000	74	None	None	0	3	3.4022682178932246
323	117.5000	118.0000	74	None	None	0	3	3.4022682178932246
324	118.0000	118.3750	73	None	None	0	2	3.4022682178932246
325	118.3750	118.5000	73	None	None	0	2	3.4022682178932246
326	118.5000	119.0000	71	None	None	0	1	3.4022682178932246
327	119.0000	119.5000	70	None	None	0	2	3.4022682178932246
328	119.5000	120.0000	73	None	None	0	3	3.4022682178932246
329	121.0000	121.5000	66	None	None	0	0	3.4022682178932246
