0	1.7500	2.0000	76	None	None	0	1	4.435827664399085
1	2.0000	2.1250	81	None	None	0	5	4.61798941798941
2	2.1250	2.2500	76	None	None	0	4	4.30843544045297
3	2.2500	2.3750	77	None	None	0	5	4.294096351991094
4	2.3750	2.5000	74	None	None	0	4	4.055087785601577
5	2.5000	2.6250	76	None	None	0	5	3.8112669239235646
6	2.6250	2.7500	72	None	None	0	4	3.1725984935884592
7	2.7500	2.8750	74	None	None	0	5	3.1168224794791124
8	2.8750	3.0000	71	None	None	0	3	2.7517431143997575
9	3.0000	3.3750	72	None	None	0	4	2.70712230311228
10	3.3750	3.5000	71	None	None	0	3	3.677047115142357
11	3.5000	3.7500	69	None	None	0	2	9.08974552784076
12	3.7500	4.0000	72	None	None	0	3	11.42024439405391
13	4.0000	4.1250	71	None	None	0	2	12.122398589065249
14	4.1250	4.2500	77	None	None	0	5	12.25720251063387
15	4.2500	4.3750	76	None	None	0	4	11.810994397759096
16	4.3750	4.5000	74	None	None	0	3	11.812278244631168
17	4.5000	4.6250	72	None	None	0	2	11.41069094304387
18	4.6250	4.7500	71	None	None	0	1	10.64432189542482
19	4.7500	4.8750	69	None	None	0	3	3.025274276377206
20	4.8750	5.0000	68	None	None	0	2	2.335823218176153
21	5.0000	5.5000	69	None	None	0	3	1.3755057578586944
22	5.7500	6.0000	72	None	None	0	4	1.4849537037037008
23	6.0000	6.1250	72	None	None	0	3	1.8291099773242645
24	6.1250	6.2500	71	None	None	0	2	2.1576814058956906
25	6.2500	6.5000	71	None	None	0	2	2.1576814058956906
26	6.7500	7.0000	74	None	None	0	3	2.1886337868480688
27	7.0000	7.1250	74	None	None	0	2	2.549291383219952
28	7.1250	7.2500	72	None	None	0	1	2.1254818594104257
29	7.2500	7.5000	72	None	None	0	1	2.1254818594104257
30	7.7500	8.0000	76	None	None	0	2	2.3125850340136083
31	8.0000	8.1250	81	None	None	0	4	1.9509070294784545
32	8.1250	8.2500	77	None	None	0	2	1.768543713781815
33	8.2500	8.5000	77	None	None	0	2	2.133623078861177
34	8.7500	9.0000	74	None	None	0	1	2.5173532375913346
35	9.0000	9.1250	79	None	None	0	4	3.3513668430334986
36	9.1250	9.2500	76	None	None	0	2	3.8140652557319132
37	9.2500	9.5000	76	None	None	0	2	9.505335097001755
38	9.7500	10.0000	72	None	None	0	1	10.753350970017637
39	10.0000	10.1250	72	None	None	0	1	12.010493827160495
40	10.1250	10.2500	81	None	None	0	5	10.604681502230529
41	10.2500	10.3750	79	None	None	0	4	10.158473389355754
42	10.3750	10.5000	77	None	None	0	3	9.793394024276392
43	10.5000	10.6250	76	None	None	0	2	9.391806722689093
44	10.6250	10.7500	74	None	None	0	1	8.248949579831942
45	10.7500	10.8750	72	None	None	0	3	1.3675070028011151
46	10.8750	11.0000	71	None	None	0	2	0.9659197012138169
47	11.0000	11.5000	72	None	None	0	1	0.22082166199813244
48	11.7500	12.0000	79	None	None	0	2	0.0
49	12.0000	12.1250	79	None	None	0	1	0.0
50	12.1250	12.2500	79	None	None	0	4	0.3650793650793621
51	12.2500	12.3750	79	None	None	0	4	0.7666666666666605
52	12.3750	12.5000	79	None	None	0	5	1.2128747795414445
53	12.5000	12.6250	79	None	None	0	4	6.741666666666673
54	12.6250	12.7500	79	None	None	0	5	7.075119677500631
55	12.7500	12.8750	79	None	None	0	5	7.075119677500631
56	12.8750	13.0000	79	None	None	0	5	7.075119677500631
57	13.0000	13.1250	79	None	None	0	5	7.075119677500631
58	13.1250	13.2500	77	None	None	0	4	6.628911564625855
59	13.2500	13.3750	76	None	None	0	3	6.263832199546493
60	13.3750	13.5000	74	None	None	0	1	5.442474489795928
61	13.5000	13.7500	73	None	None	0	2	0.6103316326530653
62	13.7500	14.0000	81	None	None	0	5	0.0
63	14.0000	14.1250	81	None	None	0	1	0.0
64	14.1250	14.2500	81	None	None	0	4	0.3650793650793621
65	14.2500	14.3750	81	None	None	0	5	1.319223985890647
66	14.3750	14.5000	81	None	None	0	5	1.5723985890652545
67	14.5000	14.6250	81	None	None	0	4	6.801190476190476
68	14.6250	14.7500	81	None	None	0	4	7.411522108843541
69	14.7500	14.8750	81	None	None	0	4	7.411522108843541
70	14.8750	15.0000	81	None	None	0	4	7.411522108843541
71	15.0000	15.1250	81	None	None	0	4	7.411522108843541
72	15.1250	15.2500	79	None	None	0	3	7.046442743764179
73	15.2500	15.3750	78	None	None	0	2	5.990093537414975
74	15.3750	15.5000	76	None	None	0	1	5.442474489795928
75	15.5000	15.7500	75	None	None	0	2	0.6103316326530653
76	15.7500	16.0000	83	None	None	0	5	0.0
77	16.0000	16.1250	83	None	None	0	1	0.0
78	16.1250	16.2500	83	None	None	0	4	0.3650793650793693
79	16.2500	16.3750	83	None	None	0	4	0.7666666666666677
80	16.3750	16.5000	83	None	None	0	5	1.867636684303351
81	16.5000	16.6250	83	None	None	0	5	2.4152557319223975
82	16.6250	16.7500	83	None	None	0	5	8.229541446208106
83	16.7500	16.8750	83	None	None	0	5	9.372398589065249
84	16.8750	17.0000	83	None	None	0	5	11.57874779541445
85	17.0000	17.1250	83	None	None	0	5	13.809615142353229
86	17.1250	17.2500	81	None	None	0	4	13.809615142353222
87	17.2500	17.3750	79	None	None	0	3	13.809615142353229
88	17.3750	17.5000	78	None	None	0	2	13.154853237591324
89	17.5000	17.6250	76	None	None	0	1	18.400884983623072
90	17.6250	17.7500	74	None	None	0	3	12.620153061224496
91	17.7500	17.8750	72	None	None	0	2	17.05070861678006
92	17.8750	18.0000	71	None	None	0	1	16.868168934240373
93	18.1250	18.2500	84	None	None	0	5	14.903057889822604
94	18.2500	18.3750	83	None	None	0	3	12.982422969187686
95	18.3750	18.5000	81	None	None	0	2	13.455135387488337
96	18.5000	18.6250	79	None	None	0	1	12.312278244631194
97	18.6250	18.7500	78	None	None	0	4	3.491048085901026
98	18.7500	18.8750	76	None	None	0	3	3.2608893557422913
99	18.8750	19.0000	75	None	None	0	2	4.27149924784728
100	19.0000	19.5000	76	None	None	0	3	3.311181787529822
101	19.7500	20.0000	79	None	None	0	5	3.045425485008816
102	20.0000	20.1250	79	None	None	0	5	3.436666981607452
103	20.1250	20.2500	78	None	None	0	4	2.9931831065759593
104	20.2500	20.5000	78	None	None	0	5	2.2503684807256183
105	20.7500	21.0000	72	None	None	0	3	1.8545351473922844
106	21.0000	21.1250	72	None	None	0	2	3.8308106575963636
107	21.1250	21.2500	71	None	None	0	1	4.209301633111149
108	21.2500	21.5000	71	None	None	0	1	4.209301633111149
109	21.7500	22.0000	71	None	None	0	1	4.209301633111149
110	22.0000	22.1250	75	None	None	0	2	3.754709796376458
111	22.1250	22.2500	76	None	None	0	1	1.3360590027256662
112	22.2500	22.5000	76	None	None	0	1	1.3360590027256662
113	22.7500	23.0000	76	None	None	0	1	1.3360590027256662
114	23.0000	23.1250	82	None	None	0	2	0.9603174603174582
115	23.1250	23.2500	83	None	None	0	1	0.0
116	23.2500	23.5000	83	None	None	0	1	0.0
117	23.7500	24.0000	83	None	None	0	1	0.0
118	24.0000	24.1250	83	None	None	0	1	0.0
119	24.1250	24.2500	83	None	None	0	4	0.3650793650793693
120	24.2500	24.3750	83	None	None	0	4	0.7666666666666677
121	24.3750	24.5000	83	None	None	0	5	1.867636684303351
122	24.5000	24.6250	83	None	None	0	5	2.4152557319223975
123	24.6250	24.7500	83	None	None	0	5	8.229541446208106
124	24.7500	24.8750	83	None	None	0	5	9.372398589065249
125	24.8750	25.0000	83	None	None	0	5	11.57874779541445
126	25.0000	25.1250	83	None	None	0	5	13.809615142353229
127	25.1250	25.2500	81	None	None	0	4	13.809615142353222
128	25.2500	25.3750	79	None	None	0	3	13.809615142353229
129	25.3750	25.5000	78	None	None	0	2	13.154853237591324
130	25.5000	25.6250	76	None	None	0	1	18.400884983623072
131	25.6250	25.7500	74	None	None	0	3	12.620153061224496
132	25.7500	25.8750	72	None	None	0	2	17.05070861678006
133	25.8750	26.0000	71	None	None	0	1	18.47951453308597
134	26.1250	26.2500	84	None	None	0	5	16.339917027417034
135	26.2500	26.3750	83	None	None	0	3	15.101821789321797
136	26.3750	26.5000	81	None	None	0	2	15.017694805194804
137	26.5000	26.6250	79	None	None	0	1	14.128012265512268
138	26.6250	26.7500	78	None	None	0	4	5.7648809523809605
139	26.7500	26.8750	76	None	None	0	3	8.316625724363824
140	26.8750	27.0000	75	None	None	0	1	8.983395892026863
141	27.0000	28.0000	84	None	None	0	5	8.455527926658903
142	28.0000	28.1250	83	None	None	0	4	9.237273958404934
143	28.1250	28.2500	76	None	None	0	2	7.7388612599922295
144	28.2500	28.3750	81	None	None	0	4	7.429425633889932
145	28.3750	28.5000	78	None	None	0	3	7.767809472273766
146	28.5000	28.7500	76	None	None	0	2	10.515874590576976
147	28.7500	29.0000	75	None	None	0	1	7.408731733434114
148	29.0000	30.0000	88	None	None	0	5	6.02147266313933
149	30.0000	30.1250	83	None	None	0	4	6.774647266313934
150	30.1250	30.2500	76	None	None	0	2	5.006393298059957
151	30.2500	30.3750	81	None	None	0	5	6.159851347946589
152	30.3750	30.5000	78	None	None	0	4	8.914597505668933
153	30.5000	30.7500	76	None	None	0	3	8.914597505668933
154	30.7500	31.0000	75	None	None	0	2	8.914597505668933
155	31.0000	31.1250	76	None	None	0	4	8.914597505668933
156	31.1250	31.2500	71	None	None	0	2	8.914597505668933
157	31.2500	31.3750	72	None	None	0	3	8.914597505668933
158	31.3750	31.5000	69	None	None	0	2	8.914597505668933
159	31.5000	31.7500	67	None	None	0	1	8.914597505668933
160	31.7500	32.0000	66	None	None	0	2	8.914597505668933
161	32.0000	32.5000	64	None	None	0	0	8.914597505668933
