0	0.0000	0.5000	60	None	None	0	1	6.730386843966902
1	0.5000	1.0000	65	None	None	0	2	6.667724502231362
2	1.0000	1.5000	68	None	None	0	3	7.254845714352572
3	1.5000	2.0000	72	None	None	0	1	3.512286190543049
4	2.0000	2.5000	77	None	None	0	4	3.0303086773155354
5	2.5000	3.2500	80	None	None	0	5	3.288186133853704
6	3.2500	3.3333	79	None	None	0	4	3.4226269935309044
7	3.3333	3.4167	77	None	None	0	3	3.12221743984161
8	3.4167	3.5000	76	None	None	0	2	3.807931705880574
9	3.5000	4.0000	77	None	None	0	5	3.21637327735637
10	4.5000	5.0000	67	None	None	0	1	3.6352044421143366
11	5.0000	5.5000	72	None	None	0	2	3.3259553578652534
12	5.5000	6.0000	76	None	None	0	3	3.149808973385534
13	6.0000	6.5000	79	None	None	0	4	3.025703775750922
14	6.5000	7.2500	82	None	None	0	5	3.3490243495016916
15	7.2500	7.3333	80	None	None	0	4	4.603979387311426
16	7.3333	7.4167	79	None	None	0	3	4.8107730095427
17	7.4167	7.5000	77	None	None	0	2	4.3911759309845975
18	7.5000	8.0000	79	None	None	0	5	4.838786041001234
19	8.3750	8.5000	72	None	None	0	2	6.228751630966823
20	8.5000	10.3750	80	None	None	0	5	4.946220046904617
21	9.2500	9.3333	79	None	None	0	4	6.3736243226437885
22	9.3333	9.4167	77	None	None	0	3	8.275036439672306
23	9.4167	9.5000	76	None	None	0	2	9.039322131028717
24	9.5000	10.0000	77	None	None	0	3	9.005623606142729
25	10.3750	10.5000	72	None	None	0	1	9.180810737851601
26	10.5000	22.1250	82	None	None	0	4	8.464870131179351
27	10.5000	22.1250	82	None	None	0	5	5.551752782578133
28	11.6250	11.7500	80	None	None	0	3	5.311419991005019
29	11.7500	11.8750	79	None	None	0	2	4.480833405876581
30	11.8750	12.0000	77	None	None	0	1	4.056539360546175
31	12.0000	12.7500	79	None	None	0	4	3.278904004263619
32	13.2188	13.4062	72	None	None	0	1	3.9444627233723972
33	13.4062	13.5000	77	None	None	0	2	4.421481384964734
34	13.5000	13.5938	84	None	None	0	5	4.717459584004973
35	13.5938	15.0553	80	None	None	0	4	4.6276075929082285
36	15.0553	15.2861	82	None	None	0	5	6.433369643576286
37	15.2861	15.5168	80	None	None	0	4	7.839677321686293
38	15.5168	15.7476	79	None	None	0	3	9.812438554627365
39	15.7476	16.2476	77	None	None	0	2	9.863941121827606
40	15.9976	16.0809	76	None	None	0	1	9.728994715705165
41	16.0809	16.1643	77	None	None	0	4	6.613254281163309
42	16.1643	16.2476	79	None	None	0	5	7.306706675788133
43	16.2476	32.7352	77	None	None	0	4	6.7590876182123765
44	16.2476	32.7352	77	None	None	0	3	4.849996674410709
45	16.4876	16.7276	76	None	None	0	2	4.955668943318275
46	19.3491	20.5491	68	None	None	0	1	6.064622692980184
47	19.7991	19.8491	75	None	None	0	5	7.994333516082184
48	19.8491	19.8991	73	None	None	0	4	9.267709850072551
49	19.8991	19.9491	72	None	None	0	3	7.82723364039002
50	19.9491	20.2491	73	None	None	0	5	4.50195257040547
51	20.2491	20.5491	73	None	None	0	5	5.056799509180979
52	20.5491	21.7491	73	None	None	0	5	5.893439715243595
53	20.9991	21.0491	70	None	None	0	4	6.818042909053107
54	21.0491	21.0991	68	None	None	0	3	8.193172820897514
55	21.0991	21.1491	67	None	None	0	2	6.60864899024673
56	21.1491	21.4491	68	None	None	0	3	5.894363284691186
57	21.4491	21.7491	68	None	None	0	2	5.13742703911858
58	21.7491	22.9491	67	None	None	0	1	5.744272266650316
59	22.1991	22.2491	75	None	None	0	4	6.96976010851656
60	22.2491	22.2991	73	None	None	0	3	7.019543657968223
61	22.2991	22.3491	72	None	None	0	2	5.435019827317437
62	22.3491	22.6491	73	None	None	0	4	3.6540674550952255
63	22.6491	22.9491	73	None	None	0	4	4.123313486841256
64	22.9491	24.1491	68	None	None	0	2	3.968948950774916
65	23.3991	23.4491	73	None	None	0	4	3.8265802084061744
66	23.4491	23.4991	72	None	None	0	3	3.469795938032301
67	23.4991	23.5491	71	None	None	0	2	2.9505749986561414
68	23.5491	23.8491	72	None	None	0	5	2.289944166627203
69	23.8491	24.1491	72	None	None	0	5	2.869647999379814
70	24.1491	49.3417	65	None	None	0	2	3.355039565644873
71	24.1491	48.5591	72	None	None	0	5	3.8015069829330717
72	24.4100	24.9317	70	None	None	0	4	3.7127238199782195
73	24.9317	25.1926	68	None	None	0	3	3.7379463247461784
74	25.1926	25.4535	67	None	None	0	2	4.163010868636033
75	25.4535	25.7535	75	None	None	0	5	5.465673883653609
76	25.7535	26.0262	73	None	None	0	4	6.732944257250196
77	26.0262	26.2871	72	None	None	0	3	11.231637637041121
78	26.2871	53.6176	65	None	None	0	2	10.613594733720515
79	26.2871	52.8350	72	None	None	0	5	11.696145319338255
80	26.5479	27.0697	70	None	None	0	4	12.583612580951494
81	27.0697	27.3306	68	None	None	0	3	16.0877508882268
82	27.3306	27.6033	67	None	None	0	2	16.342101388820726
83	27.6033	55.4793	63	None	None	0	1	17.981142955292732
84	27.6033	55.4793	75	None	None	0	5	17.313110369534286
85	27.8760	56.0248	61	None	None	0	1	13.398911763262525
86	27.8760	56.0248	73	None	None	0	5	12.924608627374024
87	28.1487	56.5702	60	None	None	0	1	14.37076818875954
88	28.1487	56.5702	72	None	None	0	5	14.20722980592672
89	28.6942	57.9338	58	None	None	0	1	10.796342403590632
90	28.6942	57.9338	70	None	None	0	5	10.467038005775173
91	29.2396	58.7520	56	None	None	0	1	7.886483248661054
92	29.2396	58.7520	68	None	None	0	5	11.111528469480914
93	29.5124	59.2748	55	None	None	0	1	12.236239637645232
94	29.5124	59.2748	67	None	None	0	2	9.69039912438483
95	30.2624	30.5124	76	None	None	0	5	11.809348791350669
96	30.5124	30.7624	75	None	None	0	4	11.80934879135067
97	30.7624	31.0124	73	None	None	0	2	11.76516595872797
98	31.0124	31.2624	70	None	None	0	1	12.246798611789192
99	31.2624	31.5124	67	None	None	0	4	6.941172940468038
100	31.5124	31.8874	64	None	None	0	3	10.54858378359316
101	31.8874	32.0124	63	None	None	0	1	10.491410547472565
102	32.0124	32.2624	68	None	None	0	2	9.832768572163953
103	32.2624	32.5124	76	None	None	0	5	11.80934879135069
104	32.5124	32.7624	75	None	None	0	4	11.809348791350692
105	32.7624	33.0124	73	None	None	0	2	11.765165958727998
106	33.0124	33.2624	70	None	None	0	1	12.246798611789224
107	33.2624	33.5124	67	None	None	0	4	6.941172940468067
108	33.5124	33.8874	64	None	None	0	3	6.410560695570105
109	33.8874	34.0124	63	None	None	0	1	4.680549113584833
110	34.0124	34.2624	68	None	None	0	2	4.556001167977905
111	34.2624	34.5124	76	None	None	0	5	4.581173737005526
112	34.5124	34.7624	75	None	None	0	4	4.664790517050859
113	34.7624	35.0124	73	None	None	0	3	4.670383318909895
114	35.0124	35.2624	70	None	None	0	2	4.86343720713184
115	35.2624	35.5124	67	None	None	0	1	4.97376883978491
116	35.6324	35.7524	67	None	None	0	2	4.945442260926382
117	35.7524	35.8724	70	None	None	0	3	5.063647084178006
118	35.8724	35.9924	68	None	None	0	1	8.555932221373311
119	36.1124	36.2324	69	None	None	0	2	7.85320112893632
120	36.2324	36.3524	72	None	None	0	3	7.901902427637653
121	36.3524	36.4724	70	None	None	0	1	6.716609102318571
122	36.5924	36.7124	71	None	None	0	2	6.428775125752736
123	36.7124	36.8324	73	None	None	0	3	6.498875479943996
124	36.8324	36.9524	72	None	None	0	1	6.091116446578631
125	37.0724	37.1924	74	None	None	0	2	5.318813775510189
126	37.1924	37.3124	80	None	None	0	5	8.199589002267585
127	37.3124	37.4324	74	None	None	0	2	8.156569521748084
128	37.4324	37.6724	75	None	None	0	3	9.219069521748093
129	38.0324	38.1524	74	None	None	0	1	8.726093260995892
130	38.1524	38.2724	80	None	None	0	5	9.068658524015692
131	38.2724	38.3924	74	None	None	0	2	9.025639043496193
132	38.3924	38.6324	75	None	None	0	3	8.132781900639035
133	38.9924	39.1124	79	None	None	0	1	5.438904349618625
134	39.1124	39.2324	88	None	None	0	4	6.511146538505232
135	39.2324	39.3524	79	None	None	0	1	6.627170220705395
136	39.3524	39.5924	80	None	None	0	2	5.698598792133957
137	39.9524	40.0724	79	None	None	0	1	5.358876195106161
138	40.0724	40.1924	88	None	None	0	5	4.729101557978548
139	40.1924	40.3124	79	None	None	0	2	3.745045435529598
140	40.4324	40.5524	79	None	None	0	2	4.945442260926435
141	40.5524	40.6724	82	None	None	0	3	4.731451706026797
142	40.6724	40.7924	80	None	None	0	1	4.705208598590967
143	40.9124	41.0324	81	None	None	0	2	3.779410800132755
144	41.0324	41.1524	84	None	None	0	3	3.711982313586608
145	41.1524	41.2724	82	None	None	0	2	4.613768027872334
146	41.3924	41.5124	83	None	None	0	3	4.337886842064668
147	41.5124	41.6324	85	None	None	0	4	4.317697120170409
148	41.6324	41.7524	84	None	None	0	2	4.066408209289261
149	41.8724	41.9924	84	None	None	0	2	5.933291326172336
150	41.9924	42.1124	87	None	None	0	3	11.665729342701326
151	42.1124	42.2324	85	None	None	0	2	13.032612459584454
152	42.3524	42.4724	86	None	None	0	3	14.00609586120955
153	42.4724	42.5924	89	None	None	0	5	19.183634231929652
154	42.5924	42.7124	87	None	None	0	4	20.944362455726225
155	42.7124	42.8324	85	None	None	0	3	22.382526564344893
156	42.8324	42.9524	84	None	None	0	2	27.43528630460431
157	42.9524	43.0724	82	None	None	0	1	27.75996162928008
158	43.0724	43.1924	80	None	None	0	4	21.01483175914973
159	43.1924	43.3124	79	None	None	0	3	21.64167650531258
160	43.3124	43.4324	77	None	None	0	2	27.435286304604176
161	43.4324	43.5524	75	None	None	0	1	27.5838252656431
162	43.5524	43.6724	73	None	None	0	4	20.128652597402684
163	43.6724	43.7924	72	None	None	0	3	20.226866883116976
164	43.7924	43.9124	70	None	None	0	2	20.860795454545553
165	43.9124	44.0324	68	None	None	0	1	18.045048701298846
166	44.0324	44.1524	67	None	None	0	4	9.41860979929162
167	44.1524	44.2724	65	None	None	0	3	10.125590318772169
168	44.2724	44.3924	63	None	None	0	2	10.75951889020072
169	44.3924	44.5124	62	None	None	0	1	9.269619900301707
170	44.5124	44.6324	63	None	None	0	3	6.421331824740967
171	44.6324	44.7524	62	None	None	0	2	6.421331824740932
172	44.7524	44.8724	63	None	None	0	3	6.421331824740932
173	44.8724	44.9924	62	None	None	0	2	5.628673094582227
174	44.9924	45.1124	63	None	None	0	3	4.949806506624714
175	45.1124	45.2324	62	None	None	0	1	19.963608170540887
176	45.2324	45.3524	63	None	None	0	0	-1
177	45.3524	45.4724	65	None	None	0	0	-1
178	45.4724	45.5924	63	None	None	0	0	-1
179	45.5924	45.7124	62	None	None	0	0	-1
180	45.7124	45.8324	63	None	None	0	0	-1
181	45.8324	45.9524	65	None	None	0	0	-1
182	45.9524	46.0724	63	None	None	0	0	-1
183	46.1924	46.3124	80	None	None	0	1	13.615470861209333
184	46.3124	46.4324	89	None	None	0	5	19.183634231929496
185	46.4324	46.5524	87	None	None	0	4	20.944362455726033
186	46.5524	46.6724	85	None	None	0	3	22.38252656434464
187	46.6724	46.7924	84	None	None	0	2	27.435286304604368
188	46.7924	46.9124	82	None	None	0	1	27.759961629279818
189	46.9124	47.0324	80	None	None	0	4	21.014831759150052
190	47.0324	47.1524	79	None	None	0	3	21.64167650531301
191	47.1524	47.2724	77	None	None	0	2	27.435286304604695
192	47.2724	47.3924	75	None	None	0	1	27.688754427391014
193	47.3924	47.5124	73	None	None	0	4	21.35024350649359
194	47.5124	47.6324	72	None	None	0	3	23.342753837071854
195	47.6324	47.7524	70	None	None	0	1	27.759961629280077
196	47.7524	47.8724	68	None	None	0	4	21.014831759149715
197	47.8724	47.9924	67	None	None	0	3	21.641676505312645
198	47.9924	48.1124	65	None	None	0	2	27.43528630460433
199	48.1124	48.2324	63	None	None	0	1	26.025321269639324
200	48.2324	48.3524	61	None	None	0	4	15.21477897102896
201	48.3524	48.4724	60	None	None	0	3	15.629251651126653
202	48.4724	48.5924	58	None	None	0	2	16.052966329305605
203	48.5924	48.7124	56	None	None	0	1	17.16537074037075
204	48.7124	48.8324	55	None	None	0	3	12.081960846692896
205	48.8324	48.9524	53	None	None	0	2	12.303114692846743
206	48.9524	49.0887	51	None	None	0	1	10.81851179574387
207	49.0887	49.2251	53	None	None	0	2	10.513054064498728
208	49.2251	49.3615	55	None	None	0	0	-1
209	49.3615	49.4978	56	None	None	0	0	-1
210	49.4978	49.6342	58	None	None	0	0	-1
211	49.6342	49.7706	60	None	None	0	0	-1
212	49.7706	49.9069	61	None	None	0	0	-1
213	49.9069	50.0433	58	None	None	0	0	-1
214	50.0433	50.3160	56	None	None	0	0	-1
215	50.5206	50.5887	62	None	None	0	0	-1
216	50.5887	101.6512	71	None	None	0	4	13.900220610323947
217	50.5887	101.6512	71	None	None	0	0	-1
218	51.0624	51.1988	70	None	None	0	0	-1
219	51.1988	51.7442	68	None	None	0	0	-1
220	51.7442	52.2179	67	None	None	0	0	-1
221	52.2179	52.3543	75	None	None	0	0	-1
222	52.3543	52.6270	75	None	None	0	0	-1
223	52.6270	52.8997	68	None	None	0	0	-1
224	52.8316	52.8997	62	None	None	0	0	-1
225	52.8997	106.2732	71	None	None	0	4	13.08303258257337
226	52.8997	106.2732	71	None	None	0	0	-1
227	53.3734	53.5098	70	None	None	0	0	-1
228	53.5098	54.1414	68	None	None	0	0	-1
229	54.1414	54.6151	67	None	None	0	0	-1
230	54.6151	54.7729	75	None	None	0	0	-1
231	54.7729	55.0457	75	None	None	0	0	-1
232	55.0457	55.3184	68	None	None	0	0	-1
233	55.2502	55.3184	74	None	None	0	0	-1
234	55.3184	111.0459	83	None	None	0	4	18.725730930846584
235	55.3184	111.0459	83	None	None	0	5	16.2248457995267
236	55.7275	55.8639	82	None	None	0	1	13.45328967707771
237	55.8639	57.1972	80	None	None	0	3	7.257476251539455
238	57.1972	57.7597	79	None	None	0	0	-1
239	57.7597	58.0930	87	None	None	0	0	-1
240	58.0930	118.0322	73	None	None	0	0	-1
241	58.0930	118.0322	79	None	None	0	1	8.157029500652232
242	58.0930	118.0322	87	None	None	0	2	10.596175185622236
243	59.9392	120.1184	72	None	None	0	2	12.520693172988418
244	59.9392	120.1184	75	None	None	0	3	12.668496552634686
245	59.9392	120.1184	80	None	None	0	5	13.097355346069715
246	60.6592	60.8992	63	None	None	0	1	10.30899672933475
247	60.8992	61.1392	68	None	None	0	2	10.810797441605377
248	61.1392	61.3792	72	None	None	0	1	6.799471757485603
249	61.3792	61.6192	75	None	None	0	2	10.08387301798975
250	61.6192	61.8592	80	None	None	0	3	9.44521801712245
251	61.8592	62.2192	84	None	None	0	5	9.658721030043194
252	62.2192	62.2592	82	None	None	0	4	11.18443151479119
253	62.2592	62.2992	80	None	None	0	3	12.05409755805918
254	62.2992	62.3392	79	None	None	0	2	16.103519893805668
255	62.3392	62.5792	80	None	None	0	4	14.460397268154304
256	62.7592	62.8192	73	None	None	0	1	13.930928269016196
257	62.8192	63.7192	85	None	None	0	5	10.945869662240202
258	63.1792	63.2192	84	None	None	0	4	11.508246424539355
259	63.2192	63.2592	82	None	None	0	3	15.88677397384346
260	63.2592	63.2992	81	None	None	0	2	14.745043139307946
261	63.2992	63.5392	82	None	None	0	5	9.651308159213205
262	63.7792	64.0192	70	None	None	0	1	9.604901340353633
263	64.0192	64.2592	73	None	None	0	2	10.956792088499997
264	64.2592	64.4992	79	None	None	0	3	12.108142163413648
265	64.4992	64.7392	82	None	None	0	4	15.501818544222393
266	64.6792	64.7392	73	None	None	0	1	14.621433056694022
267	64.7392	65.6767	85	None	None	0	5	11.252250154168825
268	65.1142	65.1558	84	None	None	0	4	12.280800718320153
269	65.1558	65.1975	82	None	None	0	3	13.25800977698913
270	65.1975	65.2392	81	None	None	0	2	11.919819481140758
271	65.2392	65.4892	82	None	None	0	4	8.845915509100186
272	65.6767	65.7392	73	None	None	0	1	11.100507229509281
273	65.7392	66.8642	85	None	None	0	5	8.647602990890752
274	66.1892	66.2392	84	None	None	0	4	8.869410047046568
275	66.2392	66.2892	82	None	None	0	3	11.162854699726417
276	66.2892	66.3392	81	None	None	0	2	13.145012996471925
277	66.3392	66.6392	82	None	None	0	5	11.803195791873359
278	66.9392	67.1892	81	None	None	0	4	11.632056965972632
279	67.6892	67.9392	78	None	None	0	3	13.7754219733006
280	67.9392	68.1892	77	None	None	0	1	13.44551834518269
281	68.1892	68.4392	75	None	None	0	3	8.605536898058384
282	68.4392	68.6892	72	None	None	0	2	8.605536898058384
283	68.6892	68.9392	69	None	None	0	1	8.605536898058384
284	68.9392	69.3142	66	None	None	0	2	8.605536898058384
285	69.3142	69.4392	65	None	None	0	1	8.605536898058384
286	69.4392	69.6892	70	None	None	0	2	8.386947600741019
287	69.6892	69.9392	78	None	None	0	5	8.605536898058384
288	69.9392	70.1892	77	None	None	0	4	8.605536898058384
289	70.1892	70.4392	75	None	None	0	3	8.605536898058384
290	70.4392	70.6892	72	None	None	0	2	8.605536898058384
291	70.6892	70.9392	69	None	None	0	1	8.605536898058384
292	70.9392	71.3142	66	None	None	0	2	4.2364042449971535
293	71.3142	71.4392	65	None	None	0	1	3.4666674028918867
294	71.4392	71.6892	70	None	None	0	2	4.507089480814044
295	71.6892	71.9392	78	None	None	0	5	2.883547206761559
296	71.9392	72.1892	77	None	None	0	4	2.3019016697587684
297	72.1892	72.4392	75	None	None	0	3	3.8422752572104013
298	72.4392	72.6892	72	None	None	0	2	3.6795201551695875
299	72.6892	72.9392	69	None	None	0	1	3.86289846517127
300	73.0592	73.1792	69	None	None	0	2	3.575560802833566
301	73.1792	73.2992	72	None	None	0	3	3.0937999166608856
302	73.2992	73.4192	70	None	None	0	2	2.888442773803745
303	73.5392	73.6592	70	None	None	0	2	4.057273942634965
304	73.6592	73.7792	73	None	None	0	4	3.545530505590609
305	73.7792	73.8992	72	None	None	0	3	3.5255187129948053
306	74.0192	74.1392	72	None	None	0	3	4.280053860387095
307	74.1392	74.2592	75	None	None	0	4	4.15512472206511
308	74.2592	74.3792	73	None	None	0	3	3.943502552536144
309	74.4992	74.6192	71	None	None	0	2	4.26243512556535
310	74.6192	74.7392	74	None	None	0	4	7.734754507863752
311	74.7392	74.8592	72	None	None	0	3	8.184686155163806
312	74.8592	75.1092	71	None	None	0	1	7.3486350680623085
313	75.6092	75.8592	80	None	None	0	5	9.029762757233216
314	75.8592	76.1092	79	None	None	0	4	9.029762757233216
315	76.1092	76.3592	77	None	None	0	3	9.029762757233216
316	76.3592	76.6092	74	None	None	0	2	9.029762757233215
317	76.6092	76.8592	71	None	None	0	1	9.029762757233216
318	76.8592	77.2342	68	None	None	0	2	9.029762757233215
319	77.2342	77.3592	67	None	None	0	1	9.029762757233216
320	77.3592	77.6092	72	None	None	0	2	7.985318312788778
321	77.6092	77.8592	80	None	None	0	5	7.674640470223174
322	77.8592	78.1092	79	None	None	0	4	7.944763694951654
323	78.1092	78.3592	77	None	None	0	3	7.762450769781582
324	78.3592	78.6092	74	None	None	0	2	7.22639634801287
325	78.6092	78.8592	71	None	None	0	1	7.248165055495857
326	78.8592	79.2342	68	None	None	0	4	1.4027897123761535
327	79.2342	79.3592	67	None	None	0	3	1.0002834467119877
328	79.3592	79.6092	72	None	None	0	5	0.4149659863945211
329	79.6092	79.7342	65	None	None	0	2	0.39999999999995484
330	79.7342	79.8592	62	None	None	0	1	0.39999999999995484
331	79.8592	79.9842	65	None	None	0	2	0.39999999999995484
332	79.9842	80.1092	62	None	None	0	1	0.39999999999995484
333	80.1092	80.2342	65	None	None	0	2	0.39999999999995484
334	80.2342	80.3592	62	None	None	0	1	0.9149911816578093
335	80.3592	80.4842	65	None	None	0	2	1.370546737213366
336	80.4842	80.6092	62	None	None	0	1	1.3753086419752703
337	80.6092	80.7342	65	None	None	0	2	1.4538800705467096
338	80.7342	80.8592	62	None	None	0	1	1.5491181657848083
339	80.8592	80.9842	65	None	None	0	2	1.549118165784808
340	80.9842	81.1092	62	None	None	0	1	1.5491181657848083
341	81.1092	162.3434	65	None	None	0	2	3.408641975308633
342	81.1092	162.4684	71	None	None	0	4	3.3936507936507905
343	81.2342	81.3592	62	None	None	0	1	3.488095238095247
344	81.3592	162.8434	65	None	None	0	2	3.9833333333333547
345	81.3592	162.9684	72	None	None	0	5	4.161904761904742
346	81.4842	81.6092	62	None	None	0	1	4.272222222222201
347	81.6092	81.7342	65	None	None	0	4	3.0634199134198994
348	81.7342	81.8592	62	None	None	0	2	2.5134199134198947
349	81.8592	81.9842	63	None	None	0	3	1.8496392496392235
350	81.9842	82.1092	60	None	None	0	2	1.8496392496392235
351	82.1092	82.2342	63	None	None	0	3	1.8496392496392235
352	82.2342	82.3592	60	None	None	0	2	3.047853535353525
353	82.3592	82.4842	63	None	None	0	3	3.8862373737373623
354	82.4842	82.6092	60	None	None	0	2	4.87274531024531
355	82.6092	82.7342	63	None	None	0	3	7.86124252731395
356	82.7342	82.8592	60	None	None	0	2	12.052512368583795
357	82.8592	82.9842	63	None	None	0	3	11.895658111729542
358	82.9842	83.1092	60	None	None	0	1	11.430470521541949
359	83.1092	166.3434	63	None	None	0	2	10.880470521541941
360	83.1092	166.4684	69	None	None	0	4	9.812018140589586
361	83.2342	83.3592	60	None	None	0	1	9.35646258503403
362	83.3592	166.8434	61	None	None	0	2	7.60328798185943
363	83.3592	166.9684	70	None	None	0	5	5.130158730158755
364	83.4842	83.6092	58	None	None	0	1	0.8444444444444765
365	83.6092	83.7342	61	None	None	0	2	0.8444444444444765
366	83.7342	83.8592	58	None	None	0	1	0.8444444444444765
367	83.8592	83.9842	61	None	None	0	2	0.8444444444444765
368	83.9842	84.1092	58	None	None	0	1	0.8444444444444765
369	84.1092	84.2342	61	None	None	0	2	0.8444444444444765
370	84.2342	84.3592	58	None	None	0	1	0.8444444444444765
371	84.3592	84.4842	61	None	None	0	2	0.8444444444444765
372	84.4842	84.6092	58	None	None	0	1	1.3732142857143081
373	84.6092	84.7342	61	None	None	0	2	2.828769841269847
374	84.7342	84.8592	58	None	None	0	1	2.722420634920637
375	84.8592	84.9842	61	None	None	0	2	2.828769841269847
376	84.9842	85.1092	58	None	None	0	1	3.272420634920634
377	85.1092	85.2342	61	None	None	0	2	5.36289682539682
378	85.2342	85.3592	58	None	None	0	1	5.997817460317448
379	85.3592	170.8434	61	None	None	0	3	6.107872088229227
380	85.3592	171.2184	67	None	None	0	5	7.178529054719517
381	85.4842	85.6092	58	None	None	0	2	6.4064935064935025
382	85.6092	85.7342	61	None	None	0	5	9.237726471059807
383	85.7342	85.8592	58	None	None	0	3	8.761020637211114
384	85.8592	85.9842	60	None	None	0	4	8.584477427334562
385	85.9842	86.1092	56	None	None	0	2	9.139327515517987
386	86.1092	86.2342	63	None	None	0	5	9.458601891935233
387	86.2342	86.3592	56	None	None	0	1	7.935890652557338
388	86.3592	172.8434	63	None	None	0	3	7.648589065255755
389	86.3592	173.2184	68	None	None	0	5	7.447656840513992
390	86.4842	86.6092	56	None	None	0	2	4.729188426212236
391	86.6092	86.7342	63	None	None	0	5	6.050050104216775
392	86.7342	86.8592	56	None	None	0	1	4.964255651755624
393	86.8592	86.9842	61	None	None	0	3	5.733856421356394
394	86.9842	87.1092	56	None	None	0	1	4.964255651755624
395	87.1092	87.2342	61	None	None	0	3	4.953433140933116
396	87.2342	87.3592	56	None	None	0	1	4.147757335257313
397	87.3592	174.8434	61	None	None	0	3	4.136934824434806
398	87.3592	175.2184	65	None	None	0	5	4.203944203944183
399	87.4842	87.6092	56	None	None	0	1	4.147396584896569
400	87.6092	87.7342	61	None	None	0	3	5.192129629629618
401	87.7342	87.8592	56	None	None	0	1	4.386453823953815
402	87.8592	87.9842	61	None	None	0	3	4.375631313131306
403	87.9842	88.1092	55	None	None	0	1	4.41531385281385
404	88.1092	88.2342	61	None	None	0	3	4.480248917748919
405	88.2342	88.3592	55	None	None	0	1	4.519931457431463
406	88.3592	176.8434	61	None	None	0	2	3.820977633477637
407	88.3592	177.2184	67	None	None	0	5	3.4509379509379605
408	88.4842	88.6092	55	None	None	0	1	3.1215728715728828
409	88.6092	88.7342	61	None	None	0	3	3.3818342151675513
410	88.7342	88.8592	55	None	None	0	1	3.4215167548500953
411	88.8592	88.9842	60	None	None	0	3	3.4215167548500953
412	88.9842	89.1092	55	None	None	0	1	3.4215167548500953
413	89.1092	89.2342	60	None	None	0	3	3.977072310405648
414	89.2342	89.3592	55	None	None	0	1	4.4938271604938285
415	89.3592	178.8434	60	None	None	0	2	4.742504409171078
416	89.3592	179.2184	64	None	None	0	4	4.684303350970017
417	89.4842	89.6092	55	None	None	0	1	4.848104056437395
418	89.6092	89.7342	60	None	None	0	3	5.86397707231041
419	89.7342	89.8592	55	None	None	0	1	6.38073192239859
420	89.8592	89.9842	60	None	None	0	4	6.555335097001761
421	89.9842	90.1092	53	None	None	0	1	6.006172839506168
422	90.1092	90.2342	60	None	None	0	4	5.259259259259254
423	90.2342	90.3592	53	None	None	0	1	4.710097001763661
424	90.3592	180.8434	60	None	None	0	3	3.924382716049375
425	90.3592	181.2184	65	None	None	0	5	3.4248236331569557
426	90.4842	90.6092	53	None	None	0	1	3.478405082571741
427	90.6092	90.7342	60	None	None	0	4	3.9775232483565746
428	90.7342	90.8592	53	None	None	0	1	3.428360990860982
429	90.8592	90.9842	61	None	None	0	4	3.3822851531184783
430	90.9842	91.1092	53	None	None	0	1	3.9157948532948494
431	91.1092	91.2342	61	None	None	0	4	4.2903539361872705
432	91.2342	91.3592	53	None	None	0	1	4.80543330126664
433	91.3592	182.8434	61	None	None	0	3	4.760780423280431
434	91.3592	183.2184	65	None	None	0	5	5.710185185185189
435	91.4842	91.6092	53	None	None	0	1	5.710185185185189
436	91.6092	91.7342	61	None	None	0	4	6.179188712522055
437	91.7342	91.8592	53	None	None	0	1	7.382010582010595
438	91.8592	91.9842	62	None	None	0	4	7.896119929453269
439	91.9842	92.1092	53	None	None	0	1	8.721516754850093
440	92.1092	184.3434	56	None	None	0	2	8.721516754850091
441	92.1092	184.3434	62	None	None	0	3	8.590564373897717
442	92.1092	184.3434	65	None	None	0	5	8.721516754850093
443	92.2342	92.3592	53	None	None	0	1	8.721516754850093
444	92.3592	184.8434	56	None	None	0	2	9.376278659611994
445	92.3592	184.8434	62	None	None	0	3	8.517813051146389
446	92.3592	184.8434	65	None	None	0	5	8.648765432098767
447	92.4842	92.6092	53	None	None	0	0	-1
448	92.6092	185.3434	56	None	None	0	0	-1
449	92.6092	185.3434	62	None	None	0	0	-1
450	92.6092	185.3434	65	None	None	0	0	-1
451	92.7342	92.8592	53	None	None	0	0	-1
452	92.8592	185.9684	55	None	None	0	1	7.437639222355605
453	92.8592	185.9684	60	None	None	0	2	6.075734460450848
454	92.8592	185.9684	64	None	None	0	3	6.812837635054025
455	93.6092	93.8592	72	None	None	0	5	6.725127551020411
456	93.8592	94.1092	68	None	None	0	1	4.693682472989199
457	94.6092	94.8592	77	None	None	0	2	4.642423636121116
458	94.8592	95.1092	76	None	None	0	1	4.413822195544885
459	95.6092	95.8592	84	None	None	0	4	5.998624484758935
460	95.8592	96.1092	77	None	None	0	1	7.1422665569724355
461	96.3592	193.2184	77	None	None	0	1	7.656906737053784
462	96.3592	193.2184	89	None	None	0	5	8.901297185540871
463	96.8592	193.9684	76	None	None	0	1	7.954868614112298
464	96.8592	193.9684	88	None	None	0	5	10.034151986357843
465	97.6092	195.4684	72	None	None	0	1	9.239202756665964
466	97.6092	195.2809	73	None	None	0	4	7.9153553622303585
467	97.6717	97.7342	72	None	None	0	3	7.091179538054533
468	97.7342	97.7967	71	None	None	0	1	7.142705789580751
469	97.7967	97.8592	72	None	None	0	2	5.9075409544159125
470	97.8592	98.1092	68	None	None	0	1	2.9405079873829663
471	98.1092	98.3592	68	None	None	0	1	5.02023300773299
472	98.6092	197.4684	77	None	None	0	3	4.730585898889454
473	98.6092	197.2809	79	None	None	0	4	6.188410481714034
474	98.6717	98.7342	77	None	None	0	3	6.188410481714035
475	98.7342	98.7967	76	None	None	0	2	6.250193143496696
476	98.7967	98.8592	77	None	None	0	3	6.689753583057138
477	98.8592	99.1092	76	None	None	0	1	4.633709627013185
478	99.1092	99.3592	76	None	None	0	1	4.633709627013185
479	99.6092	199.4684	84	None	None	0	3	4.837681878306865
480	99.6092	199.2809	85	None	None	0	4	5.909948979591826
481	99.6717	99.7342	84	None	None	0	3	5.758850078492928
482	99.7342	99.7967	83	None	None	0	2	6.059948979591834
483	99.7967	99.8592	84	None	None	0	4	6.469289638932498
484	99.8592	100.1092	77	None	None	0	1	9.423044217687073
485	100.1092	100.3592	77	None	None	0	1	10.40518707482993
486	100.6092	201.4684	77	None	None	0	1	11.644982993197278
487	100.6092	201.4684	89	None	None	0	5	12.136054421768705
488	100.8592	201.9684	76	None	None	0	1	11.370748299319725
489	100.8592	201.9684	88	None	None	0	5	11.370748299319725
490	101.1092	202.4684	76	None	None	0	1	10.552891156462584
491	101.1092	202.4684	88	None	None	0	5	10.861819727891152
492	101.6092	203.4684	73	None	None	0	1	8.585459183673471
493	101.6092	203.4684	85	None	None	0	5	8.781887755102044
494	101.8592	203.9684	72	None	None	0	1	8.399234693877553
495	101.8592	203.9684	84	None	None	0	5	8.399234693877553
496	102.1092	204.4684	72	None	None	0	1	11.440901360544215
497	102.1092	204.4684	84	None	None	0	4	10.66113945578231
498	102.6092	205.4684	77	None	None	0	1	11.644982993197278
499	102.6092	205.4684	89	None	None	0	5	12.136054421768705
500	102.8592	205.9684	76	None	None	0	1	11.370748299319725
501	102.8592	205.9684	88	None	None	0	5	11.370748299319725
502	103.1092	206.4684	76	None	None	0	1	10.552891156462584
503	103.1092	206.4684	88	None	None	0	5	10.861819727891152
504	103.6092	207.4684	73	None	None	0	1	8.585459183673471
505	103.6092	207.4684	85	None	None	0	5	8.781887755102044
506	103.8592	207.9684	72	None	None	0	1	18.369080943188084
507	103.8592	207.9684	84	None	None	0	5	26.184482672690486
508	104.1092	208.4684	72	None	None	0	1	28.01595592058383
509	104.1092	208.4684	84	None	None	0	4	28.27023416201894
510	104.6092	209.4684	77	None	None	0	0	-1
511	104.6092	209.4684	89	None	None	0	0	-1
512	104.8592	209.9911	76	None	None	0	0	-1
513	104.8592	209.9911	88	None	None	0	0	-1
514	107.4501	107.4955	68	None	None	0	0	-1
515	107.4955	107.5410	66	None	None	0	0	-1
516	107.5410	107.5865	65	None	None	0	0	-1
517	107.5865	107.8592	66	None	None	0	1	27.56764150087414
518	108.5410	108.5865	87	None	None	0	5	36.173973657059825
519	108.5865	108.6319	85	None	None	0	4	37.175334091496005
520	108.6319	108.6774	84	None	None	0	3	36.26967494109346
521	108.6774	108.9501	85	None	None	0	5	29.333867067785697
522	109.5978	109.6395	65	None	None	0	1	37.406599421026435
523	109.6395	109.6811	64	None	None	0	3	32.98033894286144
524	109.6811	109.7228	62	None	None	0	2	34.157649881081824
525	109.7228	109.9728	64	None	None	0	1	27.75933059098773
526	110.5978	110.6395	85	None	None	0	5	35.01481938055009
527	110.6395	110.6811	84	None	None	0	4	33.69460354136066
528	110.6811	110.7228	83	None	None	0	3	34.600262691763355
529	110.7228	110.9728	84	None	None	0	5	32.67543521917494
530	111.5978	111.6395	63	None	None	0	1	33.49041884708963
531	111.6395	111.6811	62	None	None	0	3	23.20628025446699
532	111.6811	111.7228	60	None	None	0	2	22.677592105039885
533	111.7228	111.9728	62	None	None	0	1	15.532488279538438
534	112.6319	112.6774	84	None	None	0	5	17.288074748360085
535	112.6774	112.7228	82	None	None	0	4	17.21386543714614
536	112.7228	112.7683	81	None	None	0	3	16.373782506726037
537	112.7683	113.0410	82	None	None	0	5	10.566025879066327
538	113.3137	113.5537	65	None	None	0	1	9.876219510213364
539	113.5537	113.7937	68	None	None	0	2	10.739900327367796
540	113.7937	114.0337	72	None	None	0	1	5.679501167704075
541	114.0337	114.2737	77	None	None	0	4	4.8289526149496
542	114.2737	114.6337	80	None	None	0	5	5.284030479428727
543	114.6337	114.6737	79	None	None	0	4	5.495454360575399
544	114.6737	114.7137	77	None	None	0	3	5.181537130368113
545	114.7137	114.7537	76	None	None	0	2	6.079496297846207
546	114.7537	114.9937	77	None	None	0	5	4.931273226238634
547	115.2337	115.4737	67	None	None	0	1	5.462589197551623
548	115.4737	115.7137	72	None	None	0	2	4.939075946097181
549	115.7137	115.9537	76	None	None	0	3	4.580419462670488
550	115.9537	116.1937	79	None	None	0	4	4.35261049247472
551	116.1937	116.5537	82	None	None	0	5	4.683190220550758
552	116.5537	116.5937	80	None	None	0	4	6.202580574164773
553	116.5937	116.6337	79	None	None	0	3	6.630641795525906
554	116.6337	116.6737	77	None	None	0	2	6.4607745346673715
555	116.6737	116.9137	79	None	None	0	5	6.688526983465277
556	117.0937	117.1537	72	None	None	0	2	8.56903463370981
557	117.1537	118.1320	80	None	None	0	5	6.768050802677412
558	117.5450	117.5885	79	None	None	0	4	8.363644840162788
559	117.5885	117.6320	77	None	None	0	3	10.948272388032043
560	117.6320	117.6755	76	None	None	0	2	11.861367604467919
561	117.6755	117.9363	77	None	None	0	3	11.817232519282033
562	118.1320	118.1972	72	None	None	0	1	11.914745400422627
563	118.1972	237.1444	82	None	None	0	4	9.876357162198818
564	118.1972	237.1444	82	None	None	0	5	7.15259062371741
565	118.9472	119.0305	80	None	None	0	3	6.735241866032516
566	119.0305	119.1139	79	None	None	0	2	5.711986063864694
567	119.1139	119.1972	77	None	None	0	1	5.265684708340762
568	119.1972	119.6972	79	None	None	0	2	4.500236217383289
569	120.0097	120.1972	75	None	None	0	1	7.709615585568923
570	120.1972	120.2597	80	None	None	0	2	7.091829032450453
571	120.2597	120.3222	84	None	None	0	4	7.411120831828946
572	120.3222	122.3222	87	None	None	0	5	7.233191626331811
573	122.3222	122.5530	82	None	None	0	4	9.003212450605655
574	122.5530	122.7837	80	None	None	0	3	9.533752362130526
575	122.7837	123.0145	79	None	None	0	2	8.834255743172795
576	123.0145	123.5145	77	None	None	0	1	8.221132819584744
577	123.2645	123.3478	76	None	None	0	3	4.686321946829763
578	123.3478	123.4312	77	None	None	0	4	5.723226719904656
579	123.4312	123.5145	79	None	None	0	5	6.416679114529485
580	123.5145	247.2690	77	None	None	0	4	5.86906005695378
581	123.5145	247.2690	77	None	None	0	3	3.9599691131522974
582	123.7545	123.9945	76	None	None	0	2	4.127113243531721
583	126.6345	127.0845	82	None	None	0	5	7.134343426040347
584	127.0845	127.1345	80	None	None	0	4	9.750216457722837
585	127.1345	127.1845	78	None	None	0	3	9.800000007174448
586	127.1845	127.2345	77	None	None	0	2	8.215476176523852
587	127.2345	127.5345	78	None	None	0	5	3.8503968201745575
588	127.5345	127.8345	78	None	None	0	5	4.698611105888863
589	127.8345	129.0345	78	None	None	0	5	6.459193104733647
590	128.2845	128.3345	73	None	None	0	4	5.746891524733634
591	128.3345	128.3845	72	None	None	0	3	4.975727508710707
592	128.3845	128.4345	71	None	None	0	2	4.373346548298031
593	128.4345	128.7345	72	None	None	0	1	3.389087296365057
594	128.7345	129.0345	72	None	None	0	2	3.400574347325791
595	129.0345	130.2345	72	None	None	0	2	5.2025698836539345
596	129.4845	129.5345	78	None	None	0	5	7.357768450526015
597	129.5345	129.5845	77	None	None	0	4	6.983741065373674
598	129.5845	129.6345	76	None	None	0	3	6.436122010453057
599	129.6345	129.9345	77	None	None	0	5	5.318219992995303
600	129.9345	130.2345	77	None	None	0	5	7.879246070092844
601	130.2345	131.2345	77	None	None	0	5	8.464894213360582
602	130.6095	130.6512	72	None	None	0	4	7.776976510402647
603	130.6512	130.6928	70	None	None	0	3	8.030309911545746
604	130.6928	130.7345	69	None	None	0	2	6.634944870799069
605	130.7345	130.9845	70	None	None	0	3	6.975421627782745
606	130.9845	131.2345	70	None	None	0	2	5.9513144849255974
607	131.2345	132.4988	71	None	None	0	1	3.378326956580931
608	131.6845	131.7559	79	None	None	0	4	3.5082872740412308
609	131.7559	131.8274	77	None	None	0	3	3.736263468510464
610	131.8274	131.8988	76	None	None	0	2	3.707437966113673
611	131.8988	132.1988	77	None	None	0	3	3.497628639870589
612	132.1988	132.4988	79	None	None	0	4	3.5496635798628464
613	132.4988	132.7988	80	None	None	0	5	5.951260214451513
614	132.7988	133.0988	76	None	None	0	4	5.058695909613128
615	133.0988	133.3988	77	None	None	0	5	5.054537908561301
616	133.3988	133.6988	71	None	None	0	2	5.42116871751137
617	133.6988	133.9715	72	None	None	0	1	4.62922116539821
618	133.9715	134.2443	76	None	None	0	2	4.98467305425447
619	134.2443	134.5170	77	None	None	0	3	5.263614508885091
620	134.5170	134.7897	79	None	None	0	4	5.748792319846881
621	134.7897	135.0506	80	None	None	0	5	4.744596711448339
622	135.0506	135.3114	76	None	None	0	4	3.8247595396318554
623	135.3114	135.5723	77	None	None	0	5	3.5423877053559667
624	135.5723	135.8332	71	None	None	0	4	6.763499704372471
625	135.8332	271.9164	64	None	None	0	1	7.161248594670489
626	135.8332	271.9164	72	None	None	0	4	7.091636814215319
627	136.5832	136.8332	73	None	None	0	5	23.862852380642394
628	136.8332	137.0832	72	None	None	0	4	23.862852380642394
629	137.0832	137.3332	70	None	None	0	3	23.86285238064239
630	137.3332	137.5832	67	None	None	0	2	23.86285238064239
631	137.5832	137.8332	64	None	None	0	1	23.86285238064239
632	137.8332	138.2082	61	None	None	0	3	23.25749523778525
633	138.2082	138.3332	60	None	None	0	2	23.58042756861232
634	138.3332	138.5832	65	None	None	0	1	15.040745028929782
635	138.5832	138.8332	85	None	None	0	5	8.508658861129325
636	138.8332	139.0832	84	None	None	0	4	8.508658861129323
637	139.0832	139.3332	82	None	None	0	3	8.508658861129323
638	139.3332	139.5832	79	None	None	0	2	8.508658861129323
639	139.5832	139.8332	76	None	None	0	1	8.508658861129325
640	139.8332	140.2082	73	None	None	0	2	4.139526208068101
641	140.2082	140.3332	72	None	None	0	1	3.3697893659628386
642	140.3332	140.5832	77	None	None	0	2	3.1767157728892252
643	140.5832	140.8332	85	None	None	0	5	2.304813440527703
644	140.8332	141.0832	84	None	None	0	4	2.166349721706829
645	141.0832	141.3332	82	None	None	0	3	3.440637122617569
646	141.3332	141.5832	79	None	None	0	2	3.2778820205767554
647	141.5832	141.8332	76	None	None	0	1	3.4612603305784333
648	141.9532	142.0732	76	None	None	0	2	3.173922668240789
649	142.0732	142.1932	79	None	None	0	3	2.4820777484546994
650	142.1932	142.3132	77	None	None	0	2	4.392792034169252
651	142.4332	142.5532	77	None	None	0	2	4.499934891312112
652	142.5532	142.6732	80	None	None	0	3	4.6593209597890795
653	142.6732	142.7932	79	None	None	0	2	3.708045449585022
654	142.9132	143.0332	79	None	None	0	2	3.8419740210135958
655	143.0332	143.1532	82	None	None	0	3	3.735126323256816
656	143.1532	143.2732	80	None	None	0	1	1.756612190330676
657	143.3932	143.5132	83	None	None	0	2	2.021243042671624
658	143.5132	143.6332	89	None	None	0	5	2.7961154916511686
659	143.6332	143.7532	83	None	None	0	2	3.1516349721706334
660	143.7532	143.9932	84	None	None	0	3	4.06397263450828
661	144.3532	144.4732	83	None	None	0	2	4.302237940630732
662	144.4732	144.5932	89	None	None	0	5	5.0771103896102945
663	144.5932	144.7132	83	None	None	0	3	5.015602453102395
664	144.7132	144.9532	84	None	None	0	4	4.559253246753202
665	145.3132	145.4332	76	None	None	0	1	4.449559369202181
666	145.4332	145.5532	85	None	None	0	5	4.709589517625189
667	145.5532	145.6732	76	None	None	0	2	3.834589517625223
668	145.6732	145.9132	77	None	None	0	3	4.077284322820025
669	146.2732	146.3932	76	None	None	0	1	4.618733133749314
670	146.3932	146.5132	85	None	None	0	5	3.7099321133411785
671	146.5132	146.6332	76	None	None	0	2	2.763208382526507
672	146.7532	146.8732	76	None	None	0	2	3.173922668240842
673	146.8732	146.9932	79	None	None	0	3	2.9652710257656647
674	146.9932	147.1132	77	None	None	0	2	3.5813424543370855
675	147.2332	147.3532	77	None	None	0	2	3.8002933266970436
676	147.3532	147.4732	80	None	None	0	3	3.7724605682493104
677	147.4732	147.5932	79	None	None	0	2	4.58265885555319
678	147.7132	147.8332	79	None	None	0	2	4.942281871426205
679	147.8332	147.9532	82	None	None	0	3	5.067724610505312
680	147.9532	148.0732	80	None	None	0	1	4.947361313671517
681	148.1932	148.3132	81	None	None	0	2	5.549013338117651
682	148.3132	148.4332	84	None	None	0	3	10.65128606539027
683	148.4332	148.5532	82	None	None	0	2	12.169954896559068
684	148.6732	148.7932	84	None	None	0	3	13.626631575495066
685	148.7932	148.9132	89	None	None	0	5	19.183634231929435
686	148.9132	149.0332	87	None	None	0	4	20.94436245572585
687	149.0332	149.1532	85	None	None	0	3	22.38252656434447
688	149.1532	149.2732	84	None	None	0	2	27.43528630460482
689	149.2732	149.3932	82	None	None	0	1	27.7599616292793
690	149.3932	149.5132	80	None	None	0	4	21.014831759150397
691	149.5132	149.6332	79	None	None	0	3	21.641676505313306
692	149.6332	149.7532	77	None	None	0	2	26.73723435655304
693	149.7532	149.8732	75	None	None	0	1	27.17739079102828
694	149.8732	149.9932	73	None	None	0	4	21.07670454545515
695	149.9932	150.1132	72	None	None	0	3	22.776785714285417
696	150.1132	150.2332	70	None	None	0	2	23.803571428571104
697	150.2332	150.3532	68	None	None	0	1	21.07629870129841
698	150.3532	150.4732	67	None	None	0	4	11.098214285714164
699	150.4732	150.5932	65	None	None	0	3	11.135551948051825
700	150.5932	150.7132	64	None	None	0	2	11.09821428571411
701	150.7132	150.8332	61	None	None	0	1	10.731827200577008
702	150.8332	150.9532	60	None	None	0	3	4.83491161616154
703	150.9532	151.0732	59	None	None	0	2	4.83491161616154
704	151.0732	151.1932	60	None	None	0	3	4.83491161616154
705	151.1932	151.3132	59	None	None	0	2	5.924693362193458
706	151.3132	151.4332	60	None	None	0	3	6.5334595959596315
707	151.4332	151.5532	59	None	None	0	1	18.77079354469027
708	151.5532	151.6732	60	None	None	0	0	-1
709	151.6732	151.7932	61	None	None	0	0	-1
710	151.7932	151.9132	60	None	None	0	0	-1
711	151.9132	152.0332	59	None	None	0	0	-1
712	152.0332	152.1532	60	None	None	0	0	-1
713	152.1532	152.2732	61	None	None	0	0	-1
714	152.2732	152.3932	60	None	None	0	0	-1
715	152.5132	152.6332	84	None	None	0	3	13.62663157549497
716	152.6332	152.7532	89	None	None	0	5	19.18363423192958
717	152.7532	152.8732	87	None	None	0	4	20.944362455726726
718	152.8732	152.9932	85	None	None	0	3	22.3825265643453
719	152.9932	153.1132	84	None	None	0	2	27.435286304604148
720	153.1132	153.2332	82	None	None	0	1	27.759961629280266
721	153.2332	153.3532	80	None	None	0	4	21.014831759149722
722	153.3532	153.4732	79	None	None	0	3	21.641676505312784
723	153.4732	153.5932	77	None	None	0	2	26.711260330578977
724	153.5932	153.7132	75	None	None	0	1	27.003761642397766
725	153.7132	153.8332	73	None	None	0	4	20.858288239538197
726	153.8332	153.9532	72	None	None	0	3	22.52496392496376
727	153.9532	154.0732	70	None	None	0	2	23.523178210678047
728	154.0732	154.1932	68	None	None	0	1	20.76993145743135
729	154.1932	154.3132	67	None	None	0	4	10.859884559884605
730	154.3132	154.4382	65	None	None	0	3	10.888095238095243
731	154.4382	154.5632	64	None	None	0	2	10.834035409035431
732	154.5632	154.6882	61	None	None	0	1	10.405254120879011
733	154.6882	154.8132	60	None	None	0	3	4.593211996336922
734	154.8132	154.9382	59	None	None	0	2	4.191624694749623
735	154.9382	155.0632	60	None	None	0	3	4.067548076922994
736	155.0632	155.1882	59	None	None	0	2	5.81624313186815
737	155.1882	155.3132	60	None	None	0	4	5.938765153497293
738	155.3132	155.4495	59	None	None	0	3	8.117889848246957
739	155.4495	155.5859	60	None	None	0	4	9.828850130698719
740	155.5859	155.7223	61	None	None	0	5	8.493537246135471
741	155.7223	155.8586	60	None	None	0	4	7.72377228887048
742	155.8586	155.9950	60	None	None	0	5	5.827704536200529
743	155.9950	156.1314	58	None	None	0	4	6.186335313552643
744	156.1314	156.2677	56	None	None	0	3	5.870401247618563
745	156.2677	156.4041	55	None	None	0	2	4.928078478923799
746	156.4041	156.6768	53	None	None	0	1	3.9664730112208617
747	156.9495	157.4232	68	None	None	0	5	2.245059025998858
748	157.4232	157.5596	67	None	None	0	4	2.87263545059369
749	157.5596	158.1050	65	None	None	0	3	3.1525364527286914
750	158.1050	158.5787	64	None	None	0	1	3.1276304289201846
751	158.5787	158.7151	72	None	None	0	5	2.562673023939859
752	158.7151	158.9878	72	None	None	0	5	2.9170686283354557
753	158.9878	159.2606	65	None	None	0	3	2.1246345815460295
754	159.2606	159.7342	68	None	None	0	5	9.441455251034213
755	159.7342	159.8706	67	None	None	0	4	10.716656777799734
756	159.8706	160.5022	65	None	None	0	3	10.765260257653201
757	160.5022	160.9759	64	None	None	0	1	11.477636798098466
758	160.9759	161.1338	72	None	None	0	5	12.101965107403853
759	161.1338	161.4671	72	None	None	0	5	12.569927292277804
760	161.4671	161.8004	65	None	None	0	2	13.372674545025056
761	161.7171	161.8004	71	None	None	0	1	8.066041891963838
762	161.8004	324.1008	80	None	None	0	4	7.66021706203165
763	161.8004	324.1008	80	None	None	0	5	6.436435528228213
764	162.3004	162.4671	79	None	None	0	3	5.501205738637959
765	162.4671	163.4671	77	None	None	0	2	5.188252388693321
766	163.4671	164.2171	76	None	None	0	1	5.006177884250395
767	164.2171	164.4671	84	None	None	0	5	4.634179874520188
768	164.4671	330.2675	72	None	None	0	1	4.225647382576045
769	164.4671	330.2675	75	None	None	0	2	7.241527484616981
770	164.4671	330.2675	84	None	None	0	5	5.969971362168009
771	165.8004	331.9342	70	None	None	0	1	6.468810796197517
772	165.8004	331.9342	73	None	None	0	2	7.7811862114798975
773	165.8004	331.9342	77	None	None	0	4	7.866305259098944
774	166.9671	334.1008	70	None	None	0	1	7.847458591690465
775	166.9671	334.1008	73	None	None	0	2	8.265539728664422
776	166.9671	334.1008	82	None	None	0	5	7.858967443065363
777	167.1338	335.6008	70	None	None	0	1	4.800178213183026
778	167.1338	335.6008	73	None	None	0	2	5.958434452425663
779	167.1338	335.6008	82	None	None	0	5	4.203116112740308
780	168.4671	337.1951	68	None	None	0	1	3.35036351370023
781	168.4671	337.1951	72	None	None	0	3	3.3633410884510555
782	168.4671	337.1951	75	None	None	0	4	3.646982422891804
783	169.2497	338.7603	68	None	None	0	1	4.521790913098197
784	169.2497	338.7603	72	None	None	0	2	5.761164593604948
785	169.2497	338.7603	80	None	None	0	5	5.754249506141408
786	169.5106	339.3211	67	None	None	0	1	4.644554774835279
787	169.5106	339.3211	70	None	None	0	2	4.652902451255244
788	169.5106	339.3211	73	None	None	0	3	4.523896329365091
789	169.8106	339.9211	67	None	None	0	1	5.822445436507912
790	169.8106	339.9211	70	None	None	0	2	6.233606150793663
791	169.8106	339.9211	79	None	None	0	5	5.48594990079373
792	170.1106	340.5211	65	None	None	0	1	4.973425099206406
793	170.1106	340.5211	68	None	None	0	2	5.167047709235274
794	170.1106	340.5211	72	None	None	0	4	5.705242153679707
795	170.4106	341.1211	65	None	None	0	1	5.334408820346385
796	170.4106	341.1211	68	None	None	0	2	5.047878336940911
797	170.4106	341.1211	77	None	None	0	5	3.663405508457708
798	170.7106	341.8211	65	None	None	0	1	3.1971356671878306
799	170.7106	341.8211	67	None	None	0	2	2.525707095759228
800	170.7106	341.8211	73	None	None	0	3	1.3410750611271336
801	170.7106	341.8211	77	None	None	0	5	1.2779481321147828
802	171.5106	343.4211	64	None	None	0	1	1.2779481321147828
803	171.5106	343.4211	67	None	None	0	2	1.2779481321147828
804	171.5106	343.4211	70	None	None	0	3	1.2779481321147828
805	171.5106	343.4211	72	None	None	0	4	1.2779481321147828
806	171.5106	343.4211	76	None	None	0	5	1.2779481321147828
807	172.3106	345.0211	65	None	None	0	1	1.2779481321147828
808	172.3106	345.0211	68	None	None	0	2	1.2779481321147828
809	172.3106	345.0211	72	None	None	0	4	1.2779481321147828
810	172.3106	345.0211	77	None	None	0	0	1.2779481321147828
