0	34.5000	35.0000	60	None	None	1	-2	1.6117063492063448
1	35.0000	35.5000	59	None	None	1	-3	1.6117063492063446
2	35.5000	36.0000	60	None	None	1	-2	1.6117063492063446
3	36.0000	36.5000	57	None	None	1	-4	1.326157407407404
4	36.5000	37.0000	60	None	None	1	-2	1.0642526455026429
5	37.0000	37.5000	59	None	None	1	-3	1.064252645502643
6	37.5000	38.0000	60	None	None	1	-2	1.064252645502643
7	38.0000	38.5000	55	None	None	1	-4	1.5162202380952348
8	38.5000	39.0000	60	None	None	1	-2	1.719196428571426
9	39.0000	39.5000	59	None	None	1	-3	1.856696428571424
10	39.5000	40.0000	60	None	None	1	-2	1.856696428571424
11	40.0000	40.5000	53	None	None	1	-5	2.356250000000001
12	40.5000	41.0000	60	None	None	1	-1	2.350512566137567
13	41.0000	41.5000	59	None	None	1	-2	2.350512566137567
14	41.5000	42.0000	60	None	None	1	-1	2.0588458994709007
15	42.0000	42.5000	52	None	None	1	-4	1.9766369047619081
16	42.5000	43.0000	60	None	None	1	-1	2.2147321428571454
17	43.0000	43.5000	59	None	None	1	-2	1.76294642857143
18	43.5000	44.0000	60	None	None	1	-1	1.7629464285714305
19	44.0000	44.5000	50	None	None	1	-5	1.7629464285714285
20	44.5000	45.0000	60	None	None	1	-1	1.7629464285714285
21	45.0000	45.5000	59	None	None	1	-2	1.76294642857143
22	45.5000	46.0000	57	None	None	1	-3	1.76294642857143
23	46.0000	46.5000	59	None	None	1	-2	1.7629464285714285
24	46.5000	47.0000	60	None	None	1	-1	1.7629464285714285
25	47.0000	47.5000	57	None	None	1	-2	1.762946428571427
26	47.5000	48.0000	59	None	None	1	-1	1.7629464285714282
27	48.0000	48.5000	48	None	None	1	-5	1.7629464285714302
28	48.5000	49.0000	59	None	None	1	-1	1.7629464285714316
29	49.0000	49.5000	57	None	None	1	-2	1.7629464285714302
30	49.5000	50.0000	55	None	None	1	-3	1.9534226190476198
31	50.0000	50.5000	57	None	None	1	-2	2.1989583333333327
32	50.5000	51.0000	59	None	None	1	-1	2.1989583333333345
33	51.0000	51.5000	55	None	None	1	-2	2.405208333333336
34	51.5000	52.0000	57	None	None	1	-1	2.628422619047621
35	52.0000	52.5000	47	None	None	1	-5	2.628422619047621
36	52.5000	53.0000	57	None	None	1	-1	2.628422619047621
37	53.0000	53.5000	55	None	None	1	-2	2.873958333333336
38	53.5000	54.0000	54	None	None	1	-3	2.632886904761908
39	54.0000	54.5000	55	None	None	1	-2	2.3316964285714326
40	54.5000	55.0000	57	None	None	1	-1	2.5549107142857173
41	55.0000	55.5000	54	None	None	1	-2	2.348660714285717
42	55.5000	56.0000	55	None	None	1	-1	2.234615500240502
43	56.0000	56.5000	45	None	None	1	-5	2.5657407407407393
44	56.5000	57.0000	55	None	None	1	-2	2.0440957190957154
45	57.0000	57.5000	54	None	None	1	-3	2.1128457190957155
46	57.5000	58.0000	52	None	None	1	-5	2.4213458994708956
47	58.0000	58.5000	54	None	None	1	-4	2.7180555555555515
48	58.5000	59.0000	55	None	None	1	-3	2.37757936507936
49	59.0000	59.5000	52	None	None	1	-5	2.429662698412696
50	59.5000	60.0000	54	None	None	1	-4	2.994229497354497
51	60.0000	60.5000	55	None	None	1	-3	3.6096395502645526
52	60.5000	61.0000	54	None	None	1	-5	2.15337301587302
53	61.0000	61.5000	55	None	None	1	-4	2.1631283068783107
54	61.5000	62.0000	57	None	None	1	-3	2.2989508177008213
55	62.0000	62.5000	59	None	None	1	-2	2.4054984367484393
56	62.5000	63.0000	55	None	None	1	-4	3.1020923520923533
57	63.0000	63.5000	57	None	None	1	-3	4.135137085137085
58	63.5000	64.0000	59	None	None	1	-2	4.257269119769118
59	64.0000	65.0000	60	None	None	1	-1	3.9993326118326102
60	65.0000	66.0000	48	None	None	1	-4	3.4904040404040386
61	66.0000	67.0000	47	None	None	1	-5	3.4818813131313116
62	67.0000	68.0000	59	None	None	1	-2	2.741964285714285
63	68.0000	69.0000	57	None	None	1	-1	1.752065295815295
64	69.0000	70.0000	45	None	None	1	-4	1.2619859307359291
65	70.0000	71.0000	43	None	None	1	-5	1.2534632034632018
66	71.0000	72.0000	55	None	None	1	-1	1.0720057720057696
67	72.0000	73.0000	48	None	None	1	-2	0.972303391053388
68	73.0000	74.0000	45	None	None	1	-3	1.1047619047619042
69	74.0000	75.0000	50	None	None	1	-1	1.133982683982683
70	75.0000	76.0000	48	None	None	1	-2	0.9681096681096673
71	76.0000	77.0000	47	None	None	1	-3	1.2792761801690364
72	77.0000	78.0000	43	None	None	1	-4	1.522416125541125
73	78.0000	79.0000	48	None	None	1	-1	1.4891008297258317
74	79.0000	80.0000	47	None	None	1	-2	1.323227813852816
75	80.0000	81.0000	45	None	None	1	-1	1.0257260101010102
76	81.0000	82.0000	41	None	None	1	-3	1.1831123737373759
77	82.0000	83.0000	47	None	None	1	-1	1.390904581529583
78	83.0000	84.0000	45	None	None	1	-2	1.1444760101010114
79	84.0000	85.0000	44	None	None	1	-3	1.2191513347763365
80	85.0000	86.0000	40	None	None	1	-4	1.9097763347763341
81	86.0000	87.0000	45	None	None	1	-2	2.494854388036207
82	87.0000	88.0000	43	None	None	1	-3	2.4539092220910415
83	88.0000	89.0000	41	None	None	1	-4	2.4662108093926287
84	89.0000	90.0000	38	None	None	1	-5	2.308743276925096
85	90.0000	91.0000	50	None	None	1	-2	1.5750131181949372
86	91.0000	92.0000	47	None	None	1	-5	1.0348345467663658
87	92.0000	93.0000	52	None	None	1	-4	1.0062270431588602
88	93.0000	94.0000	54	None	None	1	-3	0.9746534219748496
89	94.0000	95.0000	56	None	None	1	-1	0.7886144609358895
90	95.0000	96.0000	52	None	None	1	-3	0.6019261492475771
91	96.0000	97.0000	57	None	None	1	-1	0.5369910843125116
92	97.0000	98.0000	55	None	None	1	-2	0.2798482271696545
93	98.0000	99.0000	53	None	None	1	-3	0.20517290249433037
94	99.0000	100.0000	52	None	None	1	-4	0.11390306122448896
95	100.0000	101.0000	50	None	None	1	-5	0.01122448979591837
96	102.0000	103.0000	57	None	None	1	-4	0.023268398268398497
97	104.0000	105.0000	57	None	None	1	-5	0.33095238095238017
98	106.0000	107.0000	57	None	None	1	-5	0.7270833333333317
99	108.0000	109.0000	57	None	None	1	-5	1.0366071428571404
100	112.0000	113.0000	57	None	None	1	-5	1.362929894179894
101	116.0000	117.0000	57	None	None	1	-5	1.6903108465608456
102	120.0000	121.0000	57	None	None	1	-5	2.0864417989417974
103	124.0000	125.0000	57	None	None	1	-5	2.2974206349206336
104	130.5000	131.0000	64	None	None	1	-2	2.483730158730158
105	131.0000	131.5000	63	None	None	1	-3	2.483730158730158
106	131.5000	132.0000	64	None	None	1	-2	2.483730158730158
107	132.0000	132.5000	60	None	None	1	-4	2.1981812169312134
108	132.5000	133.0000	64	None	None	1	-2	1.9362764550264493
109	133.0000	133.5000	63	None	None	1	-3	1.9362764550264493
110	133.5000	134.0000	64	None	None	1	-2	1.9362764550264497
111	134.0000	134.5000	59	None	None	1	-4	2.3882440476190387
112	134.5000	135.0000	64	None	None	1	-2	2.5912202380952305
113	135.0000	135.5000	63	None	None	1	-3	2.728720238095229
114	135.5000	136.0000	64	None	None	1	-2	2.728720238095229
115	136.0000	136.5000	57	None	None	1	-5	3.5205782312925162
116	136.5000	137.0000	64	None	None	1	-2	3.6509353741496615
117	137.0000	137.5000	63	None	None	1	-3	4.040518707482995
118	137.5000	138.0000	64	None	None	1	-1	3.136323481412769
119	138.0000	138.5000	55	None	None	1	-4	3.054114486703779
120	138.5000	139.0000	64	None	None	1	-1	3.5154240105133048
121	139.0000	139.5000	63	None	None	1	-2	2.896499647838937
122	139.5000	140.0000	64	None	None	1	-1	2.3953091716484627
123	140.0000	140.5000	54	None	None	1	-5	3.645787487974988
124	140.5000	141.0000	64	None	None	1	-2	2.9418192340067346
125	141.0000	141.5000	63	None	None	1	-3	2.8108668530543537
126	141.5000	142.0000	61	None	None	1	-4	2.807063943001441
127	142.0000	142.5000	63	None	None	1	-3	2.7767609126984087
128	142.5000	143.0000	64	None	None	1	-2	2.4996775793650743
129	143.0000	143.5000	61	None	None	1	-3	3.138178661616158
130	143.5000	144.0000	63	None	None	1	-1	1.8707679473304435
131	144.0000	145.0000	52	None	None	1	-5	1.5851280663780667
132	145.0000	146.0000	54	None	None	1	-4	2.0030994468494474
133	146.0000	147.0000	55	None	None	1	-3	1.988203463203465
134	147.0000	148.0000	52	None	None	1	-5	2.0057780182780234
135	148.0000	148.5000	57	None	None	1	-3	2.7537946428571467
136	148.5000	149.0000	62	None	None	1	-1	2.72601686507937
137	149.0000	149.5000	61	None	None	1	-2	2.0518506903450127
138	149.5000	150.0000	59	None	None	1	-3	2.0034875951069147
139	150.0000	150.5000	61	None	None	1	-2	2.0027029630722812
140	150.5000	151.0000	62	None	None	1	-1	1.6510164551357724
141	151.0000	151.5000	59	None	None	1	-2	1.6992602567886645
142	151.5000	152.0000	61	None	None	1	-1	1.0526828758362856
143	152.0000	153.0000	50	None	None	1	-4	0.6617784992784981
144	153.0000	154.0000	52	None	None	1	-3	0.7240079365079363
145	154.0000	155.0000	54	None	None	1	-2	1.2224041005290993
146	155.0000	156.0000	50	None	None	1	-4	1.3073495370370365
147	156.0000	157.0000	55	None	None	1	-2	1.3356398809523804
148	157.0000	158.0000	54	None	None	1	-3	1.5171874999999995
149	158.0000	159.0000	56	None	None	1	-2	1.8115327380952362
150	159.0000	160.0000	52	None	None	1	-3	1.8482924482924483
151	160.0000	160.5000	57	None	None	1	-1	2.0647426647426648
152	160.5000	161.0000	55	None	None	1	-2	1.707401394901394
153	161.0000	161.5000	54	None	None	1	-3	1.4479071013161915
154	161.5000	162.0000	52	None	None	1	-4	1.380364111898202
155	162.0000	162.5000	54	None	None	1	-3	1.3960567525908434
156	162.5000	163.0000	55	None	None	1	-1	1.1262199921290807
157	163.0000	163.5000	52	None	None	1	-3	0.9111361176702081
158	163.5000	164.0000	54	None	None	1	-1	0.8731626328217216
159	164.0000	165.0000	51	None	None	1	-2	1.0935991407582297
160	165.0000	166.0000	49	None	None	1	-3	1.1003878066378054
161	166.0000	167.0000	51	None	None	1	-1	0.9964917027417017
162	167.0000	168.0000	47	None	None	1	-3	2.037076118326117
163	168.0000	169.0000	52	None	None	1	-1	2.1427759740259735
164	169.0000	170.0000	47	None	None	1	-3	3.484884559884557
165	170.0000	171.0000	48	None	None	1	-2	3.474666305916304
166	171.0000	172.0000	42	None	None	1	-5	3.4702020202020174
167	172.0000	173.0000	43	None	None	1	-4	3.3122655122655105
168	173.0000	174.0000	45	None	None	1	-3	5.041161616161615
169	174.0000	175.0000	47	None	None	1	-2	7.139375901875901
170	175.0000	176.0000	59	None	None	1	-1	6.0490079365079366
171	176.0000	177.0000	52	None	None	1	-2	6.052761243386243
172	177.0000	178.0000	40	None	None	1	-5	5.107820767195767
173	178.0000	179.0000	42	None	None	1	-4	5.273247354497353
174	179.0000	180.0000	43	None	None	1	-3	5.249437830687828
175	180.0000	180.5000	45	None	None	1	-2	5.495568783068783
176	180.5000	181.0000	55	None	None	1	-1	6.322205687830689
177	181.0000	181.5000	57	None	None	1	-2	4.233118386243386
178	181.5000	182.0000	55	None	None	1	-1	3.327520333202155
179	182.0000	182.5000	54	None	None	1	-2	2.8266274760592967
180	182.5000	183.0000	57	None	None	1	-1	8.558594877344877
181	183.0000	183.5000	52	None	None	1	-3	10.251600829725831
182	183.5000	184.0000	57	None	None	1	-1	10.459934163059163
183	184.0000	185.0000	50	None	None	1	-2	9.563637866762866
184	185.0000	186.0000	38	None	None	1	-5	8.833578342953345
185	186.0000	187.0000	40	None	None	1	-2	8.262414321789324
186	187.0000	188.0000	42	None	None	1	-1	8.078918650793653
187	188.0000	188.5000	43	None	None	1	-4	5.863144841269844
188	188.5000	189.0000	54	None	None	1	-1	3.1454319985570027
189	189.0000	189.5000	55	None	None	1	-2	1.7250992063492088
190	189.5000	190.0000	54	None	None	1	-3	1.5470689033189067
191	190.0000	190.5000	52	None	None	1	-4	1.8656866281866322
192	190.5000	191.0000	55	None	None	1	-1	3.3779551467051463
193	191.0000	191.5000	50	None	None	1	-3	5.439264670514673
194	191.5000	192.0000	55	None	None	1	-1	5.457121813371815
195	192.0000	193.0000	48	None	None	1	-2	5.092643698893699
196	193.0000	194.0000	52	None	None	1	-1	5.3840939153439145
197	194.0000	195.0000	45	None	None	1	-4	5.424437830687832
198	195.0000	196.0000	48	None	None	1	-2	5.450033068783069
199	196.0000	196.5000	42	None	None	1	-5	5.298247354497355
200	196.5000	197.0000	60	None	None	1	-1	3.945815111758991
201	197.0000	197.5000	62	None	None	1	-2	1.819029397473273
202	197.5000	198.0000	60	None	None	1	-1	1.567772783716662
203	198.0000	198.5000	59	None	None	1	-2	1.2332489741928512
204	198.5000	199.0000	62	None	None	1	-1	1.3659870694309446
205	199.0000	199.5000	57	None	None	1	-3	1.6755108789547575
206	199.5000	200.0000	62	None	None	1	-1	1.576106117049995
207	200.0000	202.0000	55	None	None	1	-4	1.6918468577907362
208	244.0000	244.5000	53	None	None	1	-5	1.7629464285714302
209	244.5000	245.0000	64	None	None	1	-1	1.7629464285714302
210	245.0000	245.5000	62	None	None	1	-2	1.7629464285714276
211	245.5000	246.0000	60	None	None	1	-3	1.7629464285714274
212	246.0000	246.5000	62	None	None	1	-2	1.7629464285714271
213	246.5000	247.0000	64	None	None	1	-1	1.7629464285714245
214	247.0000	247.5000	60	None	None	1	-2	1.7629464285714274
215	247.5000	248.0000	62	None	None	1	-1	1.7629464285714276
216	248.0000	248.5000	52	None	None	1	-5	1.7629464285714276
217	248.5000	249.0000	62	None	None	1	-1	1.7629464285714276
218	249.0000	249.5000	60	None	None	1	-2	1.7629464285714276
219	249.5000	250.0000	59	None	None	1	-3	1.7629464285714287
220	250.0000	250.5000	60	None	None	1	-2	1.7629464285714316
221	250.5000	251.0000	62	None	None	1	-1	1.7629464285714318
222	251.0000	251.5000	59	None	None	1	-2	1.76294642857143
223	251.5000	252.0000	60	None	None	1	-1	1.7629464285714305
224	252.0000	252.5000	50	None	None	1	-5	2.1424603174603165
225	252.5000	253.0000	60	None	None	1	-2	1.6390771265771285
226	253.0000	253.5000	59	None	None	1	-3	1.837318121693123
227	253.5000	254.0000	57	None	None	1	-4	1.8373181216931216
228	254.0000	254.5000	59	None	None	1	-3	2.1046219983719956
229	254.5000	255.0000	60	None	None	1	-2	2.227836284086283
230	255.0000	255.5000	57	None	None	1	-3	2.0844169719169714
231	255.5000	256.0000	59	None	None	1	-2	2.071950040700035
232	256.0000	258.0000	60	None	None	1	-1	1.866824379324376
233	258.5000	259.0000	48	None	None	1	-2	1.6117063492063448
234	259.0000	259.5000	47	None	None	1	-3	1.6117063492063446
235	259.5000	260.0000	48	None	None	1	-2	1.6117063492063446
236	260.0000	260.5000	45	None	None	1	-4	1.326157407407404
237	260.5000	261.0000	48	None	None	1	-2	1.0642526455026415
238	261.0000	261.5000	47	None	None	1	-3	1.0642526455026415
239	261.5000	262.0000	48	None	None	1	-2	1.0642526455026415
240	262.0000	262.5000	43	None	None	1	-4	1.516220238095233
241	262.5000	263.0000	48	None	None	1	-2	1.7191964285714234
242	263.0000	263.5000	47	None	None	1	-3	1.8566964285714227
243	263.5000	264.0000	48	None	None	1	-2	1.8566964285714227
244	264.0000	264.5000	41	None	None	1	-5	2.3562499999999984
245	264.5000	265.0000	48	None	None	1	-1	2.350512566137567
246	265.0000	265.5000	47	None	None	1	-2	2.350512566137567
247	265.5000	266.0000	48	None	None	1	-1	2.0588458994709007
248	266.0000	266.5000	40	None	None	1	-4	1.9766369047619068
249	266.5000	267.0000	48	None	None	1	-1	2.2147321428571454
250	267.0000	267.5000	47	None	None	1	-2	1.76294642857143
251	267.5000	268.0000	48	None	None	1	-1	1.7629464285714302
252	268.0000	268.5000	38	None	None	1	-5	2.1424603174603147
253	268.5000	269.0000	48	None	None	1	-2	1.4476551226551198
254	269.0000	269.5000	47	None	None	1	-4	1.4891068422318394
255	269.5000	270.0000	45	None	None	1	-5	2.691041366041362
256	270.0000	270.5000	47	None	None	1	-4	2.8792328042328
257	270.5000	271.0000	48	None	None	1	-3	3.1173280423280394
258	271.0000	271.5000	45	None	None	1	-5	2.8321097883597863
259	271.5000	272.0000	47	None	None	1	-4	2.739457070707069
260	272.0000	273.0000	48	None	None	1	-3	2.6846951659451643
261	273.0000	274.0000	50	None	None	1	-1	2.9504419191919196
262	274.0000	275.0000	52	None	None	1	-3	1.4832702020202015
263	275.0000	276.0000	54	None	None	1	-2	1.5061598124098112
264	276.0000	277.0000	55	None	None	1	-1	1.5061598124098112
265	277.0000	278.0000	43	None	None	1	-5	1.5061598124098112
266	278.0000	279.0000	45	None	None	1	-4	1.5061598124098112
267	279.0000	280.0000	47	None	None	1	-3	1.5061598124098112
268	280.0000	281.0000	48	None	None	1	-2	1.5061598124098112
269	281.0000	282.0000	40	None	None	1	-5	1.5061598124098112
270	282.0000	283.0000	41	None	None	1	-4	1.5061598124098112
271	283.0000	284.0000	43	None	None	1	-3	1.5061598124098112
272	284.0000	288.0000	36	None	None	1	0	1.5061598124098112
