0	0.0000	0.1042	60	None	None	0	1	15.952457495593373
1	0.0000	0.1042	64	None	None	0	2	18.49258241604044
2	0.0000	0.1042	69	None	None	0	3	21.560917888696423
3	0.1042	0.2083	70	None	None	0	0	-1
4	0.2083	0.3125	71	None	None	0	0	-1
5	0.3125	0.4167	72	None	None	0	0	-1
6	0.4167	0.9375	64	None	None	0	0	-1
7	0.4167	0.9375	69	None	None	0	1	10.27194571706233
8	0.4167	0.9375	73	None	None	0	2	19.299465500485905
9	0.5208	0.6250	74	None	None	0	3	28.876943634596696
10	0.6250	0.7292	75	None	None	0	4	29.61902774096649
11	0.7292	0.8333	76	None	None	0	5	28.82770121035425
12	0.8333	1.7708	70	None	None	0	1	19.329158936301777
13	0.8333	1.7708	74	None	None	0	2	20.166719674882927
14	0.8333	1.7708	77	None	None	0	3	20.712273610742987
15	0.9375	1.0417	78	None	None	0	4	29.009625408604993
16	1.0417	1.1458	79	None	None	0	1	22.888051064581674
17	1.1458	1.2500	80	None	None	0	3	19.938143828960147
18	1.2500	2.6042	75	None	None	0	1	19.064028876856874
19	1.2500	2.6042	77	None	None	0	2	20.941472303207014
20	1.2500	2.6042	81	None	None	0	3	23.14509484684414
21	1.3542	1.4583	82	None	None	0	0	-1
22	1.4583	1.5625	83	None	None	0	0	-1
23	1.5625	1.6667	84	None	None	0	0	-1
24	1.6667	3.4375	76	None	None	0	0	-1
25	1.6667	3.4375	81	None	None	0	1	7.123979591836722
26	1.6667	3.4375	85	None	None	0	2	7.306778425655967
27	1.7708	1.8750	86	None	None	0	3	7.412609329446064
28	1.8750	1.9792	87	None	None	0	4	11.09603984450923
29	1.9792	2.0833	88	None	None	0	5	9.990719144800773
30	2.0833	4.2708	81	None	None	0	2	10.16733305567125
31	2.0833	4.2708	84	None	None	0	3	10.551200888518673
32	2.0833	4.2708	89	None	None	0	5	10.256011384145491
33	2.1875	2.2917	88	None	None	0	4	10.928411772872412
34	2.2917	2.3958	87	None	None	0	3	14.610627516312634
35	2.3958	2.5000	86	None	None	0	2	13.504213522143525
36	2.5000	5.1042	76	None	None	0	1	8.823941413299991
37	2.5000	5.1042	81	None	None	0	3	9.436186311259178
38	2.5000	5.1042	85	None	None	0	5	9.454130223517954
39	2.6042	2.7083	84	None	None	0	4	8.562973760932929
40	2.7083	2.8125	83	None	None	0	3	11.746647230320692
41	2.8125	2.9167	82	None	None	0	2	10.932361516034982
42	2.9167	5.9375	72	None	None	0	1	6.580112453144519
43	2.9167	5.9375	76	None	None	0	3	6.962012355962796
44	2.9167	5.9375	81	None	None	0	5	7.226589615438
45	3.0208	3.1250	80	None	None	0	4	6.773868527002627
46	3.1250	3.2292	83	None	None	0	5	21.906157156740232
47	3.2292	3.3333	81	None	None	0	4	22.078266000277647
48	3.3333	6.7708	71	None	None	0	1	20.826565320005532
49	3.3333	6.7708	76	None	None	0	3	21.43881021796471
50	3.3333	6.7708	80	None	None	0	5	21.456754130223512
51	3.4375	3.5417	79	None	None	0	4	20.565597667638475
52	3.5417	3.6458	78	None	None	0	1	20.175510204081625
53	3.6458	3.7500	77	None	None	0	4	8.03061224489794
54	3.7500	7.6042	68	None	None	0	1	4.2087198515769835
55	3.7500	7.6042	71	None	None	0	2	6.604130223517968
56	3.7500	7.6042	76	None	None	0	4	7.148250728862963
57	3.8542	3.9583	75	None	None	0	3	8.101603498542264
58	3.9583	4.0625	77	None	None	0	5	13.182916840205474
59	4.0625	4.1667	76	None	None	0	4	13.041031514646676
60	4.1667	8.4375	69	None	None	0	2	12.028397889768144
61	4.1667	8.4375	72	None	None	0	3	11.67198389559905
62	4.1667	8.4375	75	None	None	0	5	10.35621963070942
63	4.2708	4.3750	74	None	None	0	4	9.554470359572385
64	4.3750	4.4792	73	None	None	0	3	9.152137998056354
65	4.4792	4.5833	72	None	None	0	2	8.76729834791059
66	4.5833	9.2708	64	None	None	0	1	5.032604470359574
67	4.5833	9.2708	69	None	None	0	2	4.023469387755096
68	4.5833	9.2708	71	None	None	0	3	4.023469387755088
69	4.6875	4.7917	72	None	None	0	4	4.023469387755088
70	4.7917	4.8958	74	None	None	0	5	5.535868893011713
71	4.8958	5.0000	72	None	None	0	4	5.350251789027273
72	5.0000	10.1042	64	None	None	0	1	5.2822245781429205
73	5.0000	10.1042	68	None	None	0	3	4.921039844509203
74	5.0000	10.1042	71	None	None	0	4	5.1027696793002635
75	5.1042	5.2083	72	None	None	0	5	5.1027696793002635
76	5.2083	5.3125	71	None	None	0	4	5.765549076773538
77	5.3125	5.4167	72	None	None	0	5	5.843586005830875
78	5.4167	10.9375	63	None	None	0	1	4.530539358600568
79	5.4167	10.9375	69	None	None	0	2	4.078377065111755
80	5.4167	10.9375	71	None	None	0	3	5.292905733722047
81	5.5208	5.6250	72	None	None	0	4	5.859475218658888
82	5.6250	5.7292	71	None	None	0	3	10.355102040816336
83	5.7292	5.8333	72	None	None	0	4	10.14165562328829
84	5.8333	11.7708	64	None	None	0	1	10.578348667853058
85	5.8333	11.7708	68	None	None	0	2	11.092537200408929
86	5.8333	11.7708	71	None	None	0	3	11.241225247056159
87	5.9375	6.0417	76	None	None	0	5	11.707843322857908
88	6.0417	6.1458	75	None	None	0	4	14.735297161536227
89	6.1458	6.2500	74	None	None	0	3	13.734714071157208
90	6.2500	12.6042	62	None	None	0	1	9.456774323829706
91	6.2500	12.6042	68	None	None	0	3	11.257302512841868
92	6.2500	12.6042	73	None	None	0	5	12.855612244897944
93	6.3542	6.4583	72	None	None	0	4	21.476336248785245
94	6.4583	6.5625	71	None	None	0	3	24.936394557823142
95	6.5625	6.6667	70	None	None	0	2	24.122108843537422
96	6.6667	13.4375	60	None	None	0	1	19.769859780646975
97	6.6667	13.4375	64	None	None	0	2	22.253425655976713
98	6.6667	13.4375	69	None	None	0	3	23.14509484684416
99	6.7708	6.8750	70	None	None	0	0	-1
100	6.8750	6.9792	71	None	None	0	0	-1
101	6.9792	7.0833	72	None	None	0	0	-1
102	7.0833	14.2708	64	None	None	0	0	-1
103	7.0833	14.2708	69	None	None	0	1	10.437251839511305
104	7.0833	14.2708	73	None	None	0	2	12.07934888241011
105	7.1875	7.2917	74	None	None	0	3	21.656827016520896
106	7.2917	7.3958	75	None	None	0	4	21.538852813852813
107	7.3958	7.5000	76	None	None	0	5	20.141403834260974
108	7.5000	15.1042	69	None	None	0	1	18.584552522307614
109	7.5000	15.1042	74	None	None	0	2	18.700538916865444
110	7.5000	15.1042	77	None	None	0	3	19.2460928527255
111	7.6042	7.7083	78	None	None	0	4	27.543444650587528
112	7.7083	7.8125	79	None	None	0	1	21.42187030656422
113	7.8125	7.9167	80	None	None	0	3	18.471963070942678
114	7.9167	15.9375	74	None	None	0	1	18.457906427877294
115	7.9167	15.9375	77	None	None	0	2	20.941472303207036
116	7.9167	15.9375	81	None	None	0	3	23.14509484684416
117	8.0208	8.1250	82	None	None	0	0	-1
118	8.1250	8.2292	83	None	None	0	0	-1
119	8.2292	8.3333	84	None	None	0	0	-1
120	8.3333	16.7708	76	None	None	0	0	-1
121	8.3333	16.7708	81	None	None	0	1	7.123979591836727
122	8.3333	16.7708	85	None	None	0	2	7.306778425655971
123	8.4375	8.5417	86	None	None	0	3	7.4126093294460675
124	8.5417	8.6458	87	None	None	0	4	11.096039844509209
125	8.6458	8.7500	88	None	None	0	5	9.990719144800744
126	8.7500	17.6042	81	None	None	0	2	10.16733305567122
127	8.7500	17.6042	84	None	None	0	3	10.551200888518645
128	8.7500	17.6042	89	None	None	0	5	10.256011384145461
129	8.8542	8.9583	88	None	None	0	4	10.928411772872378
130	8.9583	9.0625	87	None	None	0	3	14.610627516312618
131	9.0625	9.1667	86	None	None	0	2	13.504213522143505
132	9.1667	18.4375	76	None	None	0	1	8.823941413300007
133	9.1667	18.4375	81	None	None	0	3	9.436186311259199
134	9.1667	18.4375	85	None	None	0	5	9.454130223517977
135	9.2708	9.3750	84	None	None	0	4	8.562973760932946
136	9.3750	9.4792	83	None	None	0	3	11.746647230320718
137	9.4792	9.5833	82	None	None	0	2	10.932361516035014
138	9.5833	19.2708	72	None	None	0	1	7.394460641399435
139	9.5833	19.2708	76	None	None	0	3	8.567038039705702
140	9.5833	19.2708	81	None	None	0	5	9.811613216715266
141	9.6875	9.7917	80	None	None	0	4	18.83053935860064
142	9.7917	9.8958	83	None	None	0	5	19.980665253114292
143	9.8958	10.0000	81	None	None	0	4	19.546651647672107
144	10.0000	20.1042	71	None	None	0	1	18.584552522307657
145	10.0000	20.1042	76	None	None	0	2	17.575417439703184
146	10.0000	20.1042	79	None	None	0	3	17.068128809965568
147	10.1042	10.2083	80	None	None	0	4	16.615407721530193
148	10.2083	10.3125	81	None	None	0	1	9.861131725417444
149	10.3125	10.4167	82	None	None	0	3	6.619096209912529
150	10.4167	20.9375	76	None	None	0	1	6.56661807580175
151	10.4167	20.9375	79	None	None	0	2	9.002575315840614
152	10.4167	20.9375	83	None	None	0	4	9.183236151603486
153	10.5208	10.6250	84	None	None	0	5	12.015339252584154
154	10.6250	10.7292	83	None	None	0	4	16.167914568424784
155	10.7292	10.8333	82	None	None	0	3	15.484108578496343
156	10.8333	21.7708	75	None	None	0	2	11.907237830197019
157	10.8333	21.7708	78	None	None	0	3	13.159130980778192
158	10.8333	21.7708	81	None	None	0	5	14.031754130223508
159	10.9375	11.0417	80	None	None	0	4	14.031754130223508
160	11.0417	11.1458	79	None	None	0	3	19.21251214771618
161	11.1458	11.2500	78	None	None	0	2	18.712220602526678
162	11.2500	22.6042	69	None	None	0	1	14.687925170067972
163	11.2500	22.6042	75	None	None	0	2	13.018683187560686
164	11.2500	22.6042	77	None	None	0	3	13.152551020408115
165	11.3542	11.4583	78	None	None	0	4	12.99086491739548
166	11.4583	11.5625	79	None	None	0	5	11.693124392614138
167	11.5625	11.6667	78	None	None	0	4	10.133989310009666
168	11.6667	23.4375	68	None	None	0	1	4.514941690962097
169	11.6667	23.4375	71	None	None	0	2	4.404300291545192
170	11.6667	23.4375	76	None	None	0	4	4.171793002915449
171	11.7708	11.8750	77	None	None	0	5	5.073760932944608
172	11.8750	11.9792	75	None	None	0	4	4.843683187560738
173	11.9792	12.0833	76	None	None	0	5	3.738362487852291
174	12.0833	24.2708	65	None	None	0	1	4.687342079689032
175	12.0833	24.2708	69	None	None	0	2	5.188168124392613
176	12.0833	24.2708	74	None	None	0	4	5.37281341107871
177	12.1875	12.2917	76	None	None	0	5	5.926020408163243
178	12.2917	12.3958	73	None	None	0	4	7.007896015549055
179	12.3958	12.5000	74	None	None	0	5	5.83101422387134
180	12.5000	25.1042	64	None	None	0	1	5.983589539711949
181	12.5000	25.1042	69	None	None	0	2	6.028293135435967
182	12.5000	25.1042	72	None	None	0	4	5.462695467797477
183	12.6042	12.7083	74	None	None	0	5	6.36466339782663
184	12.7083	12.8125	71	None	None	0	3	5.717433077126922
185	12.8125	12.9167	74	None	None	0	5	4.668745030479691
186	12.9167	25.9375	62	None	None	0	1	3.8193767117236392
187	12.9167	25.9375	68	None	None	0	3	5.619904900735815
188	12.9167	25.9375	71	None	None	0	4	7.904664723032072
189	13.0208	13.1250	72	None	None	0	5	17.265670553935824
190	13.1250	13.2292	70	None	None	0	4	20.740549076773537
191	13.2292	13.3333	71	None	None	0	5	19.635228377065086
192	13.3333	26.7708	60	None	None	0	1	19.769859780646932
193	13.3333	26.7708	64	None	None	0	2	22.253425655976663
194	13.3333	26.7708	69	None	None	0	3	23.14509484684411
195	13.4375	13.5417	70	None	None	0	0	-1
196	13.5417	13.6458	71	None	None	0	0	-1
197	13.6458	13.7500	72	None	None	0	0	-1
198	13.7500	27.6042	64	None	None	0	0	-1
199	13.7500	27.6042	69	None	None	0	1	10.437251839511294
200	13.7500	27.6042	73	None	None	0	2	12.079348882410086
201	13.8542	13.9583	74	None	None	0	3	21.656827016520904
202	13.9583	14.0625	75	None	None	0	4	21.538852813852795
203	14.0625	14.1667	76	None	None	0	5	20.141403834260952
204	14.1667	28.4375	69	None	None	0	1	18.584552522307614
205	14.1667	28.4375	74	None	None	0	2	18.70053891686547
206	14.1667	28.4375	77	None	None	0	3	19.246092852725525
207	14.2708	14.3750	78	None	None	0	4	27.543444650587478
208	14.3750	14.4792	79	None	None	0	1	21.42187030656414
209	14.4792	14.5833	80	None	None	0	3	18.471963070942632
210	14.5833	29.2708	74	None	None	0	1	18.457906427877244
211	14.5833	29.2708	77	None	None	0	2	20.941472303206975
212	14.5833	29.2708	81	None	None	0	3	23.14509484684411
213	14.6875	14.7917	82	None	None	0	0	-1
214	14.7917	14.8958	83	None	None	0	0	-1
215	14.8958	15.0000	84	None	None	0	0	-1
216	15.0000	30.1042	76	None	None	0	0	-1
217	15.0000	30.1042	81	None	None	0	1	7.139528668610292
218	15.0000	30.1042	85	None	None	0	2	6.802793974732741
219	15.1042	15.2083	86	None	None	0	3	5.744484936831875
220	15.2083	15.3125	87	None	None	0	4	6.804008746355661
221	15.3125	15.4167	88	None	None	0	5	5.698688046647202
222	15.4167	30.9375	81	None	None	0	2	5.875301957517679
223	15.4167	30.9375	84	None	None	0	3	6.259169790365112
224	15.4167	30.9375	89	None	None	0	5	5.963980285991932
225	15.5208	15.6250	84	None	None	0	4	4.866312647507967
226	15.6250	15.7292	83	None	None	0	3	9.108295154796647
227	15.7292	15.8333	83	None	None	0	4	8.956108565875358
228	15.8333	31.7708	76	None	None	0	1	8.823941413300057
229	15.8333	31.7708	81	None	None	0	3	9.436186311259236
230	15.8333	31.7708	85	None	None	0	5	9.45413022351801
231	15.9375	16.0417	84	None	None	0	4	8.562973760932985
232	16.0417	16.1458	83	None	None	0	3	11.746647230320727
233	16.1458	16.2500	82	None	None	0	2	10.932361516035023
234	16.2500	32.6042	72	None	None	0	1	6.580112453144497
235	16.2500	32.6042	76	None	None	0	3	6.962012355962772
236	16.2500	32.6042	81	None	None	0	5	7.22658961543798
237	16.3542	16.4583	80	None	None	0	4	6.773868527002611
238	16.4583	16.5625	83	None	None	0	5	21.906157156740115
239	16.5625	16.6667	81	None	None	0	4	22.078266000277523
240	16.6667	33.4375	71	None	None	0	1	20.826565320005415
241	16.6667	33.4375	76	None	None	0	3	21.438810217964605
242	16.6667	33.4375	80	None	None	0	5	21.45675413022341
243	16.7708	16.8750	79	None	None	0	4	20.56559766763838
244	16.8750	16.9792	78	None	None	0	1	20.17551020408154
245	16.9792	17.0833	77	None	None	0	4	8.030612244897926
246	17.0833	34.2708	68	None	None	0	1	4.208719851576999
247	17.0833	34.2708	71	None	None	0	2	6.604130223518008
248	17.0833	34.2708	76	None	None	0	4	7.148250728862998
249	17.1875	17.2917	75	None	None	0	3	8.101603498542312
250	17.2917	17.3958	77	None	None	0	5	13.182916840205522
251	17.3958	17.5000	76	None	None	0	4	13.041031514646727
252	17.5000	35.1042	69	None	None	0	2	12.028397889768174
253	17.5000	35.1042	72	None	None	0	3	11.67198389559906
254	17.5000	35.1042	75	None	None	0	5	10.3562196307094
255	17.6042	17.7083	74	None	None	0	4	9.554470359572369
256	17.7083	17.8125	73	None	None	0	3	9.152137998056341
257	17.8125	17.9167	72	None	None	0	2	8.767298347910556
258	17.9167	35.9375	64	None	None	0	1	5.032604470359552
259	17.9167	35.9375	69	None	None	0	2	4.023469387755088
260	17.9167	35.9375	71	None	None	0	3	4.02346938775508
261	18.0208	18.1250	72	None	None	0	4	4.02346938775508
262	18.1250	18.2292	74	None	None	0	5	5.535868893011719
263	18.2292	18.3333	72	None	None	0	4	5.350251789027284
264	18.3333	36.7708	64	None	None	0	1	5.282224578142942
265	18.3333	36.7708	68	None	None	0	3	4.921039844509231
266	18.3333	36.7708	71	None	None	0	4	5.10276967930029
267	18.4375	18.5417	72	None	None	0	5	5.102769679300289
268	18.5417	18.6458	71	None	None	0	4	5.76554907677356
269	18.6458	18.7500	72	None	None	0	5	5.8435860058309
270	18.7500	37.6042	63	None	None	0	1	4.53053935860057
271	18.7500	37.6042	69	None	None	0	2	4.078377065111748
272	18.7500	37.6042	71	None	None	0	3	5.292905733722055
273	18.8542	18.9583	72	None	None	0	4	5.859475218658893
274	18.9583	19.0625	71	None	None	0	3	10.355102040816302
275	19.0625	19.1667	72	None	None	0	4	10.141655623288248
276	19.1667	38.4375	64	None	None	0	1	10.578348667853009
277	19.1667	38.4375	68	None	None	0	2	11.092537200408902
278	19.1667	38.4375	71	None	None	0	3	11.24122524705613
279	19.2708	19.3750	76	None	None	0	5	11.707843322857874
280	19.3750	19.4792	75	None	None	0	4	14.735297161536234
281	19.4792	19.5833	74	None	None	0	3	13.73471407115722
282	19.5833	39.2708	62	None	None	0	1	9.456774323829766
283	19.5833	39.2708	68	None	None	0	3	11.257302512841923
284	19.5833	39.2708	73	None	None	0	5	12.855612244898019
285	19.6875	19.7917	72	None	None	0	4	21.47633624878525
286	19.7917	19.8958	71	None	None	0	3	24.936394557823157
287	19.8958	20.0000	70	None	None	0	2	24.122108843537447
288	20.0000	40.1042	60	None	None	0	1	19.76985978064694
289	20.0000	40.1042	64	None	None	0	2	22.253425655976656
290	20.0000	40.1042	69	None	None	0	3	23.14509484684409
291	20.1042	20.2083	70	None	None	0	0	-1
292	20.2083	20.3125	71	None	None	0	0	-1
293	20.3125	20.4167	72	None	None	0	0	-1
294	20.4167	40.9375	64	None	None	0	0	-1
295	20.4167	40.9375	69	None	None	0	1	10.437251839511305
296	20.4167	40.9375	73	None	None	0	2	12.079348882410088
297	20.5208	20.6250	74	None	None	0	3	21.656827016520833
298	20.6250	20.7292	75	None	None	0	4	21.538852813852714
299	20.7292	20.8333	76	None	None	0	5	20.141403834260885
300	20.8333	41.7708	69	None	None	0	1	18.584552522307554
301	20.8333	41.7708	74	None	None	0	2	18.700538916865394
302	20.8333	41.7708	77	None	None	0	3	19.246092852725447
303	20.9375	21.0417	78	None	None	0	4	27.543444650587407
304	21.0417	21.1458	79	None	None	0	1	21.421870306564138
305	21.1458	21.2500	80	None	None	0	3	18.471963070942632
306	21.2500	42.6042	74	None	None	0	1	18.45790642787724
307	21.2500	42.6042	77	None	None	0	2	20.94147230320696
308	21.2500	42.6042	81	None	None	0	3	23.14509484684409
309	21.3542	21.4583	82	None	None	0	0	-1
310	21.4583	21.5625	83	None	None	0	0	-1
311	21.5625	21.6667	84	None	None	0	0	-1
312	21.6667	43.4375	76	None	None	0	0	-1
313	21.6667	43.4375	81	None	None	0	1	7.123979591836718
314	21.6667	43.4375	85	None	None	0	2	7.306778425655962
315	21.7708	21.8750	86	None	None	0	3	7.412609329446058
316	21.8750	21.9792	87	None	None	0	4	11.096039844509262
317	21.9792	22.0833	88	None	None	0	5	9.990719144800819
318	22.0833	44.2708	81	None	None	0	2	10.1673330556713
319	22.0833	44.2708	84	None	None	0	3	10.55120088851872
320	22.0833	44.2708	89	None	None	0	5	10.256011384145541
321	22.1875	22.2917	88	None	None	0	4	10.928411772872467
322	22.2917	22.3958	87	None	None	0	3	14.610627516312675
323	22.3958	22.5000	86	None	None	0	2	13.504213522143573
324	22.5000	45.1042	76	None	None	0	1	8.82394141329998
325	22.5000	45.1042	81	None	None	0	3	9.436186311259156
326	22.5000	45.1042	85	None	None	0	5	9.454130223517932
327	22.6042	22.7083	84	None	None	0	4	8.56297376093291
328	22.7083	22.8125	83	None	None	0	3	9.122740524781305
329	22.8125	22.9167	82	None	None	0	2	8.016326530612192
330	22.9167	45.9375	72	None	None	0	1	3.599173955296385
331	22.9167	45.9375	76	None	None	0	2	4.996622934888242
332	22.9167	45.9375	81	None	None	0	4	5.964232706069417
333	23.0208	23.1250	80	None	None	0	3	17.523853697323005
334	23.1250	23.2292	83	None	None	0	5	19.90417881438283
335	23.2292	23.3333	81	None	None	0	4	20.191739552963977
336	23.3333	46.7708	74	None	None	0	1	19.621282798833754
337	23.3333	46.7708	77	None	None	0	2	21.64237817576004
338	23.3333	46.7708	82	None	None	0	3	22.59619003445531
339	23.4375	23.5417	83	None	None	0	4	31.21691403834254
340	23.5417	23.6458	84	None	None	0	1	28.64587419383338
341	23.6458	23.7500	85	None	None	0	4	24.698882410106883
342	23.7500	47.6042	77	None	None	0	1	25.896161321671496
343	23.7500	47.6042	82	None	None	0	2	25.670068027210846
344	23.7500	47.6042	86	None	None	0	3	27.956032208801837
345	23.8542	23.9583	87	None	None	0	0	-1
346	23.9583	24.0625	88	None	None	0	0	-1
347	24.0625	24.1667	89	None	None	0	0	-1
348	24.1667	48.4375	80	None	None	0	0	-1
349	24.1667	48.4375	87	None	None	0	1	13.02255972890081
350	24.1667	48.4375	88	None	None	0	2	23.886929057337106
351	24.2708	24.3750	89	None	None	0	3	23.64203109815344
352	24.3750	24.4792	90	None	None	0	4	22.375024295432343
353	24.4792	24.5833	91	None	None	0	5	22.02626336248775
354	24.5833	49.2708	87	None	None	0	1	8.86178328474246
355	24.5833	49.2708	92	None	None	0	2	8.419217687074818
356	24.6875	24.7917	93	None	None	0	3	8.525048590864905
357	24.7917	24.8958	94	None	None	0	4	11.552502429543202
358	24.8958	25.0000	95	None	None	0	5	10.155053449951371
359	25.0000	50.1042	84	None	None	0	1	10.617638483964974
360	25.0000	50.1042	89	None	None	0	3	10.670116618075749
361	25.0000	50.1042	93	None	None	0	5	10.727842565597621
362	25.1042	25.2083	92	None	None	0	4	11.026433430515027
363	25.2083	25.3125	91	None	None	0	3	15.44407191448001
364	25.3125	25.4167	90	None	None	0	2	14.629786200194276
365	25.4167	50.9375	81	None	None	0	1	10.277537137303847
366	25.4167	50.9375	84	None	None	0	3	10.551200888518647
367	25.4167	50.9375	89	None	None	0	5	10.256011384145467
368	25.5208	25.6250	88	None	None	0	4	10.928411772872384
369	25.6250	25.7292	87	None	None	0	3	10.219956962376754
370	25.7292	25.8333	86	None	None	0	2	9.443329168402022
371	25.8333	51.7708	76	None	None	0	1	8.099670276273828
372	25.8333	51.7708	81	None	None	0	2	12.223661542539089
373	25.8333	51.7708	85	None	None	0	4	13.05480828695113
374	25.9375	26.0417	84	None	None	0	3	13.16063919074122
375	26.0417	26.1458	83	None	None	0	0	-1
376	26.1458	26.2500	82	None	None	0	0	-1
377	26.2500	52.6042	84	None	None	0	0	-1
378	26.2500	52.6042	87	None	None	0	0	-1
379	26.2500	52.6042	93	None	None	0	0	-1
380	26.3542	26.4583	92	None	None	0	0	-1
381	26.4583	26.5625	91	None	None	0	0	-1
382	26.5625	26.6667	90	None	None	0	5	36.26171039844489
383	26.6667	53.4375	70	None	None	0	1	10.324790175810538
384	26.6667	53.4375	74	None	None	0	3	10.612448096121543
385	26.6667	53.4375	77	None	None	0	5	10.756762964926201
386	26.7708	26.8750	76	None	None	0	4	11.069688134994232
387	26.8750	26.9792	75	None	None	0	3	12.286403392525827
388	26.9792	27.0833	74	None	None	0	2	11.472117678240114
389	27.0833	54.2708	65	None	None	0	1	7.9755190387843635
390	27.0833	54.2708	70	None	None	0	2	7.749425744323725
391	27.0833	54.2708	73	None	None	0	3	9.1733722060253
392	27.1875	27.2917	74	None	None	0	4	8.684548104956301
393	27.2917	27.3958	77	None	None	0	5	9.61263362487855
394	27.3958	27.5000	74	None	None	0	4	8.77916777100454
395	27.5000	55.1042	64	None	None	0	1	7.522122095591493
396	27.5000	55.1042	69	None	None	0	2	7.476422387136649
397	27.5000	55.1042	71	None	None	0	3	11.662306740878158
398	27.6042	27.7083	72	None	None	0	4	11.677855817651729
399	27.7083	27.8125	76	None	None	0	5	14.013132785581744
400	27.8125	27.9167	72	None	None	0	4	12.959099743793585
401	27.9167	55.9375	62	None	None	0	1	11.707399063521496
402	27.9167	55.9375	68	None	None	0	2	11.563771408377857
403	27.9167	55.9375	70	None	None	0	3	13.79278425655977
404	28.0208	28.1250	71	None	None	0	4	22.413508260446996
405	28.1250	28.2292	76	None	None	0	5	23.221234207968845
406	28.2292	28.3333	71	None	None	0	4	21.778960155490733
407	28.3333	56.7708	60	None	None	0	1	20.68226433430514
408	28.3333	56.7708	64	None	None	0	2	22.079713313896974
409	28.3333	56.7708	69	None	None	0	3	23.019862935897926
410	28.4375	28.5417	70	None	None	0	0	-1
411	28.5417	28.6458	71	None	None	0	0	-1
412	28.6458	28.7500	72	None	None	0	0	-1
413	28.7500	57.6042	64	None	None	0	0	-1
414	28.7500	57.6042	68	None	None	0	1	11.720529640427587
415	28.7500	57.6042	73	None	None	0	2	11.277964042759944
416	28.8542	28.9583	74	None	None	0	3	11.383794946550031
417	28.9583	29.0625	75	None	None	0	4	11.68238581146742
418	29.0625	29.1667	76	None	None	0	5	16.6347910592809
419	29.1667	58.4375	69	None	None	0	1	17.321379980563716
420	29.1667	58.4375	72	None	None	0	2	19.179105928085587
421	29.1667	58.4375	81	None	None	0	5	26.586540330418075
422	29.2708	29.3750	80	None	None	0	4	25.247972435727746
423	29.3750	29.4792	79	None	None	0	1	24.033377506846914
424	29.4792	29.5833	78	None	None	0	3	18.779089520780513
425	29.5833	29.6875	77	None	None	0	2	18.01728194060559
426	29.6875	29.7917	76	None	None	0	1	17.249546274910728
427	29.7917	29.8958	75	None	None	0	4	9.442946751984687
428	29.8958	30.0000	74	None	None	0	3	9.16393800562899
429	30.0000	60.1042	64	None	None	0	1	6.404860348592107
430	30.0000	60.1042	70	None	None	0	2	6.994372294372262
431	30.0000	60.1042	73	None	None	0	4	7.843844736410331
432	30.1042	30.2083	72	None	None	0	0	-1
433	30.2083	30.3125	71	None	None	0	0	-1
434	30.3125	30.4167	72	None	None	0	0	-1
435	30.4167	60.9375	65	None	None	0	0	-1
436	30.4167	60.9375	70	None	None	0	1	12.00063168124391
437	30.4167	60.9375	73	None	None	0	2	15.318398583923313
438	30.5208	30.6250	74	None	None	0	3	15.097115785089517
439	30.6250	30.7292	75	None	None	0	4	15.137883520755201
440	30.7292	30.8333	76	None	None	0	5	14.240726086352886
441	30.8333	61.7708	69	None	None	0	1	12.176586144661925
442	30.8333	61.7708	77	None	None	0	2	8.789997223379169
443	30.9375	31.0417	78	None	None	0	3	9.788393724836899
444	31.0417	31.1458	79	None	None	0	4	8.953651256420958
445	31.1458	31.2500	80	None	None	0	5	8.703741496598663
446	31.2500	62.6042	72	None	None	0	1	7.948493683187554
447	31.2500	62.6042	81	None	None	0	5	6.763362487852257
448	31.3542	31.4583	76	None	None	0	4	7.235131195335228
449	31.4583	31.5625	77	None	None	0	5	6.960217333686677
450	31.5625	31.6667	74	None	None	0	4	7.23815708101417
451	31.6667	63.4375	70	None	None	0	3	7.4510857218582895
452	31.6667	63.4375	73	None	None	0	5	9.16901480443749
453	31.7708	31.8750	72	None	None	0	0	-1
454	31.8750	31.9792	71	None	None	0	0	-1
455	31.9792	32.0833	72	None	None	0	0	-1
456	32.0833	64.2708	64	None	None	0	0	-1
457	32.0833	64.2708	70	None	None	0	0	-1
458	32.0833	64.2708	73	None	None	0	0	-1
459	32.1875	32.2917	74	None	None	0	0	-1
460	32.2917	32.3958	75	None	None	0	0	-1
461	32.3958	32.5000	76	None	None	0	0	-1
462	32.5000	65.1042	65	None	None	0	0	-1
463	32.5000	65.1042	68	None	None	0	1	12.75209634874363
464	32.5000	65.1042	77	None	None	0	2	8.902825211717312
465	32.6042	32.7083	78	None	None	0	3	8.62852977925862
466	32.7083	32.8125	79	None	None	0	4	7.998889351659014
467	32.8125	32.9167	80	None	None	0	5	8.527436169272901
468	32.9167	65.9375	71	None	None	0	1	13.140233236151634
469	32.9167	65.9375	79	None	None	0	5	12.611078717201249
470	33.0208	33.1250	78	None	None	0	4	13.645335276968021
471	33.1250	33.2292	77	None	None	0	3	12.89314868804673
472	33.2292	33.3333	76	None	None	0	2	12.838095238095335
473	33.3333	66.7708	72	None	None	0	1	14.240792031098218
474	33.3333	66.7708	75	None	None	0	5	8.169507023588656
475	33.4375	33.5417	74	None	None	0	4	19.397738316105794
476	33.5417	33.6458	73	None	None	0	3	26.35901139676669
477	33.6458	33.7500	74	None	None	0	4	25.751018199487746
478	33.7500	67.6042	66	None	None	0	1	28.309552837832893
479	33.7500	67.6042	72	None	None	0	2	28.524438996377892
480	33.7500	67.6042	75	None	None	0	3	31.734943773427766
481	33.8542	33.9583	76	None	None	0	4	31.278481188393787
482	33.9583	34.0625	77	None	None	0	1	20.45486602804381
483	34.0625	34.1667	78	None	None	0	4	12.677898098014575
484	34.1667	68.4375	70	None	None	0	1	12.267183812300289
485	34.1667	68.4375	79	None	None	0	2	7.29360840811275
486	34.2708	34.3750	80	None	None	0	3	6.610518029103993
487	34.3750	34.4792	81	None	None	0	4	5.7193615665189474
488	34.4792	34.5833	82	None	None	0	5	5.2574012721971455
489	34.5833	69.2708	74	None	None	0	2	4.7861317254173965
490	34.5833	69.2708	81	None	None	0	5	5.935305680713806
491	34.6875	34.7917	78	None	None	0	4	5.868493241452363
492	34.7917	34.8958	79	None	None	0	5	4.71944076331828
493	34.8958	35.0000	75	None	None	0	3	4.971781959537019
494	35.0000	70.1042	72	None	None	0	2	6.1479481402950515
495	35.0000	70.1042	74	None	None	0	3	7.8965367965367275
496	35.1042	35.2083	75	None	None	0	4	18.80139588302858
497	35.2083	35.3125	73	None	None	0	3	23.870386076508574
498	35.3125	35.4167	74	None	None	0	4	23.240745648908963
499	35.4167	70.9375	66	None	None	0	1	25.770264599346337
500	35.4167	70.9375	72	None	None	0	0	-1
501	35.4167	70.9375	75	None	None	0	0	-1
502	35.5208	35.6250	76	None	None	0	0	-1
503	35.6250	35.7292	77	None	None	0	0	-1
504	35.7292	35.8333	78	None	None	0	0	-1
505	35.8333	71.7708	67	None	None	0	0	-1
506	35.8333	71.7708	70	None	None	0	1	14.723209079550266
507	35.8333	71.7708	79	None	None	0	2	11.231323753991422
508	35.9375	36.0417	80	None	None	0	3	10.732757184506504
509	36.0417	36.1458	81	None	None	0	4	9.496994307927325
510	36.1458	36.2500	82	None	None	0	5	9.46482021379982
511	36.2500	72.6042	73	None	None	0	1	8.921185617103898
512	36.2500	72.6042	81	None	None	0	5	9.17988338192412
513	36.3542	36.4583	80	None	None	0	4	10.214139941690894
514	36.4583	36.5625	79	None	None	0	3	9.461953352769601
515	36.5625	36.6667	80	None	None	0	5	6.750242954324559
516	36.6667	73.4375	74	None	None	0	3	7.67114396779121
517	36.6667	73.4375	77	None	None	0	5	9.272133138969885
518	36.7708	36.8750	76	None	None	0	4	19.416180758017337
519	36.8750	36.9792	75	None	None	0	3	21.264921812880864
520	36.9792	37.0833	76	None	None	0	4	20.65559236681677
521	37.0833	74.2708	68	None	None	0	1	22.413713982810044
522	37.0833	74.2708	74	None	None	0	2	22.774372736107296
523	37.0833	74.2708	77	None	None	0	3	23.71463026769139
524	37.1875	37.2917	78	None	None	0	4	23.25228818800232
525	37.2917	37.3958	79	None	None	0	1	13.816719674883018
526	37.3958	37.5000	80	None	None	0	4	10.328134110787177
527	37.5000	75.1042	72	None	None	0	1	11.396064139941716
528	37.5000	75.1042	81	None	None	0	2	8.35102040816324
529	37.6042	37.7083	82	None	None	0	3	9.409329446064152
530	37.7083	37.8125	83	None	None	0	4	8.465694849368324
531	37.8125	37.9167	84	None	None	0	5	9.076627793974748
532	37.9167	75.9375	76	None	None	0	2	9.433479105928086
533	37.9167	75.9375	83	None	None	0	5	11.768270165208989
534	38.0208	38.1250	82	None	None	0	4	21.398250728863143
535	38.1250	38.2292	81	None	None	0	3	20.646064139941842
536	38.2292	38.3333	80	None	None	0	2	20.58833819242002
537	38.3333	76.7708	74	None	None	0	1	20.652096348743697
538	38.3333	76.7708	79	None	None	0	5	20.429713313897082
539	38.4375	38.5417	78	None	None	0	4	29.448639455782523
540	38.5417	38.6458	77	None	None	0	3	31.201170598109588
541	38.6458	38.7500	76	None	None	0	2	31.442764378478866
542	38.7500	77.6042	68	None	None	0	1	22.41371398281033
543	38.7500	77.6042	74	None	None	0	2	22.77437273610751
544	38.7500	77.6042	77	None	None	0	3	23.714630267691483
545	38.8542	38.9583	78	None	None	0	4	23.252288188002517
546	38.9583	39.0625	79	None	None	0	1	13.61817740083038
547	39.0625	39.1667	80	None	None	0	4	9.088615854504987
548	39.1667	78.4375	72	None	None	0	1	11.533697764820175
549	39.1667	78.4375	81	None	None	0	2	10.259769288049204
550	39.2708	39.3750	82	None	None	0	0	-1
551	39.3750	39.4792	83	None	None	0	0	-1
552	39.4792	39.5833	84	None	None	0	0	-1
553	39.5833	79.2708	76	None	None	0	0	-1
554	39.5833	79.2708	81	None	None	0	1	8.427186588921293
555	39.5833	79.2708	85	None	None	0	2	8.812026239067082
556	39.6875	39.7917	86	None	None	0	3	11.742055393585929
557	39.7917	39.8958	87	None	None	0	4	10.18292031098149
558	39.8958	40.0000	88	None	None	0	5	8.954907677356593
559	40.0000	80.1042	81	None	None	0	1	9.53697764820209
560	40.0000	80.1042	89	None	None	0	5	8.392079689018395
561	40.1042	40.2083	88	None	None	0	4	10.928411772872288
562	40.2083	40.3125	87	None	None	0	3	13.298674163542863
563	40.3125	40.4167	86	None	None	0	2	12.19226016937374
564	40.4167	80.9375	77	None	None	0	1	9.113542968207668
565	40.4167	80.9375	81	None	None	0	3	8.48769262807165
566	40.4167	80.9375	85	None	None	0	5	9.359766763848388
567	40.5208	40.6250	84	None	None	0	4	11.506365403304208
568	40.6250	40.7292	83	None	None	0	3	28.771671525753376
569	40.7292	40.8333	82	None	None	0	2	27.913654033042036
570	40.8333	81.7708	74	None	None	0	1	25.68770651117613
571	40.8333	81.7708	77	None	None	0	3	24.517638483965207
572	40.8333	81.7708	81	None	None	0	5	24.373323615160544
573	40.9375	41.0417	80	None	None	0	4	24.049951409135275
574	41.0417	41.1458	79	None	None	0	1	25.63449067938887
575	41.1458	41.2500	78	None	None	0	4	17.40499097598235
576	41.2500	82.6042	68	None	None	0	1	12.459412744689791
577	41.2500	82.6042	74	None	None	0	2	11.199062890462372
578	41.2500	82.6042	77	None	None	0	4	11.379723726225208
579	41.3542	41.4583	76	None	None	0	3	26.458440927391585
580	41.4583	41.5625	75	None	None	0	2	26.073601277245814
581	41.5625	41.6667	76	None	None	0	1	22.142114396779288
582	41.6667	83.4375	79	None	None	0	2	23.120345689296304
583	41.6667	83.4375	87	None	None	0	5	22.789795918367542
584	41.7708	41.8750	86	None	None	0	4	23.558843537415157
585	41.8750	41.9792	85	None	None	0	1	25.539018464528514
586	41.9792	42.0833	84	None	None	0	4	14.000242954324728
587	42.0833	84.2708	75	None	None	0	1	10.129494655004935
588	42.0833	84.2708	79	None	None	0	3	10.085762876579249
589	42.0833	84.2708	83	None	None	0	5	10.14348882410111
590	42.1875	42.2917	82	None	None	0	4	9.786103012633665
591	42.2917	42.3958	81	None	None	0	3	25.40680934711513
592	42.3958	42.5000	80	None	None	0	2	24.548791854403742
593	42.5000	85.1042	72	None	None	0	1	21.603942486084932
594	42.5000	85.1042	75	None	None	0	3	23.27195960016613
595	42.5000	85.1042	79	None	None	0	5	24.029612661390637
596	42.6042	42.7083	78	None	None	0	4	23.70624045536538
597	42.7083	42.8125	77	None	None	0	3	27.79101068998973
598	42.8125	42.9167	76	None	None	0	2	27.73595724003832
599	42.9167	85.9375	66	None	None	0	1	13.453447742733282
600	42.9167	85.9375	72	None	None	0	2	12.847859793267851
601	42.9167	85.9375	75	None	None	0	4	11.674633359837356
602	43.0208	43.1250	74	None	None	0	3	11.058889919604104
603	43.1250	43.2292	73	None	None	0	2	25.375799540595505
604	43.2292	43.3333	74	None	None	0	1	20.84081411785509
605	43.3333	86.7708	79	None	None	0	2	19.72745163000279
606	43.3333	86.7708	82	None	None	0	3	23.271959600166756
607	43.3333	86.7708	86	None	None	0	5	24.029612661391262
608	43.4375	43.5417	85	None	None	0	4	23.576891572955883
609	43.5417	43.6458	84	None	None	0	3	27.818874080244413
610	43.6458	43.7500	83	None	None	0	2	27.72616270998201
611	43.7500	87.6042	73	None	None	0	1	12.537178953213836
612	43.7500	87.6042	79	None	None	0	3	14.772348327085814
613	43.7500	87.6042	82	None	None	0	5	15.016474827407599
614	43.8542	43.9583	81	None	None	0	0	-1
615	43.9583	44.0625	80	None	None	0	0	-1
616	44.0625	44.1667	79	None	None	0	0	-1
617	44.1667	88.4375	69	None	None	0	0	-1
618	44.1667	88.4375	74	None	None	0	1	9.247376093294465
619	44.1667	88.4375	78	None	None	0	2	10.055705009276458
620	44.2708	44.3750	79	None	None	0	3	9.48913552433962
621	44.3750	44.4792	80	None	None	0	4	8.430291986924646
622	44.4792	44.5833	81	None	None	0	5	7.88473805106464
623	44.5833	89.2708	72	None	None	0	1	7.427740966516534
624	44.5833	89.2708	77	None	None	0	2	6.418605883912035
625	44.5833	89.2708	82	None	None	0	3	5.225921017757773
626	44.6875	44.7917	83	None	None	0	4	5.096572135347673
627	44.7917	44.8958	84	None	None	0	5	9.843656683452526
628	44.8958	45.0000	83	None	None	0	3	10.173297111052108
629	45.0000	90.1042	77	None	None	0	2	10.143510910857742
630	45.0000	90.1042	81	None	None	0	3	13.008983630557788
631	45.0000	90.1042	86	None	None	0	5	13.273560890033004
632	45.1042	45.2083	84	None	None	0	4	13.94596127875991
633	45.2083	45.3125	82	None	None	0	3	19.01566708315964
634	45.3125	45.4167	81	None	None	0	2	18.201381368873914
635	45.4167	90.9375	71	None	None	0	1	14.007503817853642
636	45.4167	90.9375	77	None	None	0	3	13.603956684714692
637	45.4167	90.9375	80	None	None	0	5	13.701075940580335
638	45.5208	45.6250	79	None	None	0	0	-1
639	45.6250	45.7292	78	None	None	0	0	-1
640	45.7292	45.8333	77	None	None	0	0	-1
641	45.8333	91.7708	67	None	None	0	0	-1
642	45.8333	91.7708	72	None	None	0	1	8.924975704567512
643	45.8333	91.7708	76	None	None	0	2	12.028973723069956
644	45.9375	46.0417	77	None	None	0	3	12.920130185655012
645	46.0417	46.1458	78	None	None	0	4	12.58286099226339
646	46.1458	46.2500	79	None	None	0	5	11.30941589994072
647	46.2500	92.6042	70	None	None	0	1	11.728998018502395
648	46.2500	92.6042	75	None	None	0	2	10.61563553065011
649	46.2500	92.6042	80	None	None	0	3	9.654331528529768
650	46.3542	46.4583	81	None	None	0	4	9.524982646119668
651	46.4583	46.5625	82	None	None	0	5	25.11379980563671
652	46.5625	46.6667	81	None	None	0	3	23.319409841858995
653	46.6667	93.4375	75	None	None	0	1	22.503447742733627
654	46.6667	93.4375	79	None	None	0	3	23.114477869069916
655	46.6667	93.4375	84	None	None	0	5	23.475265041081567
656	46.7708	46.8750	82	None	None	0	4	23.53031849103297
657	46.8750	46.9792	81	None	None	0	1	26.32059148334661
658	46.9792	47.0833	80	None	None	0	4	14.531484671790924
659	47.0833	94.2708	70	None	None	0	1	9.06744191182972
660	47.0833	94.2708	75	None	None	0	3	9.807701652089433
661	47.0833	94.2708	79	None	None	0	5	10.767395529640472
662	47.1875	47.2917	78	None	None	0	4	11.065986394557878
663	47.2917	47.3958	77	None	None	0	3	30.739594613355152
664	47.3958	47.5000	76	None	None	0	2	30.60315146466709
665	47.5000	95.1042	67	None	None	0	1	27.002325419963444
666	47.5000	95.1042	70	None	None	0	3	28.739143412466515
667	47.5000	95.1042	75	None	None	0	5	28.70478272941778
668	47.6042	47.7083	74	None	None	0	4	28.575433847007666
669	47.7083	47.8125	73	None	None	0	1	32.523538803276345
670	47.8125	47.9167	72	None	None	0	4	20.67076912397591
671	47.9167	95.9375	61	None	None	0	1	12.537178953213935
672	47.9167	95.9375	67	None	None	0	3	14.772348327085979
673	47.9167	95.9375	70	None	None	0	5	15.016474827407832
674	48.0208	48.1250	69	None	None	0	0	-1
675	48.1250	48.2292	68	None	None	0	0	-1
676	48.2292	48.3333	67	None	None	0	0	-1
677	48.3333	96.7708	57	None	None	0	0	-1
678	48.3333	96.7708	62	None	None	0	1	12.786828404831372
679	48.3333	96.7708	66	None	None	0	2	12.969627238650622
680	48.4375	48.5417	67	None	None	0	3	13.075458142440707
681	48.5417	48.6458	68	None	None	0	4	16.758888657503793
682	48.6458	48.7500	69	None	None	0	5	15.65356795779531
683	48.7500	97.6042	61	None	None	0	1	12.537178953213832
684	48.7500	97.6042	67	None	None	0	3	14.772348327085826
685	48.7500	97.6042	70	None	None	0	5	15.016474827407613
686	48.8542	48.9583	69	None	None	0	0	-1
687	48.9583	49.0625	68	None	None	0	0	-1
688	49.0625	49.1667	67	None	None	0	0	-1
689	49.1667	98.4375	57	None	None	0	0	-1
690	49.1667	98.4375	62	None	None	0	1	12.786828404831395
691	49.1667	98.4375	66	None	None	0	2	12.969627238650636
692	49.2708	49.3750	67	None	None	0	3	13.075458142440725
693	49.3750	49.4792	68	None	None	0	4	16.758888657503938
694	49.4792	49.5833	69	None	None	0	5	15.653567957795518
695	49.5833	99.2708	61	None	None	0	1	12.537178953214053
696	49.5833	99.2708	67	None	None	0	3	14.772348327086034
697	49.5833	99.2708	70	None	None	0	5	15.016474827407865
698	49.6875	49.7917	69	None	None	0	0	-1
699	49.7917	49.8958	68	None	None	0	0	-1
700	49.8958	50.0000	67	None	None	0	0	-1
701	50.0000	100.1042	57	None	None	0	0	-1
702	50.0000	100.1042	62	None	None	0	1	9.819825072886232
703	50.0000	100.1042	66	None	None	0	2	10.20466472303198
704	50.1042	50.2083	67	None	None	0	3	14.4466472303207
705	50.2083	50.3125	68	None	None	0	4	13.179640427599603
706	50.3125	50.4167	69	None	None	0	5	12.016531306400077
707	50.4167	100.9375	63	None	None	0	1	11.786977648202189
708	50.4167	100.9375	72	None	None	0	5	14.214725556270812
709	50.5208	50.6250	71	None	None	0	0	-1
710	50.6250	50.7292	70	None	None	0	0	-1
711	50.7292	50.8333	69	None	None	0	0	-1
712	50.8333	101.7708	59	None	None	0	0	-1
713	50.8333	101.7708	64	None	None	0	1	10.222376093294525
714	50.8333	101.7708	68	None	None	0	2	10.405174927113764
715	50.9375	51.0417	69	None	None	0	3	10.51100583090386
716	51.0417	51.1458	70	None	None	0	4	14.194436345966938
717	51.1458	51.2500	71	None	None	0	5	13.089115646258463
718	51.2500	102.6042	63	None	None	0	1	9.972726641676969
719	51.2500	102.6042	69	None	None	0	3	15.247949636494589
720	51.2500	102.6042	72	None	None	0	5	14.264039482571254
721	51.3542	51.4583	71	None	None	0	4	14.979385183063453
722	51.4583	51.5625	70	None	None	0	0	-1
723	51.5625	51.6667	69	None	None	0	0	-1
724	51.6667	103.5417	59	None	None	0	0	-1
725	51.6667	103.5417	64	None	None	0	0	-1
726	51.6667	103.5417	68	None	None	0	1	16.641524028966487
727	52.0833	104.2708	80	None	None	0	1	5.651163829587157
728	52.0833	104.2708	83	None	None	0	2	5.9473886328725
729	52.0833	104.2708	88	None	None	0	4	6.50704567541302
730	52.1875	52.2917	89	None	None	0	5	6.445578231292514
731	52.2917	52.3958	86	None	None	0	4	7.171768707483003
732	52.3958	52.5000	88	None	None	0	5	6.6762876579203
733	52.5000	105.1042	76	None	None	0	1	5.8269193391642045
734	52.5000	105.1042	81	None	None	0	2	5.901992225461598
735	52.5000	105.1042	84	None	None	0	4	5.72317784256558
736	52.6042	52.7083	86	None	None	0	5	5.661710398445077
737	52.7083	52.8125	83	None	None	0	4	6.387900874635548
738	52.8125	52.9167	84	None	None	0	5	5.892419825072857
739	52.9167	105.9375	72	None	None	0	1	5.043051506316826
740	52.9167	105.9375	76	None	None	0	2	5.538532555879518
741	52.9167	105.9375	81	None	None	0	4	5.7231778425656
742	53.0208	53.1250	83	None	None	0	5	5.6617103984450825
743	53.1250	53.2292	79	None	None	0	4	6.081098153547129
744	53.2292	53.3333	81	None	None	0	5	6.6396501457726265
745	53.3333	106.7708	69	None	None	0	1	7.551360544217728
746	53.3333	106.7708	72	None	None	0	2	9.5174441205054
747	53.3333	106.7708	77	None	None	0	3	8.100534499514133
748	53.4375	53.5417	79	None	None	0	4	8.100534499514133
749	53.5417	53.6458	76	None	None	0	1	8.322157434402364
750	53.6458	53.7500	77	None	None	0	2	6.9944606413994235
751	53.7500	107.6042	77	None	None	0	1	5.043051506316774
752	53.7500	107.6042	81	None	None	0	2	5.538532555879455
753	53.7500	107.6042	86	None	None	0	4	5.72317784256556
754	53.8542	53.9583	88	None	None	0	5	5.661710398445057
755	53.9583	54.0625	84	None	None	0	4	6.387900874635538
756	54.0625	54.1667	86	None	None	0	5	5.8924198250728566
757	54.1667	108.4375	74	None	None	0	1	5.505393586005843
758	54.1667	108.4375	77	None	None	0	2	7.597691933916472
759	54.1667	108.4375	83	None	None	0	4	7.782337220602565
760	54.2708	54.3750	84	None	None	0	5	7.720869776482058
761	54.3750	54.4792	81	None	None	0	4	9.68904275996119
762	54.4792	54.5833	83	None	None	0	5	9.79968415937812
763	54.5833	109.2708	71	None	None	0	1	8.950315840622038
764	54.5833	109.2708	74	None	None	0	2	9.445796890184702
765	54.5833	109.2708	80	None	None	0	4	8.056098153547177
766	54.6875	54.7917	81	None	None	0	5	8.056098153547175
767	54.7917	54.8958	77	None	None	0	4	9.306754130223595
768	54.8958	55.0000	79	None	None	0	5	11.25928085519925
769	55.0000	110.1042	68	None	None	0	1	9.798639455782281
770	55.0000	110.1042	71	None	None	0	2	11.150583090378927
771	55.0000	110.1042	76	None	None	0	3	9.733673469387648
772	55.1042	55.2083	77	None	None	0	4	9.733673469387648
773	55.2083	55.3125	75	None	None	0	1	9.12789115646256
774	55.3125	55.4167	76	None	None	0	2	7.078620019436289
775	55.4167	110.9375	76	None	None	0	1	5.826919339164228
776	55.4167	110.9375	81	None	None	0	2	5.901992225461638
777	55.4167	110.9375	84	None	None	0	4	5.723177842565627
778	55.5208	55.6250	86	None	None	0	5	5.661710398445121
779	55.6250	55.7292	83	None	None	0	4	6.3879008746355845
780	55.7292	55.8333	84	None	None	0	5	5.892419825072913
781	55.8333	111.7708	72	None	None	0	1	5.04305150631683
782	55.8333	111.7708	76	None	None	0	2	5.5385325558795016
783	55.8333	111.7708	81	None	None	0	4	5.7231778425655895
784	55.9375	56.0417	83	None	None	0	5	5.661710398445073
785	56.0417	56.1458	79	None	None	0	4	6.3879008746355606
786	56.1458	56.2500	81	None	None	0	5	5.892419825072878
787	56.2500	112.6042	69	None	None	0	1	5.043051506316773
788	56.2500	112.6042	72	None	None	0	2	5.538532555879473
789	56.2500	112.6042	77	None	None	0	4	5.72317784256558
790	56.3542	56.4583	79	None	None	0	5	5.661710398445075
791	56.4583	56.5625	76	None	None	0	4	6.387900874635547
792	56.5625	56.6667	77	None	None	0	5	5.8924198250728566
793	56.6667	113.4375	65	None	None	0	1	5.043051506316825
794	56.6667	113.4375	69	None	None	0	2	5.538532555879509
795	56.6667	113.4375	74	None	None	0	4	5.723177842565608
796	56.7708	56.8750	76	None	None	0	5	5.6617103984451
797	56.8750	56.9792	72	None	None	0	4	6.387900874635575
798	56.9792	57.0833	74	None	None	0	5	5.8924198250729125
799	57.0833	114.2708	62	None	None	0	1	5.505393586005846
800	57.0833	114.2708	65	None	None	0	2	5.757677356656968
801	57.0833	114.2708	71	None	None	0	4	5.368243661100822
802	57.1875	57.2917	72	None	None	0	5	6.108525488117354
803	57.2917	57.3958	69	None	None	0	4	5.549973495891903
804	57.3958	57.5000	71	None	None	0	5	7.465847563515266
805	57.5000	115.1042	59	None	None	0	1	10.849708454810578
806	57.5000	115.1042	62	None	None	0	2	12.870803831736804
807	57.5000	115.1042	68	None	None	0	4	11.93061918645011
808	57.6042	57.7083	65	None	None	0	3	12.586595862834958
809	57.7083	57.8125	63	None	None	0	2	13.005108982368498
810	57.8125	57.9167	64	None	None	0	1	10.286894349576569
811	57.9167	58.0208	65	None	None	0	2	11.496241149521037
812	58.0208	58.1250	66	None	None	0	3	20.448354852144764
813	58.1250	58.2292	67	None	None	0	4	23.01725669859766
814	58.2292	58.3333	68	None	None	0	5	21.28828960155481
815	58.3333	116.7708	60	None	None	0	1	19.76985978064684
816	58.3333	116.7708	64	None	None	0	2	22.25342565597656
817	58.3333	116.7708	69	None	None	0	3	23.145094846844017
818	58.4375	58.5417	70	None	None	0	0	-1
819	58.5417	58.6458	71	None	None	0	0	-1
820	58.6458	58.7500	72	None	None	0	0	-1
821	58.7500	117.6042	64	None	None	0	0	-1
822	58.7500	117.6042	69	None	None	0	1	10.437251839511266
823	58.7500	117.6042	73	None	None	0	2	12.079348882410036
824	58.8542	58.9583	74	None	None	0	3	21.65682701652091
825	58.9583	59.0625	75	None	None	0	4	21.53885281385277
826	59.0625	59.1667	76	None	None	0	5	20.141403834260913
827	59.1667	118.4375	69	None	None	0	1	18.58455252230763
828	59.1667	118.4375	74	None	None	0	2	18.700538916865522
829	59.1667	118.4375	77	None	None	0	3	19.246092852725564
830	59.2708	59.3750	78	None	None	0	4	27.54344465058738
831	59.3750	59.4792	79	None	None	0	1	21.421870306563978
832	59.4792	59.5833	80	None	None	0	3	18.471963070942532
833	59.5833	119.2708	74	None	None	0	1	18.457906427877145
834	59.5833	119.2708	77	None	None	0	2	20.94147230320686
835	59.5833	119.2708	81	None	None	0	3	23.145094846844017
836	59.6875	59.7917	82	None	None	0	0	-1
837	59.7917	59.8958	83	None	None	0	0	-1
838	59.8958	60.0000	84	None	None	0	0	-1
839	60.0000	120.1042	76	None	None	0	0	-1
840	60.0000	120.1042	81	None	None	0	1	7.123979591836709
841	60.0000	120.1042	85	None	None	0	2	7.306778425655956
842	60.1042	60.2083	86	None	None	0	3	7.41260932944605
843	60.2083	60.3125	87	None	None	0	4	11.096039844509253
844	60.3125	60.4167	88	None	None	0	5	9.990719144800785
845	60.4167	120.9375	81	None	None	0	2	10.167333055671268
846	60.4167	120.9375	84	None	None	0	3	10.551200888518727
847	60.4167	120.9375	89	None	None	0	5	10.256011384145552
848	60.5208	60.6250	88	None	None	0	4	10.928411772872478
849	60.6250	60.7292	87	None	None	0	3	14.61062751631275
850	60.7292	60.8333	86	None	None	0	2	13.504213522143669
851	60.8333	121.7708	76	None	None	0	1	8.823941413300087
852	60.8333	121.7708	81	None	None	0	3	9.436186311259247
853	60.8333	121.7708	85	None	None	0	5	9.454130223518025
854	60.9375	61.0417	84	None	None	0	4	8.562973760932987
855	61.0417	61.1458	83	None	None	0	3	11.746647230320674
856	61.1458	61.2500	82	None	None	0	2	10.932361516034941
857	61.2500	122.6042	72	None	None	0	1	6.580112453144412
858	61.2500	122.6042	76	None	None	0	3	6.96201235596273
859	61.2500	122.6042	81	None	None	0	5	7.226589615437938
860	61.3542	61.4583	80	None	None	0	4	6.773868527002575
861	61.4583	61.5625	83	None	None	0	5	21.906157156740342
862	61.5625	61.6667	81	None	None	0	4	22.078266000277765
863	61.6667	123.4375	71	None	None	0	1	20.826565320005695
864	61.6667	123.4375	76	None	None	0	3	21.438810217964896
865	61.6667	123.4375	80	None	None	0	5	21.456754130223693
866	61.7708	61.8750	79	None	None	0	4	20.565597667638656
867	61.8750	61.9792	78	None	None	0	1	20.175510204081423
868	61.9792	62.0833	77	None	None	0	4	8.030612244898022
869	62.0833	124.2708	68	None	None	0	1	4.2087198515770226
870	62.0833	124.2708	71	None	None	0	2	6.604130223518002
871	62.0833	124.2708	76	None	None	0	4	7.148250728863001
872	62.1875	62.2917	75	None	None	0	3	8.101603498542316
873	62.2917	62.3958	77	None	None	0	5	13.182916840205454
874	62.3958	62.5000	76	None	None	0	4	13.041031514646647
875	62.5000	125.1042	69	None	None	0	2	12.028397889768085
876	62.5000	125.1042	72	None	None	0	3	11.67198389559898
877	62.5000	125.1042	75	None	None	0	5	10.356219630709301
878	62.6042	62.7083	74	None	None	0	4	9.554470359572282
879	62.7083	62.8125	73	None	None	0	3	9.152137998056247
880	62.8125	62.9167	72	None	None	0	2	8.767298347910476
881	62.9167	125.9375	64	None	None	0	1	5.032604470359548
882	62.9167	125.9375	69	None	None	0	2	4.023469387755108
883	62.9167	125.9375	71	None	None	0	3	4.0234693877551
884	63.0208	63.1250	72	None	None	0	4	4.0234693877551
885	63.1250	63.2292	74	None	None	0	5	5.535868893011742
886	63.2292	63.3333	72	None	None	0	4	5.350251789027316
887	63.3333	126.7708	64	None	None	0	1	5.282224578142964
888	63.3333	126.7708	68	None	None	0	3	4.921039844509227
889	63.3333	126.7708	71	None	None	0	4	5.102769679300289
890	63.4375	63.5417	72	None	None	0	5	5.102769679300289
891	63.5417	63.6458	71	None	None	0	4	5.765549076773549
892	63.6458	63.7500	72	None	None	0	5	5.843586005830868
893	63.7500	127.6042	63	None	None	0	1	4.530539358600532
894	63.7500	127.6042	69	None	None	0	2	4.078377065111706
895	63.7500	127.6042	71	None	None	0	3	5.29290573372207
896	63.8542	63.9583	72	None	None	0	4	5.859475218658899
897	63.9583	64.0625	71	None	None	0	3	10.355102040816217
898	64.0625	64.1667	72	None	None	0	4	10.141655623288155
899	64.1667	128.4375	64	None	None	0	1	10.578348667852907
900	64.1667	128.4375	68	None	None	0	2	11.09253720040886
901	64.1667	128.4375	71	None	None	0	3	11.002449736852014
902	64.2708	64.3750	76	None	None	0	5	12.007207224262533
903	64.3750	64.4792	75	None	None	0	4	12.410754357401524
904	64.4792	64.5833	74	None	None	0	3	11.410171267022529
905	64.5833	129.2708	62	None	None	0	1	7.132231519695184
906	64.5833	129.2708	68	None	None	0	3	8.932759708707309
907	64.5833	129.2708	73	None	None	0	5	10.53106944076346
908	64.6875	64.7917	72	None	None	0	4	19.151793444650544
909	64.7917	64.8958	68	None	None	0	3	21.590913508260456
910	64.8958	65.0000	66	None	None	0	2	21.498202137998067
911	65.0000	130.1042	60	None	None	0	1	19.769859780646865
912	65.0000	130.1042	64	None	None	0	2	22.253425655976546
913	65.0000	130.1042	69	None	None	0	3	23.145094846843953
914	65.1042	65.2083	70	None	None	0	0	-1
915	65.2083	65.3125	71	None	None	0	0	-1
916	65.3125	65.4167	72	None	None	0	0	-1
917	65.4167	130.9375	64	None	None	0	0	-1
918	65.4167	130.9375	69	None	None	0	1	10.437251839511319
919	65.4167	130.9375	73	None	None	0	2	12.079348882410049
920	65.5208	65.6250	74	None	None	0	3	21.656827016520626
921	65.6250	65.7292	75	None	None	0	4	21.53885281385244
922	65.7292	65.8333	76	None	None	0	5	20.141403834260636
923	65.8333	131.7708	69	None	None	0	1	18.584552522307384
924	65.8333	131.7708	74	None	None	0	2	18.70053891686522
925	65.8333	131.7708	77	None	None	0	3	19.246092852725265
926	65.9375	66.0417	78	None	None	0	4	27.543444650587066
927	66.0417	66.1458	79	None	None	0	1	21.42187030656399
928	66.1458	66.2500	80	None	None	0	3	18.471963070942532
929	66.2500	132.6042	74	None	None	0	1	18.457906427877123
930	66.2500	132.6042	77	None	None	0	2	20.941472303206805
931	66.2500	132.6042	81	None	None	0	3	23.145094846843953
932	66.3542	66.4583	82	None	None	0	0	-1
933	66.4583	66.5625	83	None	None	0	0	-1
934	66.5625	66.6667	84	None	None	0	0	-1
935	66.6667	133.4375	76	None	None	0	0	-1
936	66.6667	133.4375	81	None	None	0	1	7.123979591836705
937	66.6667	133.4375	85	None	None	0	2	7.3067784256559465
938	66.7708	66.8750	86	None	None	0	3	7.41260932944604
939	66.8750	66.9792	87	None	None	0	4	11.096039844509374
940	66.9792	67.0833	88	None	None	0	5	9.990719144800966
941	67.0833	134.2708	81	None	None	0	2	10.167333055671456
942	67.0833	134.2708	84	None	None	0	3	10.551200888518872
943	67.0833	134.2708	89	None	None	0	5	10.256011384145696
944	67.1875	67.2917	88	None	None	0	4	10.928411772872648
945	67.2917	67.3958	87	None	None	0	3	14.610627516312793
946	67.3958	67.5000	86	None	None	0	2	13.50421352214371
947	67.5000	135.1042	76	None	None	0	1	8.82394141329992
948	67.5000	135.1042	81	None	None	0	3	9.436186311259068
949	67.5000	135.1042	85	None	None	0	5	9.454130223517845
950	67.6042	67.7083	84	None	None	0	4	8.56297376093284
951	67.7083	67.8125	83	None	None	0	3	9.122740524781225
952	67.8125	67.9167	82	None	None	0	2	8.01632653061207
953	67.9167	135.9375	72	None	None	0	1	3.5991739552963375
954	67.9167	135.9375	76	None	None	0	2	4.996622934888247
955	67.9167	135.9375	81	None	None	0	4	5.964232706069397
956	68.0208	68.1250	80	None	None	0	3	17.523853697322785
957	68.1250	68.2292	83	None	None	0	5	19.904178814382632
958	68.2292	68.3333	81	None	None	0	4	20.191739552963814
959	68.3333	136.7708	74	None	None	0	1	19.62128279883361
960	68.3333	136.7708	77	None	None	0	2	21.642378175759863
961	68.3333	136.7708	82	None	None	0	3	22.59619003445519
962	68.4375	68.5417	83	None	None	0	4	31.216914038342274
963	68.5417	68.6458	84	None	None	0	1	28.645874193833386
964	68.6458	68.7500	85	None	None	0	4	24.698882410106883
965	68.7500	137.6042	77	None	None	0	1	25.896161321671475
966	68.7500	137.6042	82	None	None	0	2	25.67006802721078
967	68.7500	137.6042	86	None	None	0	3	27.956032208801755
968	68.8542	68.9583	87	None	None	0	0	-1
969	68.9583	69.0625	88	None	None	0	0	-1
970	69.0625	69.1667	89	None	None	0	0	-1
971	69.1667	138.4375	80	None	None	0	0	-1
972	69.1667	138.4375	87	None	None	0	1	13.022559728900736
973	69.1667	138.4375	88	None	None	0	2	23.886929057336832
974	69.2708	69.3750	89	None	None	0	3	23.64203109815318
975	69.3750	69.4792	90	None	None	0	4	22.375024295432038
976	69.4792	69.5833	91	None	None	0	5	22.02626336248751
977	69.5833	139.2708	87	None	None	0	1	8.861783284742447
978	69.5833	139.2708	92	None	None	0	2	8.419217687074811
979	69.6875	69.7917	93	None	None	0	3	8.525048590864904
980	69.7917	69.8958	94	None	None	0	4	11.552502429543146
981	69.8958	70.0000	95	None	None	0	5	10.155053449951337
982	70.0000	140.1042	84	None	None	0	1	10.617638483964924
983	70.0000	140.1042	89	None	None	0	3	10.67011661807568
984	70.0000	140.1042	93	None	None	0	5	10.727842565597555
985	70.1042	70.2083	92	None	None	0	4	11.026433430514956
986	70.2083	70.3125	91	None	None	0	3	10.546112730806499
987	70.3125	70.4167	90	None	None	0	2	10.809426627793815
988	70.4167	140.9375	81	None	None	0	1	8.058732472580777
989	70.4167	140.9375	84	None	None	0	2	9.294495349160046
990	70.4167	140.9375	89	None	None	0	4	9.076808274330116
991	70.5208	70.6250	88	None	None	0	3	9.838615854505026
992	70.6250	70.7292	87	None	None	0	2	13.318790781618883
993	70.7292	70.8333	86	None	None	0	1	11.46106483409705
994	70.8333	141.7708	88	None	None	0	2	10.695661529918299
995	70.8333	141.7708	93	None	None	0	3	9.436186311259426
996	70.8333	141.7708	97	None	None	0	5	10.308260447036162
997	70.9375	71.0417	96	None	None	0	4	11.767444120505557
998	71.0417	71.1458	95	None	None	0	0	-1
999	71.1458	71.2500	94	None	None	0	0	-1
1000	71.2500	142.6042	84	None	None	0	0	-1
1001	71.2500	142.6042	88	None	None	0	0	-1
1002	71.2500	142.6042	93	None	None	0	0	-1
1003	71.3542	71.4583	92	None	None	0	0	-1
1004	71.4583	71.5625	91	None	None	0	0	-1
1005	71.5625	71.6667	90	None	None	0	5	36.26171039844433
1006	71.6667	143.4375	70	None	None	0	1	10.32479017581041
1007	71.6667	143.4375	74	None	None	0	3	10.612448096121478
1008	71.6667	143.4375	77	None	None	0	5	10.756762964926132
1009	71.7708	71.8750	76	None	None	0	4	11.069688134994157
1010	71.8750	71.9792	75	None	None	0	3	12.286403392525779
1011	71.9792	72.0833	74	None	None	0	2	11.472117678240098
1012	72.0833	144.2708	65	None	None	0	1	7.975519038784434
1013	72.0833	144.2708	70	None	None	0	2	7.749425744323799
1014	72.0833	144.2708	73	None	None	0	3	9.173372206025403
1015	72.1875	72.2917	74	None	None	0	4	8.684548104956388
1016	72.2917	72.3958	77	None	None	0	5	9.612633624878637
1017	72.3958	72.5000	74	None	None	0	4	8.77916777100464
1018	72.5000	145.1042	64	None	None	0	1	7.522122095591521
1019	72.5000	145.1042	69	None	None	0	2	7.4764223871366
1020	72.5000	145.1042	71	None	None	0	3	11.662306740878172
1021	72.6042	72.7083	72	None	None	0	4	11.677855817651743
1022	72.7083	72.8125	76	None	None	0	5	14.013132785581718
1023	72.8125	72.9167	72	None	None	0	4	13.585533174308576
1024	72.9167	145.9375	62	None	None	0	1	13.792634382138802
1025	72.9167	145.9375	68	None	None	0	2	14.153293135435995
1026	72.9167	145.9375	70	None	None	0	3	15.637414965986302
1027	73.0208	73.1250	71	None	None	0	4	14.501360544217633
1028	73.1250	73.2292	76	None	None	0	5	12.366034985422587
1029	73.2292	73.3333	71	None	None	0	4	10.479286408440844
1030	73.3333	146.7708	60	None	None	0	1	11.979761904761917
1031	73.3333	146.7708	69	None	None	0	2	10.705833427991
1032	73.4375	73.5417	70	None	None	0	0	-1
1033	73.5417	73.6458	71	None	None	0	0	-1
1034	73.6458	73.7500	72	None	None	0	0	-1
1035	73.7500	147.6042	62	None	None	0	0	-1
1036	73.7500	147.6042	69	None	None	0	1	10.437251839511216
1037	73.7500	147.6042	73	None	None	0	2	12.079348882410024
1038	73.8542	73.9583	74	None	None	0	3	21.656827016521195
1039	73.9583	74.0625	75	None	None	0	4	21.5388528138531
1040	74.0625	74.1667	76	None	None	0	5	21.46910062726409
1041	74.1667	148.4375	69	None	None	0	1	19.62264776040311
1042	74.1667	148.4375	74	None	None	0	2	20.200594449282896
1043	74.1667	148.4375	77	None	None	0	3	21.88574299849842
1044	74.2708	74.3750	78	None	None	0	4	30.183094796360237
1045	74.3750	74.4792	79	None	None	0	1	26.685427157875996
1046	74.4792	74.5833	80	None	None	0	3	23.443391642371168
1047	74.5833	149.2708	74	None	None	0	1	23.757288629737587
1048	74.5833	149.2708	76	None	None	0	2	24.45068721366094
1049	74.5833	149.2708	81	None	None	0	3	24.823882410106954
1050	74.6875	74.7917	82	None	None	0	4	33.12123420796875
1051	74.7917	74.8958	83	None	None	0	1	28.31161321671531
1052	74.8958	75.0000	84	None	None	0	5	22.82862001943629
1053	75.0000	150.1042	72	None	None	0	1	21.69405803137568
1054	75.0000	150.1042	76	None	None	0	2	25.008527696792797
1055	75.0000	150.1042	81	None	None	0	3	25.900196887660208
1056	75.1042	75.2083	82	None	None	0	0	-1
1057	75.2083	75.3125	83	None	None	0	0	-1
1058	75.3125	75.4167	84	None	None	0	0	-1
1059	75.4167	150.9375	74	None	None	0	0	-1
1060	75.4167	150.9375	81	None	None	0	1	10.437251839511319
1061	75.4167	150.9375	85	None	None	0	2	12.079348882410049
1062	75.5208	75.6250	86	None	None	0	3	21.656827016520626
1063	75.6250	75.7292	87	None	None	0	4	21.53885281385244
1064	75.7292	75.8333	88	None	None	0	5	21.46910062726363
1065	75.8333	151.7708	81	None	None	0	1	19.62264776040269
1066	75.8333	151.7708	86	None	None	0	2	20.200594449282328
1067	75.8333	151.7708	89	None	None	0	3	21.885742998498
1068	75.9375	76.0417	90	None	None	0	4	30.1830947963598
1069	76.0417	76.1458	91	None	None	0	1	26.685427157876017
1070	76.1458	76.2500	92	None	None	0	3	23.44339164237119
1071	76.2500	152.6042	86	None	None	0	1	23.757288629737545
1072	76.2500	152.6042	88	None	None	0	2	23.3339650145771
1073	76.2500	152.6042	93	None	None	0	3	22.27653061224468
1074	76.3542	76.4583	94	None	None	0	4	23.41234207968873
1075	76.4583	76.5625	95	None	None	0	1	18.072691933916243
1076	76.5625	76.6667	96	None	None	0	5	12.0202137998054
1077	76.6667	153.4375	84	None	None	0	2	11.547035957239844
1078	76.6667	153.4375	88	None	None	0	3	11.129154518950283
1079	76.6667	153.4375	93	None	None	0	5	11.393731778425483
1080	76.7708	76.8750	92	None	None	0	4	10.94101068999013
1081	76.8750	76.9792	91	None	None	0	3	13.87103984450922
1082	76.9792	77.0833	90	None	None	0	2	12.764625850340158
1083	77.0833	154.2708	81	None	None	0	1	8.347473275024441
1084	77.0833	154.2708	86	None	None	0	3	9.055928085520048
1085	77.0833	154.2708	89	None	None	0	5	8.392079689018598
1086	77.1875	77.2917	88	None	None	0	4	10.928411772872648
1087	77.2917	77.3958	87	None	None	0	3	11.531910315146694
1088	77.3958	77.5000	86	None	None	0	2	11.479529362765735
1089	77.5000	155.1042	77	None	None	0	1	8.741920033319465
1090	77.5000	155.1042	81	None	None	0	2	12.525072886297533
1091	77.5000	155.1042	85	None	None	0	4	13.356219630709619
1092	77.6042	77.7083	84	None	None	0	3	13.462050534499703
1093	77.7083	77.8125	83	None	None	0	0	-1
1094	77.8125	77.9167	82	None	None	0	0	-1
1095	77.9167	155.9375	86	None	None	0	0	-1
1096	77.9167	155.9375	89	None	None	0	0	-1
1097	77.9167	155.9375	93	None	None	0	0	-1
1098	78.0208	78.1250	92	None	None	0	0	-1
1099	78.1250	78.2292	91	None	None	0	0	-1
1100	78.2292	78.3333	90	None	None	0	5	16.805442176870674
1101	78.3333	156.7708	69	None	None	0	1	8.347473275024441
1102	78.3333	156.7708	74	None	None	0	3	9.055928085520048
1103	78.3333	156.7708	77	None	None	0	5	8.392079689018598
1104	78.4375	78.5417	76	None	None	0	4	10.928411772872648
1105	78.5417	78.6458	75	None	None	0	3	13.29867416354314
1106	78.6458	78.7500	74	None	None	0	2	12.192260169374057
1107	78.7500	157.6042	65	None	None	0	1	9.113542968207677
1108	78.7500	157.6042	69	None	None	0	3	8.487692628071509
1109	78.7500	157.6042	73	None	None	0	5	9.359766763848306
1110	78.8542	78.9583	72	None	None	0	4	11.506365403304041
1111	78.9583	79.0625	71	None	None	0	3	15.748347910592571
1112	79.0625	79.1667	70	None	None	0	2	14.934062196306794
1113	79.1667	158.4375	62	None	None	0	1	12.708114674440965
1114	79.1667	158.4375	65	None	None	0	3	11.538046647230134
1115	79.1667	158.4375	69	None	None	0	5	11.39373177842548
1116	79.2708	79.3750	68	None	None	0	4	10.941010689990126
1117	79.3750	79.4792	67	None	None	0	3	15.182993197278952
1118	79.4792	79.5833	66	None	None	0	2	14.368707482993287
1119	79.5833	159.2708	57	None	None	0	1	14.368707482993287
1120	79.5833	159.2708	62	None	None	0	3	14.368707482993287
1121	79.5833	159.2708	65	None	None	0	5	14.368707482993287
1122	79.6875	79.7917	64	None	None	0	4	14.368707482993287
1123	79.7917	79.8958	63	None	None	0	3	14.368707482993287
1124	79.8958	80.0000	62	None	None	0	2	14.368707482993287
1125	80.0000	161.6667	52	None	None	0	1	14.368707482993287
1126	80.0000	161.6667	57	None	None	0	3	14.368707482993287
1127	80.0000	161.6667	61	None	None	0	0	14.368707482993287
