0	0.0000	0.1667	54	None	None	0	1	9.237303286925464
1	0.1667	0.3333	57	None	None	0	2	9.693330075489914
2	0.3333	0.5000	62	None	None	0	3	8.205505422758076
3	0.5000	0.6667	66	None	None	0	5	8.21924372621673
4	0.6667	0.8333	64	None	None	0	4	8.939481825956316
5	0.8333	1.0000	62	None	None	0	3	9.86935534944845
6	1.0000	1.1667	61	None	None	0	2	9.172257127164695
7	1.1667	1.3333	59	None	None	0	1	9.049042840680324
8	1.3333	1.5000	57	None	None	0	2	9.03163221826961
9	1.5000	1.6667	55	None	None	0	1	9.054873551378591
10	1.6667	1.8333	61	None	None	0	2	9.297091496671504
11	1.8333	2.0000	64	None	None	0	3	9.37075221505878
12	2.0000	2.1667	67	None	None	0	4	8.743174613406255
13	2.1667	2.3333	66	None	None	0	3	9.105145811328201
14	2.3333	2.5000	64	None	None	0	2	9.26801784016097
15	2.5000	2.6667	62	None	None	0	1	9.040339253498017
16	2.6667	2.8333	61	None	None	0	3	4.0946614628472755
17	2.8333	3.0000	59	None	None	0	2	4.845331114401406
18	3.0000	3.1667	57	None	None	0	1	7.9581658788391945
19	3.1667	3.3333	62	None	None	0	2	7.271112303116533
20	3.3333	3.5000	66	None	None	0	4	7.141387603185824
21	3.5000	3.6667	69	None	None	0	5	7.349069887249833
22	3.6667	3.8333	67	None	None	0	4	7.930171081357906
23	3.8333	4.0000	66	None	None	0	3	7.570052045299502
24	4.0000	4.1667	64	None	None	0	2	7.664471682971093
25	4.1667	4.3333	62	None	None	0	1	7.591480611086319
26	4.3333	4.5000	61	None	None	0	2	3.9764137006524356
27	4.5000	4.6667	59	None	None	0	1	8.420163636442059
28	4.6667	4.8333	62	None	None	0	2	10.790029694130393
29	4.8333	5.0000	67	None	None	0	3	10.399032676777805
30	5.0000	5.1667	71	None	None	0	5	10.399032660894708
31	5.1667	5.3333	69	None	None	0	4	14.354203816490186
32	5.3333	5.5000	67	None	None	0	3	14.28351929801456
33	5.5000	5.6667	66	None	None	0	2	13.700260360022101
34	5.6667	5.8333	64	None	None	0	1	13.577046073537723
35	5.8333	6.0000	62	None	None	0	3	12.03686761301875
36	6.0000	6.1667	61	None	None	0	1	9.914732176749457
37	6.1667	6.3333	64	None	None	0	2	11.204494770637508
38	6.3333	6.5000	67	None	None	0	1	9.74950965555427
39	6.5000	6.6667	73	None	None	0	4	8.949472432289996
40	6.6667	6.8333	71	None	None	0	3	9.716957556057666
41	6.8333	7.0000	69	None	None	0	2	10.616027508506276
42	7.0000	7.1667	67	None	None	0	1	9.845938214337751
43	7.1667	7.3333	66	None	None	0	3	5.0254836387553725
44	7.3333	7.5000	64	None	None	0	2	5.776153290309502
45	7.5000	7.6667	62	None	None	0	1	8.888988054747257
46	7.6667	7.8333	67	None	None	0	2	8.817931509585879
47	7.8333	8.0000	71	None	None	0	3	8.165699375710322
48	8.0000	8.1667	74	None	None	0	5	8.147284181485992
49	8.1667	8.3333	73	None	None	0	4	7.708389079482293
50	8.3333	8.5000	71	None	None	0	3	7.8906807509294685
51	8.5000	8.6667	69	None	None	0	2	8.288448596746981
52	8.6667	8.8333	67	None	None	0	1	7.537778949198154
53	8.8333	9.0000	66	None	None	0	2	4.424944184760401
54	9.0000	9.1667	64	None	None	0	1	8.86869412055
55	9.1667	9.3333	67	None	None	0	2	11.238560178238327
56	9.3333	9.5000	73	None	None	0	4	10.072079541698624
57	9.5000	9.6667	76	None	None	0	5	10.339099622639962
58	9.6667	9.8333	74	None	None	0	4	14.141469976207448
59	9.8333	10.0000	73	None	None	0	3	13.64221403451754
60	10.0000	10.1667	71	None	None	0	2	13.736633672189134
61	10.1667	10.3333	69	None	None	0	1	13.663642600304359
62	10.3333	10.5000	67	None	None	0	3	8.494669472565834
63	10.5000	10.6667	66	None	None	0	1	9.237303286925428
64	10.6667	10.8333	69	None	None	0	2	9.693330075489882
65	10.8333	11.0000	74	None	None	0	3	8.205505422758053
66	11.0000	11.1667	78	None	None	0	5	8.219243726216707
67	11.1667	11.3333	76	None	None	0	4	8.939481825956294
68	11.3333	11.5000	74	None	None	0	3	9.869355349448433
69	11.5000	11.6667	73	None	None	0	2	9.172257127164674
70	11.6667	11.8333	71	None	None	0	1	9.049042840680302
71	11.8333	12.0000	69	None	None	0	2	9.031632218269635
72	12.0000	12.1667	67	None	None	0	1	9.054873551378613
73	12.1667	12.3333	73	None	None	0	2	9.297091496671529
74	12.3333	12.5000	76	None	None	0	3	9.370752215058811
75	12.5000	12.6667	79	None	None	0	4	8.743174613406287
76	12.6667	12.8333	78	None	None	0	3	9.105145811328223
77	12.8333	13.0000	76	None	None	0	2	9.268017840160994
78	13.0000	13.1667	74	None	None	0	1	9.040339253498033
79	13.1667	13.3333	73	None	None	0	3	4.094661462847274
80	13.3333	13.5000	71	None	None	0	2	4.845331114401409
81	13.5000	13.6667	69	None	None	0	1	7.958165878839163
82	13.6667	13.8333	74	None	None	0	2	7.2711123031165075
83	13.8333	14.0000	78	None	None	0	4	7.141387603185799
84	14.0000	14.1667	81	None	None	0	5	7.3490698872498035
85	14.1667	14.3333	79	None	None	0	4	7.930171081357878
86	14.3333	14.5000	78	None	None	0	3	7.570052045299482
87	14.5000	14.6667	76	None	None	0	2	7.664471682971069
88	14.6667	14.8333	74	None	None	0	1	7.591480611086295
89	14.8333	15.0000	73	None	None	0	2	3.9764137006524374
90	15.0000	15.1667	71	None	None	0	1	8.420163636442094
91	15.1667	15.3333	74	None	None	0	2	10.790029694130434
92	15.3333	15.5000	79	None	None	0	3	10.399032676777852
93	15.5000	15.6667	83	None	None	0	5	10.399032660894758
94	15.6667	15.8333	81	None	None	0	4	14.354203816490218
95	15.8333	16.0000	79	None	None	0	3	14.283519298014593
96	16.0000	16.1667	78	None	None	0	2	13.700260360022131
97	16.1667	16.3333	76	None	None	0	1	13.577046073537755
98	16.3333	16.5000	74	None	None	0	3	12.036867613018721
99	16.5000	16.6667	73	None	None	0	1	9.914732176749439
100	16.6667	16.8333	76	None	None	0	2	11.204494770637485
101	16.8333	17.0000	79	None	None	0	1	9.749509655554244
102	17.0000	17.1667	85	None	None	0	4	8.94947243228998
103	17.1667	17.3333	83	None	None	0	3	9.71695755605765
104	17.3333	17.5000	81	None	None	0	2	10.616027508506248
105	17.5000	17.6667	79	None	None	0	1	9.84593821433773
106	17.6667	17.8333	78	None	None	0	3	5.025483638755364
107	17.8333	18.0000	76	None	None	0	2	5.776153290309483
108	18.0000	18.1667	74	None	None	0	1	8.888988054747298
109	18.1667	18.3333	79	None	None	0	2	8.817931509585916
110	18.3333	18.5000	83	None	None	0	3	8.165699375710357
111	18.5000	18.6667	86	None	None	0	5	8.14728418148604
112	18.6667	18.8333	85	None	None	0	4	7.708389079482355
113	18.8333	19.0000	83	None	None	0	3	7.890680750929525
114	19.0000	19.1667	81	None	None	0	2	8.288448596747049
115	19.1667	19.3333	79	None	None	0	1	7.537778949198228
116	19.3333	19.5000	78	None	None	0	2	4.424944184760413
117	19.5000	19.6667	76	None	None	0	1	8.868694120550082
118	19.6667	19.8333	79	None	None	0	2	11.238560178238421
119	19.8333	20.0000	85	None	None	0	4	10.072079541698697
120	20.0000	20.1667	88	None	None	0	5	10.339099622640044
121	20.1667	20.3333	86	None	None	0	4	14.141469976207501
122	20.3333	20.5000	85	None	None	0	3	13.686167957196396
123	20.5000	20.6667	83	None	None	0	2	13.83763124951209
124	20.6667	20.8333	81	None	None	0	1	13.929694735548791
125	20.8333	21.0000	79	None	None	0	3	8.846287081112816
126	21.0000	21.1667	78	None	None	0	1	10.497403099652178
127	21.1667	21.3333	81	None	None	0	2	11.132001310761275
128	21.3333	21.5000	86	None	None	0	3	14.26325133202243
129	21.5000	21.6250	90	None	None	0	5	14.587257495590835
130	21.6250	21.7500	88	None	None	0	4	14.35014880980004
131	21.7500	21.8750	86	None	None	0	3	14.813752470076421
132	21.8750	22.0000	85	None	None	0	2	14.556417395650934
133	22.0000	22.1250	83	None	None	0	1	14.455006460906672
134	22.1250	22.2500	81	None	None	0	4	4.9601651910653946
135	22.2500	22.3750	79	None	None	0	3	4.84826042916064
136	22.3750	22.5000	78	None	None	0	2	4.934768365668586
137	22.5000	22.6667	76	None	None	0	1	10.201435032335262
138	22.6667	22.8333	79	None	None	0	2	13.01834971459871
139	22.8333	23.0000	85	None	None	0	4	12.205291695892873
140	23.0000	23.1250	88	None	None	0	5	17.14832451499121
141	23.1250	23.2500	86	None	None	0	3	16.66851326130483
142	23.2500	23.3750	85	None	None	0	2	15.751300957978321
143	23.3750	23.5000	83	None	None	0	1	16.161271202058497
144	23.5000	23.6250	81	None	None	0	2	11.814137163257794
145	23.6250	23.7500	79	None	None	0	1	10.901438750559386
146	23.7500	23.8750	78	None	None	0	3	5.188307437428072
147	23.8750	24.0000	76	None	None	0	2	6.077989977110608
148	24.0000	24.1667	74	None	None	0	1	9.767275691396321
149	24.1667	24.3333	78	None	None	0	2	9.718242949572016
150	24.3333	24.5000	83	None	None	0	3	11.59960343041863
151	24.5000	24.6250	86	None	None	0	5	15.584648067981425
152	24.6250	24.7500	85	None	None	0	4	14.710874372395507
153	24.7500	24.8750	83	None	None	0	3	14.747735728184743
154	24.8750	25.0000	81	None	None	0	2	17.623879923752707
155	25.0000	25.1250	79	None	None	0	1	16.762327895534018
156	25.1250	25.2500	78	None	None	0	4	8.638697765348335
157	25.2500	25.3750	76	None	None	0	3	8.810126336776898
158	25.3750	25.5000	74	None	None	0	2	14.20218982884039
159	25.5000	25.6667	73	None	None	0	1	9.816519634836855
160	25.6667	25.8333	78	None	None	0	2	10.798400940786262
161	25.8333	26.0000	81	None	None	0	3	15.436347371785146
162	26.0000	26.1250	85	None	None	0	4	14.665115440115468
163	26.1250	26.2500	83	None	None	0	3	14.479153138804392
164	26.2500	26.3750	81	None	None	0	2	14.55226821223569
165	26.3750	26.5000	79	None	None	0	1	14.36700036107776
166	26.5000	26.6250	78	None	None	0	3	8.698489859233929
167	26.6250	26.7500	76	None	None	0	2	8.810394621138684
168	26.7500	26.8750	74	None	None	0	1	8.723886684630736
169	26.8750	27.0000	73	None	None	0	2	4.43936287510692
170	27.0000	27.1667	71	None	None	0	1	9.706029541773583
171	27.1667	27.3333	74	None	None	0	2	12.522944224037033
172	27.3333	27.5000	79	None	None	0	3	12.485369824518338
173	27.5000	27.6250	83	None	None	0	5	16.84832451499118
174	27.6250	27.7500	81	None	None	0	2	16.432215008889145
175	27.7500	27.8750	79	None	None	0	1	15.512970745889902
176	27.8750	28.0000	78	None	None	0	3	10.496830476554152
177	28.0000	28.1250	76	None	None	0	2	10.68986398625432
178	28.1250	28.2500	74	None	None	0	1	10.420022716413042
179	28.2500	28.3750	73	None	None	0	3	4.558478704869029
180	28.3750	28.5000	71	None	None	0	2	5.448161244551572
181	28.5000	28.6667	69	None	None	0	1	9.137446958837284
182	28.6667	28.8333	74	None	None	0	2	8.535958856417276
183	28.8333	29.0000	78	None	None	0	4	10.493026183627371
184	29.0000	29.1250	81	None	None	0	5	15.052160493827166
185	29.1250	29.2500	79	None	None	0	4	14.819020564102246
186	29.2500	29.3750	78	None	None	0	3	14.183355878595673
187	29.3750	29.5000	76	None	None	0	2	14.887770567120288
188	29.5000	29.6250	74	None	None	0	1	15.212065099748145
189	29.6250	29.7500	73	None	None	0	4	4.879922242605299
190	29.7500	29.8750	71	None	None	0	3	5.051350814033871
191	29.8750	30.0000	69	None	None	0	2	10.443414306097363
192	30.0000	30.1667	67	None	None	0	1	10.395758942098688
193	30.1667	30.3333	73	None	None	0	2	10.825184887452393
194	30.3333	30.5000	76	None	None	0	3	15.457142862462808
195	30.5000	30.6250	79	None	None	0	4	18.45519480519483
196	30.6250	30.7500	78	None	None	0	3	17.77637536196412
197	30.7500	30.8750	76	None	None	0	2	18.057240930685442
198	30.8750	31.0000	74	None	None	0	1	21.55145152036729
199	31.0000	31.1250	73	None	None	0	4	12.592690845383514
200	31.1250	31.2500	71	None	None	0	3	12.72761148030415
201	31.2500	31.3750	69	None	None	0	2	13.382373385066046
202	31.3750	31.5000	67	None	None	0	1	12.78713528982795
203	31.5000	31.6667	66	None	None	0	2	13.769278146970796
204	31.6667	31.8333	69	None	None	0	1	9.698965614388499
205	31.8333	32.0000	74	None	None	0	3	14.26325133202243
206	32.0000	32.1250	78	None	None	0	5	14.587257495590835
207	32.1250	32.2500	76	None	None	0	4	14.35014880980004
208	32.2500	32.3750	74	None	None	0	3	14.813752470076421
209	32.3750	32.5000	73	None	None	0	2	14.556417395650934
210	32.5000	32.6250	71	None	None	0	1	14.455006460906672
211	32.6250	32.7500	69	None	None	0	4	4.9601651910653946
212	32.7500	32.8750	67	None	None	0	3	4.84826042916064
213	32.8750	33.0000	66	None	None	0	2	4.934768365668586
214	33.0000	33.1667	64	None	None	0	1	10.201435032335262
215	33.1667	33.3333	67	None	None	0	2	13.01834971459871
216	33.3333	33.5000	73	None	None	0	4	12.205291695892873
217	33.5000	33.6250	76	None	None	0	5	17.14832451499121
218	33.6250	33.7500	74	None	None	0	3	16.66851326130483
219	33.7500	33.8750	73	None	None	0	2	15.751300957978321
220	33.8750	34.0000	71	None	None	0	1	16.161271202058497
221	34.0000	34.1250	69	None	None	0	2	11.814137163257794
222	34.1250	34.2500	67	None	None	0	1	10.901438750559386
223	34.2500	34.3750	66	None	None	0	3	5.188307437428072
224	34.3750	34.5000	64	None	None	0	2	6.077989977110608
225	34.5000	34.6667	62	None	None	0	1	9.767275691396321
226	34.6667	34.8333	66	None	None	0	2	9.718242949572016
227	34.8333	35.0000	71	None	None	0	3	11.59960343041863
228	35.0000	35.1250	74	None	None	0	5	15.584648067981425
229	35.1250	35.2500	73	None	None	0	4	14.710874372395507
230	35.2500	35.3750	71	None	None	0	3	14.747735728184743
231	35.3750	35.5000	69	None	None	0	2	17.623879923752707
232	35.5000	35.6250	67	None	None	0	1	16.762327895534018
233	35.6250	35.7500	66	None	None	0	4	8.638697765348335
234	35.7500	35.8750	64	None	None	0	3	8.810126336776898
235	35.8750	36.0000	62	None	None	0	2	14.20218982884039
236	36.0000	36.1667	61	None	None	0	1	9.816519634836855
237	36.1667	36.3333	66	None	None	0	2	10.798400940786262
238	36.3333	36.5000	69	None	None	0	3	15.436347371785146
239	36.5000	36.6250	73	None	None	0	4	14.665115440115468
240	36.6250	36.7500	71	None	None	0	3	14.479153138804392
241	36.7500	36.8750	69	None	None	0	2	14.55226821223569
242	36.8750	37.0000	67	None	None	0	1	14.36700036107776
243	37.0000	37.1250	66	None	None	0	3	8.698489859233929
244	37.1250	37.2500	64	None	None	0	2	8.810394621138684
245	37.2500	37.3750	62	None	None	0	1	8.723886684630736
246	37.3750	37.5000	61	None	None	0	2	4.43936287510692
247	37.5000	37.6667	59	None	None	0	1	9.706029541773583
248	37.6667	37.8333	62	None	None	0	2	12.522944224037033
249	37.8333	38.0000	67	None	None	0	3	12.485369824518338
250	38.0000	38.1250	71	None	None	0	5	16.848324514991177
251	38.1250	38.2500	69	None	None	0	2	16.432215008889134
252	38.2500	38.3750	67	None	None	0	1	15.512970745889893
253	38.3750	38.5000	66	None	None	0	3	10.496830476554154
254	38.5000	38.6250	64	None	None	0	2	10.689863986254322
255	38.6250	38.7500	62	None	None	0	1	10.420022716413044
256	38.7500	38.8750	61	None	None	0	3	4.558478704869032
257	38.8750	39.0000	59	None	None	0	2	5.448161244551575
258	39.0000	39.1667	57	None	None	0	1	9.137446958837291
259	39.1667	39.3333	62	None	None	0	2	8.535958856417276
260	39.3333	39.5000	66	None	None	0	4	10.493026183627368
261	39.5000	39.6250	69	None	None	0	5	15.052160493827174
262	39.6250	39.7500	67	None	None	0	4	14.819020564102251
263	39.7500	39.8750	66	None	None	0	3	14.18335587859568
264	39.8750	40.0000	64	None	None	0	2	14.887770567120295
265	40.0000	40.1250	62	None	None	0	1	15.212065099748148
266	40.1250	40.2500	61	None	None	0	4	4.879922242605295
267	40.2500	40.3750	59	None	None	0	3	5.051350814033867
268	40.3750	40.5000	57	None	None	0	2	10.443414306097363
269	40.5000	40.6667	55	None	None	0	1	10.395758942098688
270	40.6667	40.8333	61	None	None	0	2	10.825184887452389
271	40.8333	41.0000	64	None	None	0	3	10.825184887452389
272	41.0000	41.1250	67	None	None	0	4	10.825184887452389
273	41.1250	41.2500	66	None	None	0	3	10.825184887452389
274	41.2500	41.3750	64	None	None	0	2	10.825184887452389
275	41.3750	41.5000	62	None	None	0	1	10.825184887452389
276	41.5000	41.6250	61	None	None	0	3	10.825184887452389
277	41.6250	41.7500	59	None	None	0	2	10.825184887452389
278	41.7500	41.8750	57	None	None	0	1	10.825184887452389
279	41.8750	42.0000	55	None	None	0	0	10.825184887452389
