0	0.0000	0.4167	69	None	None	0	3	1.9875319121057644
1	0.0000	0.4167	73	None	None	0	5	2.032265171807396
2	0.4167	1.2500	68	None	None	0	4	2.171631484590748
3	0.4167	1.2500	71	None	None	0	5	2.287085289475843
4	0.8333	3.3333	66	None	None	0	3	2.298302298273497
5	0.8333	2.0833	66	None	None	0	2	4.986966158426741
6	0.8333	3.3333	74	None	None	0	5	5.897639686815577
7	1.2500	1.6667	62	None	None	0	1	5.393712854366223
8	2.5000	5.4167	69	None	None	0	2	5.061775251738967
9	2.5000	5.4167	73	None	None	0	4	5.639157009936531
10	2.9167	6.2500	68	None	None	0	1	5.339460077981519
11	2.9167	6.2500	71	None	None	0	2	5.308069182477714
12	3.3333	8.3333	66	None	None	0	1	4.899269383095099
13	3.3333	8.3333	81	None	None	0	5	4.004586826114154
14	5.0000	10.8333	66	None	None	0	1	2.9121230685560517
15	5.0000	10.6250	69	None	None	0	3	3.579308495687807
16	5.6250	5.8333	71	None	None	0	4	3.804350523993383
17	5.8333	12.5000	64	None	None	0	1	3.3320038150395312
18	5.8333	12.5000	68	None	None	0	2	4.7041449772476565
19	5.8333	12.2917	71	None	None	0	3	4.561914098409638
20	6.4583	6.6667	76	None	None	0	5	4.774924302491271
21	6.6667	14.1667	64	None	None	0	1	4.016168712900218
22	6.6667	14.1667	69	None	None	0	2	3.0548718292819004
23	6.6667	14.1667	76	None	None	0	5	3.729488236041169
24	7.5000	15.8333	66	None	None	0	2	3.3532038109808244
25	7.5000	15.8333	74	None	None	0	5	3.283315623851134
26	8.3333	17.5000	61	None	None	0	1	2.4787320162145314
27	8.3333	17.5000	69	None	None	0	5	2.3230169075904388
28	9.1667	19.1667	59	None	None	0	1	3.017818272837001
29	9.1667	19.1667	68	None	None	0	2	2.5796148096335405
30	10.0000	20.8333	64	None	None	0	1	2.5184086913837724
31	10.0000	20.4167	73	None	None	0	4	2.3984864555141137
32	10.4167	10.8333	71	None	None	0	3	2.4207598810133453
33	10.8333	23.3333	69	None	None	0	2	3.1659211713359263
34	10.8333	22.0833	69	None	None	0	3	2.6474879916124263
35	10.8333	23.3333	74	None	None	0	0	-1
36	11.2500	11.6667	62	None	None	0	0	-1
37	12.5000	25.8333	64	None	None	0	0	-1
38	12.5000	25.8333	69	None	None	0	0	-1
39	12.5000	25.4167	73	None	None	0	0	-1
40	12.9167	13.3333	71	None	None	0	0	-1
41	13.3333	28.3333	69	None	None	0	0	-1
42	13.3333	28.3333	71	None	None	0	1	3.055983153960058
43	13.3333	28.3333	78	None	None	0	4	3.653709988601339
44	13.3333	28.3333	81	None	None	0	5	3.925683808718926
45	15.0000	30.8333	66	None	None	0	1	3.574532792473572
46	15.0000	30.8333	71	None	None	0	2	4.714362750463916
47	15.0000	30.6250	73	None	None	0	3	4.918651163478742
48	15.6250	15.8333	75	None	None	0	4	6.21494094375867
49	15.8333	32.5000	66	None	None	0	1	5.04029633161407
50	15.8333	32.5000	71	None	None	0	2	4.828269764230366
51	15.8333	32.2917	75	None	None	0	4	4.828665385799452
52	16.4583	16.6667	76	None	None	0	5	4.479751368781988
53	16.6667	34.1667	64	None	None	0	1	3.8566667886661574
54	16.6667	34.1667	73	None	None	0	4	4.176521081734733
55	16.6667	34.1667	76	None	None	0	5	3.9713075774140876
56	17.5000	35.8333	57	None	None	0	1	2.894040509872782
57	17.5000	35.8333	63	None	None	0	3	3.4422443043775988
58	17.5000	35.8333	66	None	None	0	5	3.3901402647097902
59	18.3333	37.5000	57	None	None	0	1	3.4633212599817997
60	18.3333	37.5000	63	None	None	0	2	3.340796691136659
61	18.3333	37.5000	69	None	None	0	5	3.239691420399336
62	19.1667	39.1667	56	None	None	0	1	2.305782299566244
63	19.1667	39.1667	64	None	None	0	2	2.5444988969089923
64	19.1667	39.1667	68	None	None	0	3	2.813803612930299
65	20.0000	40.4167	69	None	None	0	3	2.8093445762291984
66	20.0000	40.4167	73	None	None	0	5	2.7960924113861885
67	20.4167	41.2500	68	None	None	0	4	2.302398269506565
68	20.4167	41.2500	71	None	None	0	5	2.2870852894758427
69	20.8333	43.3333	66	None	None	0	3	2.2983022982734966
70	20.8333	42.0833	66	None	None	0	2	4.986966158426735
71	20.8333	43.3333	74	None	None	0	5	5.897639686815571
72	21.2500	21.6667	62	None	None	0	1	5.393712854366216
73	22.5000	45.4167	69	None	None	0	2	4.963253084251274
74	22.5000	45.4167	73	None	None	0	4	5.027420460439723
75	22.9167	46.2500	68	None	None	0	1	4.808965484726677
76	22.9167	46.2500	71	None	None	0	2	4.9862135853618685
77	23.3333	48.3333	66	None	None	0	1	4.220987529813238
78	23.3333	48.3333	81	None	None	0	5	2.6242679604504553
79	25.0000	50.6250	66	None	None	0	1	1.869109488473503
80	25.0000	50.8333	69	None	None	0	2	2.7653641326055096
81	25.6250	51.4583	65	None	None	0	2	3.1718474183991456
82	25.6250	51.4583	71	None	None	0	4	3.690053124104851
83	25.8333	52.2917	65	None	None	0	2	4.03944906382337
84	25.8333	52.5000	68	None	None	0	3	3.9970173673594167
85	25.8333	52.2917	71	None	None	0	4	4.205191122912214
86	26.4583	53.1250	64	None	None	0	1	5.543113360772873
87	26.4583	53.1250	76	None	None	0	5	4.999870632647139
88	26.6667	54.1667	64	None	None	0	1	4.436336435184368
89	26.6667	53.7500	68	None	None	0	2	4.13453065254312
90	26.6667	54.1667	76	None	None	0	5	3.474247282438319
91	27.0833	27.5000	69	None	None	0	3	3.5255295255408443
92	27.5000	55.8333	66	None	None	0	2	3.537779909565421
93	27.5000	55.8333	74	None	None	0	5	3.2833156238511325
94	28.3333	57.5000	61	None	None	0	1	2.47873201621453
95	28.3333	57.5000	69	None	None	0	5	2.3230169075904357
96	29.1667	59.1667	59	None	None	0	1	3.017818272837
97	29.1667	59.1667	68	None	None	0	2	2.5796148096335383
98	30.0000	60.8333	64	None	None	0	1	2.51840869138377
99	30.0000	60.4167	73	None	None	0	4	2.3984864555141114
100	30.4167	30.8333	71	None	None	0	3	2.4207598810133426
101	30.8333	63.3333	69	None	None	0	2	3.165921171335927
102	30.8333	62.0833	69	None	None	0	3	2.6474879916124303
103	30.8333	63.3333	74	None	None	0	0	-1
104	31.2500	31.6667	62	None	None	0	0	-1
105	32.5000	65.8333	64	None	None	0	0	-1
106	32.5000	65.8333	69	None	None	0	0	-1
107	32.5000	65.4167	73	None	None	0	0	-1
108	32.9167	33.3333	71	None	None	0	0	-1
109	33.3333	68.3333	69	None	None	0	0	-1
110	33.3333	68.3333	71	None	None	0	1	3.352055237224832
111	33.3333	68.3333	78	None	None	0	2	2.9571696922023607
112	33.3333	68.3333	81	None	None	0	5	3.9440005151455737
113	35.0000	70.6250	68	None	None	0	1	3.5473080510351367
114	35.0000	70.6250	73	None	None	0	5	3.3057266274014854
115	35.6250	71.4583	66	None	None	0	1	3.0747970172846757
116	35.6250	71.4583	71	None	None	0	2	3.8283118621788255
117	35.6250	71.4583	75	None	None	0	4	4.280364037506861
118	35.8333	72.2917	66	None	None	0	1	3.7376516822945187
119	35.8333	72.2917	71	None	None	0	3	3.7905225254879467
120	35.8333	72.2917	75	None	None	0	5	5.532611470917917
121	36.4583	73.1250	64	None	None	0	1	5.413518105995854
122	36.4583	73.1250	71	None	None	0	3	5.691737291334066
123	36.4583	73.1250	76	None	None	0	5	5.679798241520584
124	36.6667	74.1667	64	None	None	0	1	4.76770189192424
125	36.6667	73.7500	68	None	None	0	2	4.60156711875822
126	36.6667	74.1667	76	None	None	0	5	5.458503136408533
127	37.0833	37.5000	69	None	None	0	4	4.087912561468874
128	37.5000	75.8333	57	None	None	0	1	3.2219687329005704
129	37.5000	75.8333	63	None	None	0	3	3.576921527801525
130	37.5000	75.8333	66	None	None	0	5	3.028863594950968
131	38.3333	77.5000	57	None	None	0	1	3.1618355337264807
132	38.3333	77.5000	63	None	None	0	2	3.026964133867831
133	38.3333	77.5000	69	None	None	0	5	2.9290421525753185
134	39.1667	79.1667	56	None	None	0	1	1.501746234207971
135	39.1667	79.1667	64	None	None	0	3	1.2086687759519419
136	39.1667	79.1667	68	None	None	0	5	1.2125940067585534
137	40.0000	80.8333	55	None	None	0	1	0.8566583289159866
138	40.0000	80.8333	60	None	None	0	2	0.8198811180316338
139	40.0000	80.8333	64	None	None	0	4	0.6748981248343554
140	40.8333	41.6667	66	None	None	0	5	0.6328746190034518
141	41.6667	42.5000	64	None	None	0	4	0.6726280203639967
142	42.5000	85.8333	55	None	None	0	1	1.497011523765359
143	42.5000	85.8333	61	None	None	0	3	1.6886859207968992
144	42.5000	85.8333	64	None	None	0	4	1.797274356171049
145	43.3333	44.1667	66	None	None	0	5	1.8408694727891253
146	44.1667	45.0000	64	None	None	0	4	1.7983099489796015
147	45.0000	90.8333	56	None	None	0	1	1.8161670918367436
148	45.0000	90.8333	62	None	None	0	2	1.3938957725947545
149	45.0000	90.8333	64	None	None	0	3	1.4384748542274053
150	45.8333	46.6667	71	None	None	0	5	1.2800458576287657
151	46.6667	94.1667	62	None	None	0	2	1.015393434159378
152	46.6667	94.1667	64	None	None	0	3	1.3253424137512138
153	46.6667	94.1667	69	None	None	0	5	1.391637056608355
154	47.5000	95.8333	62	None	None	0	1	1.2742641658936307
155	47.5000	95.8333	64	None	None	0	2	1.2132310026283204
156	47.5000	95.8333	68	None	None	0	3	1.044651070655538
157	48.3333	98.3333	62	None	None	0	1	1.0852548121521384
158	48.3333	97.5000	68	None	None	0	4	0.7837850765306177
159	48.3333	97.5000	71	None	None	0	5	0.8527104591836826
160	49.1667	50.0000	64	None	None	0	2	0.9931919642857201
161	50.0000	100.8333	60	None	None	0	1	1.2480017006802868
162	50.0000	100.8333	65	None	None	0	2	1.2509778911564742
163	50.0000	100.8333	69	None	None	0	4	1.158290816326544
164	50.8333	51.6667	71	None	None	0	5	1.098153409090921
165	51.6667	52.5000	69	None	None	0	4	1.0584000077303775
166	52.5000	105.8333	60	None	None	0	0	-1
167	52.5000	105.8333	63	None	None	0	0	-1
168	52.5000	105.8333	69	None	None	0	0	-1
169	53.3333	54.1667	71	None	None	0	0	-1
170	54.1667	55.0000	69	None	None	0	0	-1
171	55.0000	110.8333	60	None	None	0	0	-1
172	55.0000	110.8333	66	None	None	0	1	4.436871417494676
173	55.0000	110.8333	69	None	None	0	2	4.907490357886084
174	55.8333	56.6667	78	None	None	0	5	4.969705140374284
175	56.6667	57.9167	72	None	None	0	4	6.7656727441648545
176	57.9167	58.3333	69	None	None	0	2	7.271080080710587
177	58.3333	60.0000	68	None	None	0	0	-1
178	60.0000	60.4167	66	None	None	0	0	-1
179	60.4167	60.8333	64	None	None	0	0	-1
180	60.8333	123.3333	68	None	None	0	0	-1
181	60.8333	122.0833	68	None	None	0	0	-1
182	61.2500	61.6667	59	None	None	0	0	-1
183	61.6667	62.0833	56	None	None	0	0	-1
184	62.5000	63.3333	69	None	None	0	3	3.412561437698244
185	63.3333	128.3333	70	None	None	0	4	3.7691265435793126
186	63.3333	127.0833	70	None	None	0	5	3.2129341472659516
187	63.7500	64.1667	61	None	None	0	2	3.236305300162596
188	64.1667	64.5833	58	None	None	0	0	-1
189	65.0000	65.4167	68	None	None	0	0	-1
190	65.4167	65.8333	66	None	None	0	0	-1
191	65.8333	133.3333	71	None	None	0	0	-1
192	65.8333	132.0833	71	None	None	0	0	-1
193	66.2500	66.6667	62	None	None	0	0	-1
194	66.6667	67.0833	59	None	None	0	0	-1
195	67.5000	68.3333	72	None	None	0	3	3.7962249012508282
196	68.3333	138.3333	73	None	None	0	4	3.906772547728775
197	68.3333	137.0833	73	None	None	0	5	4.045494568795286
198	68.7500	69.1667	64	None	None	0	2	3.2053343258124416
199	69.1667	69.5833	61	None	None	0	1	2.6283790333267802
200	70.0000	70.4167	71	None	None	0	3	2.0552497816260993
201	70.4167	70.8333	69	None	None	0	2	1.9449963254049005
202	70.8333	142.9167	69	None	None	0	2	5.437420452051763
203	70.8333	142.0833	69	None	None	0	3	5.8775900300193875
204	70.8333	142.9167	74	None	None	0	5	5.698402214173089
205	71.2500	71.6667	62	None	None	0	1	5.195418371033206
206	72.0833	145.4167	68	None	None	0	2	5.002490739454266
207	72.0833	145.0000	73	None	None	0	4	5.109431081380512
208	72.9167	73.3333	71	None	None	0	3	5.866508724467826
209	73.3333	148.5128	66	None	None	0	1	4.67608396585471
210	73.3333	148.5128	81	None	None	0	5	2.8639131297783598
211	75.1795	151.2821	57	None	None	0	1	1.9212089895987652
212	75.1795	151.2821	64	None	None	0	3	4.343318787234488
213	75.1795	151.2821	69	None	None	0	5	4.59825529199068
214	76.1026	153.8718	57	None	None	0	1	5.0680913262268685
215	76.1026	153.8718	59	None	None	0	2	4.992719861851643
216	76.1026	153.0385	68	None	None	0	5	4.34209417454664
217	76.9359	77.7692	66	None	None	0	3	4.2426043786282746
218	77.7692	78.1859	64	None	None	0	2	4.484632439852766
219	78.1859	78.6026	62	None	None	0	1	4.41311643425697
220	78.6026	79.4359	61	None	None	0	3	1.8470231265196897
221	79.4359	80.2692	59	None	None	0	2	1.8651638014643646
222	80.2692	161.3718	57	None	None	0	1	1.7485232991095803
223	80.2692	161.3718	64	None	None	0	3	1.9901834246982795
224	80.2692	161.3718	69	None	None	0	5	3.0985299485487845
225	81.1026	164.0801	57	None	None	0	1	4.581619817180822
226	81.1026	164.0801	59	None	None	0	2	4.71293123063509
227	81.1026	163.1426	67	None	None	0	5	4.4425087263158956
228	82.0401	82.9776	65	None	None	0	3	4.752505097137202
229	82.9776	83.4463	64	None	None	0	2	4.706858145121921
230	83.4463	83.9151	62	None	None	0	1	4.336284274548047
231	83.9151	84.8526	60	None	None	0	2	2.859425985444856
232	84.8526	86.8526	59	None	None	0	1	3.3679353762261917
233	86.8526	174.6426	69	None	None	0	2	3.4139714829765873
234	86.8526	174.6426	76	None	None	0	3	3.161485873348122
235	86.8526	174.1739	80	None	None	0	4	3.983642321397419
236	87.3213	87.7901	81	None	None	0	5	4.036375869028921
237	87.7901	177.4551	74	None	None	0	3	4.659466497221597
238	87.7901	177.4551	78	None	None	0	5	8.667652189080762
239	88.2588	88.7276	68	None	None	0	1	8.759017966160826
240	88.7276	89.1963	69	None	None	0	2	8.18413570556428
241	89.1963	89.6651	66	None	None	0	1	9.129190650619226
242	89.6651	180.2676	69	None	None	0	2	8.968594104308398
243	89.6651	180.2676	76	None	None	0	3	7.839255189255202
244	89.6651	179.7989	80	None	None	0	4	7.071681493110076
245	90.1338	90.6026	81	None	None	0	5	7.1185465328322595
246	90.6026	181.6739	66	None	None	0	1	3.204103832675271
247	90.6026	183.0801	71	None	None	0	5	2.330726613883933
248	91.0713	91.5401	68	None	None	0	4	2.4960255635620534
249	91.5401	183.5489	59	None	None	0	1	2.5354392873549507
250	91.5401	183.5489	69	None	None	0	3	1.9990296207717138
251	92.0088	92.4776	66	None	None	0	2	2.2688003725324575
252	92.4776	185.8926	64	None	None	0	1	2.9493561318599126
253	92.4776	185.8926	69	None	None	0	3	3.299601880770547
254	92.4776	185.6583	71	None	None	0	4	3.761931792366149
255	93.1807	93.4151	73	None	None	0	5	4.2156857772485345
256	93.4151	187.7676	64	None	None	0	1	4.818658238698969
257	93.4151	187.7676	68	None	None	0	2	4.84015503295945
258	93.4151	187.5333	73	None	None	0	4	5.713870251133951
259	94.1182	94.3526	74	None	None	0	5	5.723562893122313
260	94.3526	189.6426	62	None	None	0	1	4.93625674133018
261	94.3526	189.6426	66	None	None	0	2	4.560322395302379
262	94.3526	189.1739	74	None	None	0	5	4.552566404717872
263	94.8213	95.2901	73	None	None	0	4	3.995294932644336
264	95.2901	191.5176	62	None	None	0	1	3.151026177876441
265	95.2901	191.5176	64	None	None	0	2	2.7162829520832985
266	95.2901	191.0489	74	None	None	0	5	1.4303501050488994
267	95.7588	96.2276	68	None	None	0	3	1.1595937529672466
268	96.2276	193.3926	62	None	None	0	1	1.1464716675560063
269	96.2276	193.3926	68	None	None	0	4	1.056898590031122
270	97.1651	195.2676	61	None	None	0	1	0.7168526921538982
271	97.1651	195.2676	69	None	None	0	4	0.7436264538674201
272	98.1026	197.1426	61	None	None	0	1	0.7772848971644198
273	98.1026	197.1426	66	None	None	0	3	0.7938707209791598
274	98.1026	197.1426	69	None	None	0	4	0.9221935360489617
275	99.0401	99.9776	71	None	None	0	5	0.966685790782178
276	99.9776	100.9151	69	None	None	0	4	0.9198317077835163
277	100.9151	202.7676	62	None	None	0	1	0.8267163893669941
278	100.9151	202.7676	66	None	None	0	3	0.7227481353987425
279	100.9151	202.7676	69	None	None	0	4	0.7990055459935017
280	101.8526	102.7901	71	None	None	0	5	0.7211225855804209
281	102.7901	103.7276	69	None	None	0	4	0.7777108433734974
282	103.7276	208.3926	62	None	None	0	1	0.7822050105182674
283	103.7276	208.3926	66	None	None	0	2	0.663229285448458
284	103.7276	208.3926	69	None	None	0	3	0.8920573053299587
285	104.6651	210.2676	66	None	None	0	2	0.9370520696018301
286	104.6651	210.2676	69	None	None	0	3	1.5182339399403257
287	104.6651	210.2676	74	None	None	0	5	1.404110780636443
288	105.6026	213.0801	64	None	None	0	1	1.4362392946926656
289	105.6026	213.0801	68	None	None	0	3	1.3188867677015854
290	105.6026	212.6114	73	None	None	0	5	1.1838022117908686
291	107.0088	107.4776	71	None	None	0	4	1.250645558304765
292	107.4776	215.8926	62	None	None	0	1	1.1464716675560063
293	107.4776	215.8926	68	None	None	0	4	1.056898590031122
294	108.4151	217.7676	61	None	None	0	1	0.7168526921538982
295	108.4151	217.7676	69	None	None	0	4	0.7436264538674201
296	109.3526	219.6426	61	None	None	0	1	0.7772848971644198
297	109.3526	219.6426	66	None	None	0	3	0.7938707209791598
298	109.3526	219.6426	69	None	None	0	4	0.9221935360489617
299	110.2901	111.2276	71	None	None	0	5	0.966685790782178
300	111.2276	112.1651	69	None	None	0	4	0.9198317077835163
301	112.1651	225.2676	62	None	None	0	0	-1
302	112.1651	225.2676	66	None	None	0	0	-1
303	112.1651	225.2676	69	None	None	0	0	-1
304	113.1026	114.0401	71	None	None	0	0	-1
305	114.0401	114.9776	69	None	None	0	0	-1
306	114.9776	230.8926	62	None	None	0	0	-1
307	114.9776	230.8926	66	None	None	0	1	5.486157619348325
308	114.9776	230.8926	69	None	None	0	2	5.486976830257898
309	115.9151	116.8526	78	None	None	0	5	4.725545705444673
310	116.8526	118.2588	74	None	None	0	1	4.419509577024763
311	118.2588	118.7276	71	None	None	0	4	2.2932915794522892
312	118.7276	239.8551	61	None	None	0	1	0.95590277777778
313	118.7276	239.8551	64	None	None	0	2	0.7403839394732245
314	118.7276	238.6551	68	None	None	0	4	0.6795527864992181
315	119.9276	121.1276	69	None	None	0	5	0.5530565149136633
316	121.1276	242.8551	61	None	None	0	2	0.4847382260596612
317	121.1276	243.4551	64	None	None	0	3	1.3001468253968238
318	121.7276	122.3276	59	None	None	0	1	2.039976592255023
319	122.3276	247.0551	62	None	None	0	2	2.145643697806918
320	122.3276	247.0551	64	None	None	0	3	2.116306963113041
321	124.7276	250.0551	61	None	None	0	2	2.348176861072222
322	124.7276	250.6551	64	None	None	0	3	2.459477881480384
323	125.3276	125.9276	59	None	None	0	1	2.3802481250616876
324	125.9276	128.3276	69	None	None	0	2	1.2824481587399115
325	128.3276	129.5276	73	None	None	0	3	1.409109937821035
326	129.9442	130.3609	78	None	None	0	5	1.3286173743690946
327	130.3609	131.1942	76	None	None	0	4	2.607771697388612
328	131.1942	132.0276	74	None	None	0	3	2.609527238314659
329	132.0276	132.8609	73	None	None	0	2	3.221289674227459
330	132.8609	133.2776	71	None	None	0	1	3.211778208350785
331	133.2776	133.6942	74	None	None	0	2	3.486202171484433
332	133.6942	134.1109	80	None	None	0	5	5.1628150747102755
333	134.1109	134.5276	78	None	None	0	4	5.3333699902248615
334	134.5276	135.3609	71	None	None	0	1	5.489667993297065
335	135.3609	135.7776	69	None	None	0	2	4.437779415285234
336	135.7776	136.1942	73	None	None	0	3	3.9952888413430365
337	136.1942	136.6109	78	None	None	0	5	4.019729262672858
338	136.6109	137.0276	76	None	None	0	4	4.012638523151248
339	137.0276	137.4442	69	None	None	0	1	6.596714844295556
340	137.4442	137.8609	68	None	None	0	2	5.1313154587348135
341	137.8609	138.2776	76	None	None	0	5	4.797874274343187
342	138.2776	138.6942	74	None	None	0	4	7.218353756458578
343	138.6942	139.1109	71	None	None	0	2	6.894306960320765
344	139.1109	139.5276	68	None	None	0	1	6.9817368415474625
345	139.5276	279.4718	69	None	None	0	2	6.294349991646195
346	139.5276	279.4718	73	None	None	0	3	5.821694287135644
347	139.9442	140.3609	81	None	None	0	5	5.343210261560593
348	140.3609	141.1942	80	None	None	0	4	4.826793210869372
349	141.1942	142.0276	78	None	None	0	3	6.004848450560578
350	142.0276	284.8885	68	None	None	0	1	3.7770258699154495
351	142.0276	284.8885	76	None	None	0	5	3.3472586505277016
352	142.8609	286.5551	66	None	None	0	1	2.996365793384846
353	142.8609	286.1385	69	None	None	0	2	2.951379371396701
354	143.2776	143.6942	73	None	None	0	3	2.664591562431468
355	143.6942	144.1109	78	None	None	0	5	2.90975010972132
356	144.1109	144.5276	76	None	None	0	4	6.980794656572397
357	144.5276	289.8885	64	None	None	0	1	6.030679449199106
358	144.5276	289.8885	73	None	None	0	5	5.6941467422746905
359	145.3609	291.5551	63	None	None	0	1	5.730049992463652
360	145.3609	291.1385	66	None	None	0	2	5.763044561258915
361	145.7776	146.1942	69	None	None	0	3	5.989584150701731
362	146.1942	146.6109	74	None	None	0	5	7.689271537436078
363	146.6109	147.0276	73	None	None	0	4	7.732934916161984
364	147.0276	294.8885	61	None	None	0	1	3.7896674279415272
365	147.0276	294.8885	65	None	None	0	2	3.817743400084631
366	147.8609	149.1109	68	None	None	0	3	5.764253988799082
367	149.1109	149.5276	73	None	None	0	5	5.765993844633016
368	149.5276	300.1266	66	None	None	0	1	4.508623709165955
369	149.5276	300.1266	70	None	None	0	2	6.101666307794688
370	150.0633	150.5990	78	None	None	0	5	5.3568574451795605
371	150.5990	302.2694	65	None	None	0	1	4.985684325342443
372	150.5990	302.2694	70	None	None	0	2	4.7555253776855615
373	150.5990	302.2694	77	None	None	0	5	4.563624265301107
374	151.6704	304.4123	63	None	None	0	1	3.4766189772287257
375	151.6704	304.4123	70	None	None	0	3	3.6946067821067685
376	151.6704	304.4123	75	None	None	0	5	3.6567583500510144
377	152.7418	306.5551	61	None	None	0	1	2.223259874441278
378	152.7418	306.5551	70	None	None	0	2	3.831953518195929
379	152.7418	306.5551	73	None	None	0	4	3.7701310249710027
380	153.8133	308.6980	66	None	None	0	1	3.506810757839757
381	153.8133	308.6980	70	None	None	0	2	4.952793738273968
382	153.8133	308.6980	78	None	None	0	5	4.6020211199708525
383	154.8847	310.8408	65	None	None	0	1	4.5122065356005265
384	154.8847	310.8408	70	None	None	0	2	4.7101745736600265
385	154.8847	310.8408	77	None	None	0	5	4.571525684439491
386	155.9561	313.1123	63	None	None	0	1	2.7928284331812305
387	155.9561	313.1123	70	None	None	0	3	2.6951627604393362
388	155.9561	313.1123	75	None	None	0	5	2.5396230257837464
389	157.1561	315.5123	61	None	None	0	1	1.2264362125969257
390	157.1561	315.5123	70	None	None	0	3	1.2335114786007608
391	157.1561	315.5123	73	None	None	0	5	1.3312597125097085
392	158.3561	317.9123	60	None	None	0	1	1.3657720751470757
393	158.3561	317.9123	66	None	None	0	2	1.4979330514257023
394	158.3561	317.9123	70	None	None	0	4	1.3048622333548865
395	158.3561	317.9123	72	None	None	0	5	1.3046523737700266
396	159.5561	320.6123	65	None	None	0	2	1.3743738287855995
397	159.5561	320.6123	69	None	None	0	3	1.3378192069368573
398	159.5561	320.6123	72	None	None	0	5	3.7132127740439405
399	161.0561	323.6123	61	None	None	0	1	4.0498149008496975
400	161.0561	325.1123	73	None	None	0	5	3.9317922282975206
401	161.8061	162.5561	65	None	None	0	2	4.066767089028319
402	162.5561	326.6123	65	None	None	0	1	5.527147151306776
403	162.5561	325.8623	70	None	None	0	3	5.360867501974761
404	163.3061	164.0561	68	None	None	0	2	5.652811932185872
405	164.0561	165.1276	66	None	None	0	1	6.2602622293779
406	164.5918	165.1276	78	None	None	0	5	5.485734961633297
407	165.1276	331.3266	65	None	None	0	1	4.976822294757852
408	165.1276	331.3266	70	None	None	0	2	4.746663347100971
409	165.1276	331.3266	77	None	None	0	5	4.474385294583478
410	166.1990	333.4694	63	None	None	0	1	2.671201012740632
411	166.1990	333.4694	69	None	None	0	2	3.617956239221485
412	166.1990	333.4694	75	None	None	0	5	3.7997397758068425
413	167.2704	335.6123	61	None	None	0	1	2.2995873367824715
414	167.2704	335.6123	68	None	None	0	2	2.2160980449090335
415	167.2704	335.6123	73	None	None	0	4	2.3335704057121855
416	168.3418	337.7551	66	None	None	0	1	3.8935297553057056
417	168.3418	337.7551	68	None	None	0	2	3.707498713177099
418	168.3418	337.7551	72	None	None	0	3	3.6029932931228963
419	168.3418	337.7551	78	None	None	0	5	3.2274038842255566
420	169.4133	339.8980	65	None	None	0	1	4.313021011001234
421	169.4133	339.8980	68	None	None	0	2	4.331629925799174
422	169.4133	339.8980	73	None	None	0	3	4.260246605286942
423	169.4133	339.8980	77	None	None	0	5	4.922690906412637
424	170.4847	342.1694	63	None	None	0	1	3.0468435830043066
425	170.4847	342.1694	68	None	None	0	2	2.8173667336341595
426	170.4847	342.1694	71	None	None	0	3	3.0341484275500035
427	170.4847	342.1694	75	None	None	0	5	3.033194731855454
428	171.6847	344.5694	61	None	None	0	1	1.7954047440654575
429	171.6847	344.5694	70	None	None	0	3	1.9034764342799992
430	171.6847	345.7694	73	None	None	0	5	1.795912767787754
431	172.8847	346.9694	61	None	None	0	1	1.0628957847707812
432	172.8847	346.9694	66	None	None	0	3	1.1694410252445917
433	172.8847	346.9694	71	None	None	0	5	1.6636482982347647
434	174.0847	349.3694	61	None	None	0	1	1.460810091665212
435	174.0847	349.3694	66	None	None	0	2	1.683407804267397
436	174.0847	349.3694	70	None	None	0	4	2.896220283692325
437	175.2847	352.3694	61	None	None	0	1	2.6709946165023792
438	175.2847	352.3694	65	None	None	0	2	2.636614710693905
439	175.2847	352.3694	68	None	None	0	3	4.535884795447895
440	175.2847	352.3694	73	None	None	0	5	4.742676755408066
441	177.0847	177.6847	61	None	None	0	1	4.596545297731598
442	178.1014	178.5180	66	None	None	0	2	4.718262604057111
443	178.5180	179.3514	73	None	None	0	3	3.8025751688924707
444	179.3514	180.1847	78	None	None	0	5	7.778147972898937
445	180.1847	181.0180	76	None	None	0	4	8.05595546686427
446	181.0180	181.8514	74	None	None	0	3	8.142830055409359
447	181.4347	181.8514	62	None	None	0	1	6.288814255540993
448	181.8514	182.2680	69	None	None	0	3	6.017686046192728
449	182.2680	182.6847	68	None	None	0	2	5.758768446894961
450	182.6847	183.5180	74	None	None	0	5	6.135790061992622
451	183.5180	184.3514	73	None	None	0	4	9.16954410796592
452	183.9347	184.3514	61	None	None	0	1	5.770926596445082
453	184.3514	184.7680	68	None	None	0	3	9.62091013824897
454	184.7680	185.1847	66	None	None	0	0	-1
455	185.1847	186.0180	73	None	None	0	0	-1
456	186.0180	372.4527	64	None	None	0	0	-1
457	186.0180	372.8694	71	None	None	0	0	-1
458	186.4347	186.8514	62	None	None	0	0	-1
459	186.8514	187.2680	59	None	None	0	0	-1
460	187.2680	187.6847	56	None	None	0	0	-1
461	187.6847	188.1014	73	None	None	0	1	4.745912881281583
462	188.1014	188.5180	85	None	None	0	5	3.8127331577792587
463	188.5180	188.9347	83	None	None	0	4	3.736696291419818
464	188.9347	378.2861	73	None	None	0	1	3.021793394777254
465	188.9347	378.2861	81	None	None	0	5	2.443123902786896
466	189.3514	379.1194	71	None	None	0	1	2.4706776662277545
467	189.3514	379.1194	80	None	None	0	5	2.2215211487820636
468	189.7680	379.9527	69	None	None	0	1	2.0944090136054196
469	189.7680	379.9527	78	None	None	0	5	2.447067012288791
470	190.1847	381.2027	68	None	None	0	2	2.4706913813912856
471	190.1847	381.2027	76	None	None	0	5	2.166297043010764
472	191.0180	382.8694	66	None	None	0	1	1.9732485736230092
473	191.0180	382.4527	69	None	None	0	2	1.9725646233566916
474	191.4347	191.8514	73	None	None	0	4	2.4319540242783617
475	191.8514	192.2680	76	None	None	0	5	2.3943676187484053
476	192.2680	192.6847	74	None	None	0	4	3.89914049564112
477	192.6847	386.2027	64	None	None	0	1	3.2059761331219034
478	192.6847	386.2027	73	None	None	0	5	2.910121354260212
479	193.5180	387.8694	64	None	None	0	1	3.9588993331936795
480	193.5180	387.4527	68	None	None	0	2	3.926676242344431
481	193.9347	194.3514	70	None	None	0	3	3.8923968120972576
482	194.3514	194.7680	73	None	None	0	5	3.336932690964926
483	194.7680	195.1847	71	None	None	0	4	3.3401096215612145
484	195.1847	391.2027	61	None	None	0	1	1.9107088879739846
485	195.1847	390.7861	69	None	None	0	5	1.371601656033137
486	195.6014	196.0180	66	None	None	0	4	2.4034259454538662
487	196.0180	392.8694	57	None	None	0	0	-1
488	196.0180	392.4527	62	None	None	0	0	-1
489	196.4347	196.8514	60	None	None	0	0	-1
490	196.8514	394.5361	56	None	None	0	0	-1
491	196.8514	394.1194	61	None	None	0	0	-1
492	198.7958	199.0736	57	None	None	0	1	5.032589448015029
493	199.0736	199.3514	61	None	None	0	2	4.9977527929580745
494	199.3514	199.6292	66	None	None	0	0	-1
495	199.6292	199.9069	69	None	None	0	0	-1
496	199.9069	200.1847	73	None	None	0	0	-1
497	200.1847	401.3372	64	None	None	0	0	-1
498	200.1847	402.3049	69	None	None	0	1	5.887663930169297
499	200.1847	401.3372	76	None	None	0	2	4.581413913913004
500	201.1524	403.2726	62	None	None	0	2	2.6213178865447126
501	201.1524	403.2726	74	None	None	0	5	1.89657463778449
502	202.7654	203.0879	57	None	None	0	1	1.3788923693621382
503	203.0879	408.5759	57	None	None	0	1	1.975538091990195
504	203.0879	407.3759	62	None	None	0	3	1.8398210946474207
505	204.2879	205.4879	61	None	None	0	2	1.8202567304401978
506	205.8879	206.2879	64	None	None	0	1	1.0836734588445749
507	206.2879	206.6879	69	None	None	0	3	1.231450429060325
508	206.6879	415.7759	63	None	None	0	1	0.9052032601940982
509	206.6879	415.7759	66	None	None	0	2	0.9293359130667506
510	206.6879	415.7759	69	None	None	0	3	1.2803099382122047
511	206.6879	415.1759	73	None	None	0	5	1.9290866070169412
512	208.4879	209.0879	71	None	None	0	4	2.4095863139269533
513	209.0879	419.3759	62	None	None	0	1	2.3672908787743743
514	209.0879	419.3759	68	None	None	0	3	2.3301795961273766
515	209.0879	418.7759	73	None	None	0	5	2.200806875883364
516	209.6879	210.2879	71	None	None	0	4	2.2187908650591437
517	210.2879	422.5113	66	None	None	0	3	1.8608624576338895
518	210.2879	421.0597	66	None	None	0	2	4.345148557742236
519	210.2879	422.5113	74	None	None	0	5	4.058176811496565
520	210.7718	211.2557	62	None	None	0	1	3.657536104624832
521	212.2234	424.9307	69	None	None	0	2	3.49921523164879
522	212.2234	424.9307	73	None	None	0	4	3.745098523252527
523	212.7073	425.8984	68	None	None	0	1	3.6769079866227568
524	212.7073	425.8984	71	None	None	0	2	4.093216804460753
525	213.1912	428.0490	66	None	None	0	1	3.4152305213592355
526	213.1912	428.0490	81	None	None	0	5	1.9555864224833
527	214.8578	430.3407	71	None	None	0	1	3.03777845278851
528	214.8578	430.3407	80	None	None	0	5	3.3785162713733525
529	215.4828	431.1740	69	None	None	0	1	3.605673430121178
530	215.4828	431.1740	78	None	None	0	5	3.546604396501053
531	215.6912	432.0073	69	None	None	0	1	3.873170594035017
532	215.6912	432.0073	78	None	None	0	5	3.2711957587652667
533	216.3162	432.8407	68	None	None	0	1	4.315395994476896
534	216.3162	432.8407	77	None	None	0	5	4.392707425167067
535	216.5245	433.4657	68	None	None	0	1	4.305954197284842
536	216.5245	433.4657	77	None	None	0	5	3.8985119047619152
537	216.9412	434.2990	69	None	None	0	2	3.6920520627605846
538	216.9412	434.2990	76	None	None	0	5	3.8492417963729206
539	217.3578	435.1323	66	None	None	0	2	2.980730440217538
540	217.3578	435.1323	74	None	None	0	5	3.3374562317071494
541	217.7745	435.9657	62	None	None	0	1	2.8793149106626217
542	217.7745	435.9657	71	None	None	0	5	2.4109969383124166
543	218.1912	437.2157	61	None	None	0	2	2.491459687928404
544	218.1912	437.2157	69	None	None	0	5	2.3230169075904565
545	219.0245	438.8823	59	None	None	0	1	3.017818272837033
546	219.0245	438.8823	68	None	None	0	2	2.579614809633577
547	219.8578	440.5490	64	None	None	0	1	2.518408691383806
548	219.8578	440.1323	73	None	None	0	4	2.3984864555141394
549	220.2745	220.6912	71	None	None	0	3	2.4207598810133706
550	220.6912	443.0490	69	None	None	0	2	3.165921171335965
551	220.6912	441.7990	69	None	None	0	3	2.6474879916124556
552	220.6912	443.0490	74	None	None	0	0	-1
553	221.1078	221.5245	62	None	None	0	0	-1
554	222.3578	445.5490	64	None	None	0	0	-1
555	222.3578	445.5490	69	None	None	0	0	-1
556	222.3578	445.1323	73	None	None	0	0	-1
557	222.7745	223.1912	71	None	None	0	0	-1
558	223.1912	447.2157	69	None	None	0	0	-1
559	223.1912	447.2157	71	None	None	0	1	5.442159165719147
560	223.1912	447.2157	78	None	None	0	3	5.409760458435647
561	223.1912	447.6323	83	None	None	0	5	7.939808726352381
562	224.0245	448.8823	69	None	None	0	1	7.572222323975343
563	224.0245	448.8823	71	None	None	0	2	7.7723278834405125
564	224.0245	448.8823	75	None	None	0	3	10.404230681414655
565	224.4412	224.8578	81	None	None	0	5	9.892508850136352
566	224.8578	450.3407	68	None	None	0	1	8.778385197187712
567	224.8578	450.3407	73	None	None	0	2	9.15327793515052
568	224.8578	450.3407	80	None	None	0	5	9.104924259234467
569	225.4828	451.1740	66	None	None	0	1	6.974211341883616
570	225.4828	451.1740	75	None	None	0	3	7.648294644045702
571	225.4828	451.1740	78	None	None	0	5	7.281049143795276
572	225.6912	452.0073	66	None	None	0	1	5.16674734199354
573	225.6912	452.0073	71	None	None	0	2	4.6963462957860616
574	225.6912	452.0073	78	None	None	0	5	3.7963850689239376
575	226.3162	452.8407	64	None	None	0	1	2.828404773357434
576	226.3162	452.8407	72	None	None	0	3	3.1172811136599745
577	226.3162	452.8407	76	None	None	0	5	4.8254592119798945
578	226.5245	453.4657	64	None	None	0	1	3.9624569134937557
579	226.5245	453.4657	72	None	None	0	3	3.5230847936781373
580	226.5245	453.4657	76	None	None	0	5	4.937453243760865
581	226.9412	454.7157	69	None	None	0	3	4.24428202365991
582	226.9412	454.2990	73	None	None	0	5	4.520989610496478
583	227.3578	227.7745	73	None	None	0	5	4.985913079884243
584	227.7745	228.1912	66	None	None	0	4	3.731484328911727
585	228.1912	457.2157	57	None	None	0	1	3.493097643592435
586	228.1912	457.2157	63	None	None	0	2	3.160622688015296
587	228.1912	457.2157	69	None	None	0	5	2.929042152575314
588	229.0245	458.8823	56	None	None	0	1	1.5017462342079804
589	229.0245	458.8823	64	None	None	0	3	1.2086687759519552
590	229.0245	458.8823	68	None	None	0	5	1.2125940067585677
591	229.8578	460.5490	55	None	None	0	1	0.8566583289159933
592	229.8578	460.5490	60	None	None	0	2	0.8198811180316382
593	229.8578	460.5490	64	None	None	0	4	0.6748981248343576
594	230.6912	231.5245	66	None	None	0	5	0.6328746190034558
595	231.5245	232.3578	64	None	None	0	4	0.6726280203640029
596	232.3578	465.5490	55	None	None	0	1	1.4970115237653654
597	232.3578	465.5490	61	None	None	0	3	1.6886859207969025
598	232.3578	465.5490	64	None	None	0	4	1.79727435617105
599	233.1912	234.0245	66	None	None	0	5	1.8408694727891262
600	234.0245	234.8578	64	None	None	0	4	1.7983099489796033
601	234.8578	470.5490	56	None	None	0	1	1.8161670918367459
602	234.8578	470.5490	62	None	None	0	2	1.3938957725947503
603	234.8578	470.5490	64	None	None	0	3	1.4384748542273984
604	235.6912	236.5245	71	None	None	0	5	1.28004585762876
605	236.5245	473.8823	62	None	None	0	2	1.0153934341593744
606	236.5245	473.8823	64	None	None	0	3	1.3253424137512075
607	236.5245	473.8823	69	None	None	0	5	1.3916370566083531
608	237.3578	475.5490	62	None	None	0	1	1.274264165893631
609	237.3578	475.5490	64	None	None	0	2	1.2132310026283197
610	237.3578	475.5490	68	None	None	0	3	1.0446510706555376
611	238.1912	478.0490	62	None	None	0	1	1.0852548121521375
612	238.1912	477.2157	68	None	None	0	4	0.783785076530622
613	238.1912	477.2157	71	None	None	0	5	0.8527104591836897
614	239.0245	239.8578	64	None	None	0	2	0.9931919642857301
615	239.8578	480.5490	60	None	None	0	1	1.248001700680298
616	239.8578	480.5490	65	None	None	0	2	1.2509778911564826
617	239.8578	480.5490	69	None	None	0	4	1.158290816326551
618	240.6912	241.5245	71	None	None	0	5	1.0981534090909302
619	241.5245	242.3578	69	None	None	0	4	1.0584000077303883
620	242.3578	485.5490	60	None	None	0	0	-1
621	242.3578	485.5490	63	None	None	0	0	-1
622	242.3578	485.5490	69	None	None	0	0	-1
623	243.1912	244.0245	71	None	None	0	0	-1
624	244.0245	244.8578	69	None	None	0	0	-1
625	244.8578	490.5490	60	None	None	0	0	-1
626	244.8578	490.5490	66	None	None	0	1	4.4368714174947055
627	244.8578	490.5490	69	None	None	0	2	4.907490357886119
628	245.6912	246.5245	78	None	None	0	5	4.969705140374338
629	246.5245	247.7745	72	None	None	0	4	6.7656727441649
630	247.7745	248.1912	69	None	None	0	2	7.271080080710642
631	248.1912	249.8578	68	None	None	0	0	-1
632	249.8578	250.2745	66	None	None	0	0	-1
633	250.2745	250.6912	64	None	None	0	0	-1
634	250.6912	503.0490	68	None	None	0	0	-1
635	250.6912	501.7990	68	None	None	0	0	-1
636	251.1078	251.5245	59	None	None	0	0	-1
637	251.5245	251.9412	56	None	None	0	0	-1
638	252.3578	253.1912	69	None	None	0	3	3.412561437698269
639	253.1912	508.0490	70	None	None	0	4	3.769126543579347
640	253.1912	506.7990	70	None	None	0	5	3.212934147265991
641	253.6078	254.0245	61	None	None	0	2	3.2363053001626363
642	254.0245	254.4412	58	None	None	0	0	-1
643	254.8578	255.2745	68	None	None	0	0	-1
644	255.2745	255.6912	66	None	None	0	0	-1
645	255.6912	513.0490	71	None	None	0	0	-1
646	255.6912	511.7990	71	None	None	0	0	-1
647	256.1078	256.5245	62	None	None	0	0	-1
648	256.5245	256.9412	59	None	None	0	0	-1
649	257.3578	258.1912	72	None	None	0	3	3.796224901250845
650	258.1912	518.0490	73	None	None	0	4	3.9067725477288078
651	258.1912	516.7990	73	None	None	0	5	4.045494568795267
652	258.6078	259.0245	64	None	None	0	2	3.2053343258124736
653	259.0245	259.4412	61	None	None	0	1	2.6283790333268406
654	259.8578	260.2745	71	None	None	0	3	2.055249781626147
655	260.2745	260.6912	69	None	None	0	2	1.9449963254049578
656	260.6912	522.6323	69	None	None	0	2	5.4374204520520895
657	260.6912	521.7990	69	None	None	0	3	5.877590030019642
658	260.6912	522.6323	74	None	None	0	5	5.698402214173321
659	261.1078	261.5245	62	None	None	0	1	5.195418371033468
660	261.9412	525.1323	68	None	None	0	2	5.002490739454517
661	261.9412	524.7157	73	None	None	0	4	5.109431081380762
662	262.7745	263.1912	71	None	None	0	3	5.8665087244680905
663	263.1912	528.2285	66	None	None	0	1	4.6760839658548665
664	263.1912	528.2285	81	None	None	0	5	2.8639131297783607
665	265.0373	530.9977	57	None	None	0	1	1.9212089895987918
666	265.0373	530.9977	64	None	None	0	3	4.3433187872344465
667	265.0373	530.9977	69	None	None	0	5	4.598255291990676
668	265.9604	533.5874	57	None	None	0	1	5.068091326226835
669	265.9604	533.5874	59	None	None	0	2	4.992719861851601
670	265.9604	532.7541	68	None	None	0	5	4.342094174546581
671	266.7937	267.6271	66	None	None	0	3	4.242604378628213
672	267.6271	268.0437	64	None	None	0	2	4.484632439852711
673	268.0437	268.4604	62	None	None	0	1	4.413116434256895
674	268.4604	269.2937	61	None	None	0	3	1.8470231265196875
675	269.2937	270.1271	59	None	None	0	2	1.865163801464361
676	270.1271	541.0874	57	None	None	0	1	1.7485232991095851
677	270.1271	541.0874	64	None	None	0	3	1.990183424698291
678	270.1271	541.0874	69	None	None	0	5	3.0985299485488005
679	270.9604	543.7958	57	None	None	0	1	4.581619817180833
680	270.9604	543.7958	59	None	None	0	2	4.712931230635096
681	270.9604	542.8583	67	None	None	0	5	4.4425087263158956
682	271.8979	272.8354	65	None	None	0	3	4.752505097137202
683	272.8354	273.3041	64	None	None	0	2	4.706858145121921
684	273.3041	273.7729	62	None	None	0	1	4.336284274548047
685	273.7729	274.7104	60	None	None	0	2	2.859425985444856
686	274.7104	276.7104	59	None	None	0	1	3.3679353762261917
687	276.7104	554.3583	69	None	None	0	2	3.4139714829765873
688	276.7104	554.3583	76	None	None	0	3	3.161485873348122
689	276.7104	553.8895	80	None	None	0	4	3.983642321397419
690	277.1791	277.6479	81	None	None	0	5	4.036375869028921
691	277.6479	557.1708	74	None	None	0	3	4.659466497221597
692	277.6479	557.1708	78	None	None	0	5	8.667652189080762
693	278.1166	278.5854	68	None	None	0	1	8.759017966160826
694	278.5854	279.0541	69	None	None	0	2	8.18413570556428
695	279.0541	279.5229	66	None	None	0	1	9.129190650619226
696	279.5229	559.9833	69	None	None	0	2	8.968594104308398
697	279.5229	559.9833	76	None	None	0	3	7.839255189255202
698	279.5229	559.5145	80	None	None	0	4	7.071681493110076
699	279.9916	280.4604	81	None	None	0	5	7.1185465328322595
700	280.4604	561.3895	66	None	None	0	1	3.204103832675271
701	280.4604	562.7958	71	None	None	0	5	2.330726613883933
702	280.9291	281.3979	68	None	None	0	4	2.4960255635620534
703	281.3979	563.2645	59	None	None	0	1	2.5354392873549507
704	281.3979	563.2645	69	None	None	0	3	1.9990296207717138
705	281.8666	282.3354	66	None	None	0	2	2.2688003725324575
706	282.3354	565.6083	64	None	None	0	1	2.9493561318599126
707	282.3354	565.6083	69	None	None	0	3	3.299601880770547
708	282.3354	565.3739	71	None	None	0	4	3.761931792366149
709	283.0385	283.2729	73	None	None	0	5	4.2156857772485345
710	283.2729	567.4833	64	None	None	0	1	4.818658238698969
711	283.2729	567.4833	68	None	None	0	2	4.84015503295945
712	283.2729	567.2489	73	None	None	0	4	5.713870251133951
713	283.9760	284.2104	74	None	None	0	5	5.723562893122313
714	284.2104	569.3583	62	None	None	0	1	4.93625674133018
715	284.2104	569.3583	66	None	None	0	2	4.560322395302379
716	284.2104	568.8895	74	None	None	0	5	4.552566404717872
717	284.6791	285.1479	73	None	None	0	4	3.995294932644336
718	285.1479	571.2333	62	None	None	0	1	3.151026177876441
719	285.1479	571.2333	64	None	None	0	2	2.7162829520832985
720	285.1479	570.7645	74	None	None	0	5	1.4303501050488994
721	285.6166	286.0854	68	None	None	0	3	1.1595937529672466
722	286.0854	573.1083	62	None	None	0	1	1.1464716675560063
723	286.0854	573.1083	68	None	None	0	4	1.056898590031122
724	287.0229	574.9833	61	None	None	0	1	0.7168526921538982
725	287.0229	574.9833	69	None	None	0	4	0.7436264538674201
726	287.9604	576.8583	61	None	None	0	1	0.7772848971644198
727	287.9604	576.8583	66	None	None	0	3	0.7938707209791598
728	287.9604	576.8583	69	None	None	0	4	0.9221935360489617
729	288.8979	289.8354	71	None	None	0	5	0.966685790782178
730	289.8354	290.7729	69	None	None	0	4	0.9198317077835163
731	290.7729	582.4833	62	None	None	0	1	0.8267163893669941
732	290.7729	582.4833	66	None	None	0	3	0.7227481353987425
733	290.7729	582.4833	69	None	None	0	4	0.7990055459935017
734	291.7104	292.6479	71	None	None	0	5	0.7211225855804209
735	292.6479	293.5854	69	None	None	0	4	0.7777108433734974
736	293.5854	588.1083	62	None	None	0	1	0.7822050105182674
737	293.5854	588.1083	66	None	None	0	2	0.663229285448458
738	293.5854	588.1083	69	None	None	0	3	0.8920573053299587
739	294.5229	589.9833	66	None	None	0	2	0.9370520696018301
740	294.5229	589.9833	69	None	None	0	3	1.5182339399403257
741	294.5229	589.9833	74	None	None	0	5	1.404110780636443
742	295.4604	592.7958	64	None	None	0	1	1.4362392946926656
743	295.4604	592.7958	68	None	None	0	3	1.3188867677015854
744	295.4604	592.3270	73	None	None	0	5	1.1838022117908686
745	296.8666	297.3354	71	None	None	0	4	1.250645558304765
746	297.3354	595.6083	62	None	None	0	1	1.1464716675560063
747	297.3354	595.6083	68	None	None	0	4	1.056898590031122
748	298.2729	597.4833	61	None	None	0	1	0.7168526921538982
749	298.2729	597.4833	69	None	None	0	4	0.7436264538674201
750	299.2104	599.3583	61	None	None	0	1	0.7772848971644198
751	299.2104	599.3583	66	None	None	0	3	0.7938707209791598
752	299.2104	599.3583	69	None	None	0	4	0.9221935360489617
753	300.1479	301.0854	71	None	None	0	5	0.966685790782178
754	301.0854	302.0229	69	None	None	0	4	0.9198317077835163
755	302.0229	604.9833	62	None	None	0	0	-1
756	302.0229	604.9833	66	None	None	0	0	-1
757	302.0229	604.9833	69	None	None	0	0	-1
758	302.9604	303.8979	71	None	None	0	0	-1
759	303.8979	304.8354	69	None	None	0	0	-1
760	304.8354	610.6083	62	None	None	0	0	-1
761	304.8354	610.6083	66	None	None	0	1	5.486157619348328
762	304.8354	610.6083	69	None	None	0	2	5.486976830257903
763	305.7729	306.7104	78	None	None	0	5	4.725545705444677
764	306.7104	308.1166	74	None	None	0	1	4.419509577024763
765	308.1166	308.5854	71	None	None	0	4	2.293291579452289
766	308.5854	619.5708	61	None	None	0	1	0.9559027777777749
767	308.5854	619.5708	64	None	None	0	2	0.7403839394732195
768	308.5854	618.3708	68	None	None	0	4	0.6795527864992134
769	309.7854	310.9854	69	None	None	0	5	0.553056514913652
770	310.9854	622.5708	61	None	None	0	2	0.553056514913652
771	310.9854	623.1708	64	None	None	0	3	0.553056514913652
772	311.5854	312.1854	59	None	None	0	1	0.553056514913652
773	312.1854	626.7708	62	None	None	0	2	0.553056514913652
774	312.1854	626.7708	64	None	None	0	3	0.553056514913652
775	314.5854	629.7708	61	None	None	0	2	0.553056514913652
776	314.5854	630.3708	64	None	None	0	3	0.553056514913652
777	315.1854	315.7854	59	None	None	0	1	0.553056514913652
778	315.7854	318.1854	69	None	None	0	0	0.553056514913652
