0	0.0000	0.6000	72	None	None	0	4	6.321885150456579
1	0.6000	1.4083	65	None	None	0	1	6.178945271802418
2	0.6000	1.3042	74	None	None	0	4	7.269456701599567
3	0.7042	1.0167	72	None	None	0	3	7.358863893047575
4	0.8083	1.0167	77	None	None	0	5	7.989179996322855
5	1.0167	2.2417	60	None	None	0	1	4.5142765214193785
6	1.0167	2.1375	67	None	None	0	3	4.485962493105349
7	1.1208	1.4333	65	None	None	0	2	4.445729256953746
8	1.2250	1.4333	72	None	None	0	4	3.379141386284244
9	1.4333	3.0750	65	None	None	0	1	7.3289483360912
10	1.4333	2.9708	74	None	None	0	4	7.328948336091199
11	1.5375	1.8500	72	None	None	0	3	7.328948336091198
12	1.6417	1.8500	77	None	None	0	5	7.328948336091199
13	1.8500	3.9083	67	None	None	0	1	7.560608567751432
14	1.8500	3.8042	74	None	None	0	3	7.562346019488886
15	1.9542	2.2667	72	None	None	0	2	7.611519974785289
16	2.0583	2.2667	79	None	None	0	5	9.606994458014874
17	2.2667	4.7417	60	None	None	0	1	5.263365114385524
18	2.2667	4.6375	69	None	None	0	3	3.989233840254249
19	2.3708	2.6833	67	None	None	0	2	3.9892338402542484
20	2.4750	2.6833	72	None	None	0	3	4.1823299976361294
21	2.6833	5.5750	67	None	None	0	1	6.661094476400609
22	2.6833	5.4708	74	None	None	0	3	6.477053292359428
23	2.7875	3.1000	72	None	None	0	2	6.436820056207824
24	2.8917	3.1000	79	None	None	0	5	6.990027053292369
25	3.1000	6.4083	69	None	None	0	1	7.4185984818638
26	3.1000	6.3042	74	None	None	0	3	8.351277808420676
27	3.2042	3.5167	72	None	None	0	2	8.400451763717085
28	3.3083	3.5167	81	None	None	0	5	8.738268589289005
29	3.5167	7.2417	65	None	None	0	1	10.475720326740742
30	3.5167	7.1375	74	None	None	0	3	9.578680429700844
31	3.6208	3.9333	72	None	None	0	2	9.435448972469041
32	3.7250	3.9333	77	None	None	0	3	7.845911698067106
33	3.9333	8.0750	74	None	None	0	1	6.798042252011131
34	3.9333	7.9708	81	None	None	0	3	7.04719515676637
35	4.0375	4.3500	79	None	None	0	2	6.970482397409197
36	4.1417	4.3500	86	None	None	0	5	7.7730244419810965
37	4.3500	9.0488	67	None	None	0	1	4.020628964990405
38	4.3500	8.8744	74	None	None	0	3	5.985325911196423
39	4.5244	5.0477	72	None	None	0	2	6.02191119502747
40	4.6988	5.0477	79	None	None	0	4	6.025906025703218
41	5.0477	10.4442	72	None	None	0	1	12.916727639322765
42	5.0477	10.2698	81	None	None	0	3	12.193518493833828
43	5.2221	5.7453	79	None	None	0	2	12.266583300870442
44	5.3965	5.7453	84	None	None	0	1	9.773537846186626
45	5.7453	11.8395	84	None	None	0	1	13.352688425337197
46	5.7453	11.6651	93	None	None	0	4	13.65023023065102
47	5.9198	6.4430	91	None	None	0	3	13.753228451731221
48	6.0942	6.4430	96	None	None	0	5	13.4471362871807
49	6.4430	13.0944	65	None	None	0	1	6.290608589979424
50	6.4430	12.9902	74	None	None	0	4	7.2694567015995615
51	6.5472	6.8597	72	None	None	0	3	7.358863893047569
52	6.6514	6.8597	77	None	None	0	5	7.989179996322846
53	6.8597	13.9277	60	None	None	0	1	4.5142765214193785
54	6.8597	13.8235	67	None	None	0	3	4.485962493105352
55	6.9639	7.2764	65	None	None	0	2	4.445729256953746
56	7.0680	7.2764	72	None	None	0	4	3.3791413862842425
57	7.2764	14.7610	65	None	None	0	1	7.328948336091184
58	7.2764	14.6569	74	None	None	0	4	7.328948336091184
59	7.3805	7.6930	72	None	None	0	3	7.328948336091186
60	7.4847	7.6930	77	None	None	0	5	7.328948336091188
61	7.6930	15.5944	67	None	None	0	1	7.56060856775142
62	7.6930	15.4902	74	None	None	0	3	7.562346019488873
63	7.7972	8.1097	72	None	None	0	2	7.611519974785279
64	7.9014	8.1097	79	None	None	0	5	9.606994458014857
65	8.1097	16.4277	60	None	None	0	1	5.26336511438552
66	8.1097	16.3235	69	None	None	0	3	3.9892338402542498
67	8.2139	8.5264	67	None	None	0	2	3.989233840254246
68	8.3180	8.5264	72	None	None	0	3	4.182329997636132
69	8.5264	17.2610	67	None	None	0	1	4.92364273894887
70	8.5264	17.1569	74	None	None	0	3	4.895328710634848
71	8.6305	8.9430	72	None	None	0	2	4.855095474483252
72	8.7347	8.9430	79	None	None	0	5	4.9236427389488755
73	8.9430	18.0944	69	None	None	0	1	6.661094476400612
74	8.9430	17.9902	74	None	None	0	3	7.038185853491984
75	9.0472	9.3597	72	None	None	0	2	6.997952617340385
76	9.1514	9.3597	81	None	None	0	5	5.262564021747698
77	9.3597	18.9277	69	None	None	0	1	6.131289890473576
78	9.3597	18.8235	76	None	None	0	3	5.947248706432404
79	9.4639	9.7764	74	None	None	0	2	5.804017249200593
80	9.5680	9.7764	81	None	None	0	5	6.178656678216744
81	9.7764	19.7610	67	None	None	0	1	5.290037859546116
82	9.7764	19.6569	74	None	None	0	3	7.159426803449319
83	9.8805	10.1930	72	None	None	0	2	7.082714044092144
84	9.9847	10.1930	79	None	None	0	5	7.7515773321873676
85	10.1930	20.7349	65	None	None	0	1	6.60535946137428
86	10.1930	20.5605	74	None	None	0	3	7.946576670904307
87	10.3674	10.8907	72	None	None	0	2	7.983161954735353
88	10.5419	10.8907	77	None	None	0	1	5.683752065673608
89	10.8907	22.1302	77	None	None	0	1	14.707068127849762
90	10.8907	21.9558	86	None	None	0	3	13.983858982360822
91	11.0651	11.5884	84	None	None	0	2	14.194708844711146
92	11.2395	11.5884	89	None	None	0	1	11.664285033596697
93	11.5884	23.5256	89	None	None	0	1	12.204402450426436
94	11.5884	23.3512	98	None	None	0	4	12.829591864209785
95	11.7628	12.2860	96	None	None	0	3	16.109408302924543
96	11.9372	12.2860	101	None	None	0	5	16.19920561385533
97	12.2860	24.7804	65	None	None	0	1	7.716006968508914
98	12.2860	24.6242	74	None	None	0	4	8.027240351897872
99	12.3381	12.3902	72	None	None	0	3	8.064940674529707
100	12.3902	12.4423	74	None	None	0	4	7.614846353202517
101	12.4423	12.6506	72	None	None	0	3	7.151176812820657
102	12.4944	12.7027	77	None	None	0	5	7.504835510657443
103	12.7027	25.6138	60	None	None	0	1	4.585828440965427
104	12.7027	25.4575	67	None	None	0	3	4.69142425204068
105	12.7548	12.8069	65	None	None	0	2	4.757438602986537
106	12.8069	12.8590	67	None	None	0	3	5.550873574161243
107	12.8590	13.0673	65	None	None	0	1	4.966299959450631
108	12.9110	13.1194	72	None	None	0	4	4.3408702244318595
109	13.1194	26.4471	65	None	None	0	1	4.382918143192102
110	13.1194	26.2908	74	None	None	0	4	4.552336876994395
111	13.1715	13.2235	72	None	None	0	3	4.590037199626218
112	13.2235	13.2756	74	None	None	0	4	4.139942878299034
113	13.2756	13.4840	72	None	None	0	3	8.04770190934576
114	13.3277	13.5360	77	None	None	0	5	7.564327145149075
115	13.5360	27.2804	67	None	None	0	1	8.00019745773171
116	13.5360	27.1242	74	None	None	0	3	8.023275330124644
117	13.5881	13.6402	72	None	None	0	2	7.969263588441677
118	13.6402	13.6923	74	None	None	0	3	8.365545388833064
119	13.6923	13.9006	72	None	None	0	2	8.107323566227688
120	13.7444	13.9527	79	None	None	0	5	8.552388885950535
121	13.9527	28.1138	60	None	None	0	1	4.76465594753264
122	13.9527	27.9575	69	None	None	0	3	4.428593466264678
123	14.0048	14.0569	67	None	None	0	2	4.494607817210535
124	14.0569	14.1090	69	None	None	0	3	5.352458525061252
125	14.1090	14.3173	67	None	None	0	1	3.3647537948907735
126	14.1610	14.3694	72	None	None	0	3	3.1267467075686186
127	14.3694	28.9471	67	None	None	0	1	3.4892156344210994
128	14.3694	28.7908	74	None	None	0	3	3.392267414185203
129	14.4215	14.4735	72	None	None	0	2	3.3922674141852096
130	14.4735	14.5256	74	None	None	0	3	5.467609879938636
131	14.5256	14.7340	72	None	None	0	2	7.5839054318506305
132	14.5777	14.7860	79	None	None	0	5	7.843192115794844
133	14.7860	29.7804	69	None	None	0	1	8.279062428377486
134	14.7860	29.6242	74	None	None	0	3	8.70754570617582
135	14.8381	14.8902	72	None	None	0	2	8.653533964492848
136	14.8902	14.9423	74	None	None	0	3	9.049815764884253
137	14.9423	15.1506	72	None	None	0	1	8.504160716489462
138	14.9944	15.2027	81	None	None	0	5	7.458607041483748
139	15.2027	30.6138	65	None	None	0	1	5.40832584051761
140	15.2027	30.4575	74	None	None	0	3	4.645195782867004
141	15.2548	15.3069	72	None	None	0	2	4.711210133812855
142	15.3069	15.3590	74	None	None	0	3	6.221184393787123
143	15.3590	15.5673	72	None	None	0	1	8.577109007246012
144	15.4110	15.6194	77	None	None	0	2	7.650556231378156
145	15.6194	31.4471	74	None	None	0	1	8.0545827068332
146	15.6194	31.2908	81	None	None	0	3	7.928484159306083
147	15.6715	15.7235	79	None	None	0	2	7.798444600597248
148	15.7235	15.7756	81	None	None	0	3	7.434277512978709
149	15.7756	15.9840	79	None	None	0	2	6.892665008796124
150	15.8277	16.0360	86	None	None	0	5	7.585145781536754
151	16.0360	32.4209	67	None	None	0	1	3.673550512798612
152	16.0360	32.1593	74	None	None	0	3	3.6398012022635755
153	16.1233	16.2105	72	None	None	0	2	3.693429320177417
154	16.2105	16.2977	74	None	None	0	3	4.247731832464139
155	16.2977	16.6465	72	None	None	0	2	4.394014772688368
156	16.3849	16.7337	79	None	None	0	4	6.058597742055442
157	16.7337	33.8163	72	None	None	0	1	6.25272496116415
158	16.7337	33.5547	81	None	None	0	3	5.8216223387680355
159	16.8209	16.9081	79	None	None	0	2	5.875250456681868
160	16.9081	16.9953	81	None	None	0	3	6.373853487103323
161	16.9953	17.3442	79	None	None	0	1	12.049746558156198
162	17.0826	17.4314	84	None	None	0	2	11.199619693563399
163	17.4314	35.2116	84	None	None	0	1	10.570047991222157
164	17.4314	34.9500	93	None	None	0	4	10.918981697242932
165	17.5186	17.6058	91	None	None	0	3	11.020323603868604
166	17.6058	17.6930	93	None	None	0	4	11.420441641951435
167	17.6930	18.0419	91	None	None	0	3	14.560816710897903
168	17.7802	18.1291	96	None	None	0	5	14.408865125328305
169	18.1291	36.4665	65	None	None	0	1	7.716006968508881
170	18.1291	36.3102	74	None	None	0	4	8.027240351897845
171	18.1812	18.2332	72	None	None	0	3	8.06494067452966
172	18.2332	18.2853	74	None	None	0	4	7.614846353202487
173	18.2853	18.4937	72	None	None	0	3	7.151176812820621
174	18.3374	18.5457	77	None	None	0	5	7.5048355106574025
175	18.5457	37.2998	60	None	None	0	1	4.585828440965415
176	18.5457	37.1436	67	None	None	0	3	4.691424252040683
177	18.5978	18.6499	65	None	None	0	2	4.757438602986541
178	18.6499	18.7020	67	None	None	0	3	5.550873574161223
179	18.7020	18.9103	65	None	None	0	1	4.966299959450631
180	18.7541	18.9624	72	None	None	0	4	4.340870224431848
181	18.9624	38.1331	65	None	None	0	1	4.382918143192094
182	18.9624	37.9769	74	None	None	0	4	4.5523368769943735
183	19.0145	19.0666	72	None	None	0	3	4.590037199626212
184	19.0666	19.1187	74	None	None	0	4	4.139942878299026
185	19.1187	19.3270	72	None	None	0	3	8.047701909345696
186	19.1707	19.3791	77	None	None	0	5	7.564327145149026
187	19.3791	38.9665	67	None	None	0	1	8.000197457731668
188	19.3791	38.8102	74	None	None	0	3	8.023275330124607
189	19.4312	19.4832	72	None	None	0	2	7.96926358844162
190	19.4832	19.5353	74	None	None	0	3	8.365545388833029
191	19.5353	19.7437	72	None	None	0	2	8.107323566227647
192	19.5874	19.7957	79	None	None	0	5	8.552388885950498
193	19.7957	39.7998	60	None	None	0	1	4.764655947532644
194	19.7957	39.6436	69	None	None	0	3	4.428593466264682
195	19.8478	19.8999	67	None	None	0	2	4.4946078172105395
196	19.8999	19.9520	69	None	None	0	3	5.352458525061256
197	19.9520	20.1603	67	None	None	0	1	3.364753794890782
198	20.0041	20.2124	72	None	None	0	3	3.1267467075686217
199	20.2124	40.6331	67	None	None	0	1	3.4892156344211074
200	20.2124	40.4769	74	None	None	0	3	3.392267414185201
201	20.2645	20.3166	72	None	None	0	2	3.392267414185215
202	20.3166	20.3687	74	None	None	0	3	5.467609879938672
203	20.3687	20.5770	72	None	None	0	2	5.846453694398917
204	20.4207	20.6291	79	None	None	0	5	6.261467534070288
205	20.6291	41.4665	69	None	None	0	1	6.697337846652941
206	20.6291	41.3102	74	None	None	0	3	7.088120801819454
207	20.6812	20.7332	72	None	None	0	2	7.071809382768321
208	20.7332	20.7853	74	None	None	0	3	6.741741154069964
209	20.7853	20.9937	72	None	None	0	1	7.427446624706921
210	20.8374	21.0457	81	None	None	0	5	5.982602563424503
211	21.0457	42.2998	69	None	None	0	1	5.54974700728127
212	21.0457	42.1436	76	None	None	0	3	5.53512455704239
213	21.0978	21.1499	74	None	None	0	2	5.518813137991235
214	21.1499	21.2020	76	None	None	0	3	5.188744909292862
215	21.2020	21.4103	74	None	None	0	2	6.436314592478995
216	21.2541	21.4624	81	None	None	0	5	6.695601276423209
217	21.4624	43.1331	67	None	None	0	1	5.292677944928432
218	21.4624	42.9769	74	None	None	0	3	5.191893487001116
219	21.5145	21.5666	72	None	None	0	2	5.036539838692485
220	21.5666	21.6187	74	None	None	0	3	5.257125616183956
221	21.6187	21.8270	72	None	None	0	2	5.61607648069944
222	21.6707	21.8791	79	None	None	0	5	7.92879329258802
223	21.8791	44.1070	65	None	None	0	1	6.6233756300274935
224	21.8791	43.8453	74	None	None	0	3	5.8216223387680275
225	21.9663	22.0535	72	None	None	0	2	5.875250456681869
226	22.0535	22.1407	74	None	None	0	3	6.373853487103311
227	22.1407	22.4895	72	None	None	0	1	5.44570698595574
228	22.2279	22.5767	77	None	None	0	2	6.886132901196815
229	22.5767	45.5023	77	None	None	0	1	6.25272496116415
230	22.5767	45.2407	86	None	None	0	3	5.8216223387680355
231	22.6640	22.7512	84	None	None	0	2	5.875250456681868
232	22.7512	22.8384	86	None	None	0	3	6.373853487103323
233	22.8384	23.1872	84	None	None	0	1	13.243306883840877
234	22.9256	23.2744	89	None	None	0	2	12.500158389179814
235	23.2744	46.8977	89	None	None	0	1	11.732801631524856
236	23.2744	46.6360	98	None	None	0	4	11.625590545758207
237	23.3616	23.4488	96	None	None	0	3	12.159788008527098
238	23.4488	23.5360	98	None	None	0	4	12.23225843814039
239	23.5360	23.8849	96	None	None	0	3	12.195815289452343
240	23.6233	23.9721	101	None	None	0	5	11.647974228401441
241	23.9721	48.1525	67	None	None	0	1	3.3256854333146975
242	23.9721	48.0484	74	None	None	0	3	3.1197068788905487
243	24.0763	24.3888	72	None	None	0	2	3.1197068788905487
244	24.1804	24.3888	79	None	None	0	5	4.923642738948848
245	24.3888	48.9859	67	None	None	0	1	6.661094476400606
246	24.3888	48.8817	74	None	None	0	3	6.632780448086585
247	24.4929	24.8054	72	None	None	0	2	6.42080059120877
248	24.5971	24.8054	79	None	None	0	5	14.29054054054065
249	24.8054	49.8192	69	None	None	0	1	17.331081081081166
250	24.8054	49.7150	74	None	None	0	3	17.708172458172537
251	24.9096	25.2221	72	None	None	0	2	17.49619260129473
252	25.0138	25.2221	81	None	None	0	5	16.670961705145473
253	25.2221	50.6525	65	None	None	0	1	14.933509967693727
254	25.2221	50.5484	72	None	None	0	3	14.905195939379698
255	25.3263	25.6388	70	None	None	0	2	14.856772933813836
256	25.4304	25.6388	82	None	None	0	5	8.042474982270889
257	25.6388	51.4859	65	None	None	0	1	5.8706603104562465
258	25.6388	51.3817	72	None	None	0	3	5.842346282142226
259	25.7429	26.0554	70	None	None	0	2	5.793923276576357
260	25.8471	26.0554	77	None	None	0	5	5.870660310456268
261	26.0554	52.3192	65	None	None	0	1	5.870660310456256
262	26.0554	52.2150	72	None	None	0	3	5.842346282142221
263	26.1596	26.4721	70	None	None	0	2	5.793923276576361
264	26.2638	26.4721	77	None	None	0	5	5.870660310456254
265	26.4721	53.1525	65	None	None	0	1	5.00193444173038
266	26.4721	53.0484	72	None	None	0	3	4.596529036324975
267	26.5763	26.8888	70	None	None	0	2	4.596529036324975
268	26.6804	26.8888	77	None	None	0	5	6.400464896383259
269	26.8888	53.9859	65	None	None	0	1	15.910117406035829
270	26.8888	53.8817	72	None	None	0	3	15.852202348120779
271	26.9929	27.3054	70	None	None	0	2	16.015759199432726
272	27.0971	27.3054	77	None	None	0	5	22.906794184855563
273	27.3054	54.8192	67	None	None	0	1	34.73304901111032
274	27.3054	54.7150	72	None	None	0	3	35.08053935860065
275	27.4096	27.7221	70	None	None	0	2	35.24409620991261
276	27.5138	27.7221	79	None	None	0	5	32.600041649312864
277	27.7221	55.6525	63	None	None	0	1	25.060659409930583
278	27.7221	55.5484	70	None	None	0	3	24.618022895865504
279	27.8263	28.1388	68	None	None	0	2	24.790131739402916
280	27.9304	28.1388	80	None	None	0	5	17.629505723966297
281	28.1388	56.4859	63	None	None	0	1	8.642247036707698
282	28.1388	56.3817	70	None	None	0	3	8.199610522642622
283	28.2429	28.5554	68	None	None	0	2	8.37171936618003
284	28.3471	28.5554	75	None	None	0	5	8.942247036707698
285	28.5554	57.3192	63	None	None	0	1	8.642247036707666
286	28.5554	57.2150	70	None	None	0	3	8.199610522642582
287	28.6596	28.9721	68	None	None	0	2	8.371719366180008
288	28.7638	28.9721	75	None	None	0	5	8.942247036707663
289	28.9721	58.1525	63	None	None	0	1	8.642247036707664
290	28.9721	58.0484	70	None	None	0	3	8.199610522642583
291	29.0763	29.3888	68	None	None	0	2	8.371719366179999
292	29.1804	29.3888	75	None	None	0	5	8.94224703670766
293	29.3888	58.9859	63	None	None	0	1	8.642247036707698
294	29.3888	58.8817	70	None	None	0	3	8.57369666815733
295	29.4929	29.8054	68	None	None	0	2	9.192031660982114
296	29.5971	29.8054	75	None	None	0	5	10.583796626508018
297	29.8054	59.8192	63	None	None	0	1	8.747889290600654
298	29.8054	59.7150	70	None	None	0	3	8.353013895725255
299	29.9096	30.2221	68	None	None	0	2	9.074588239748588
300	30.0138	30.2221	75	None	None	0	5	9.012739010260887
301	30.2221	60.6525	63	None	None	0	1	6.742468739990609
302	30.2221	60.5484	68	None	None	0	3	6.716143713665586
303	30.3263	30.6388	67	None	None	0	2	6.716143713665585
304	30.4304	30.6388	75	None	None	0	5	5.3657688698505
305	30.6388	61.4859	62	None	None	0	1	5.753799757881425
306	30.6388	61.3817	68	None	None	0	3	6.148675152756825
307	30.7429	31.0554	67	None	None	0	2	5.427100808733492
308	30.8471	31.0554	74	None	None	0	5	5.488950038221196
309	31.0554	62.3192	62	None	None	0	1	6.250211299482439
310	31.0554	62.2150	68	None	None	0	3	8.214161892004448
311	31.1596	31.4721	67	None	None	0	2	7.6646963915185635
312	31.2638	31.4721	74	None	None	0	5	12.403416369305635
313	31.4721	63.1525	63	None	None	0	1	13.551292817182041
314	31.4721	63.0484	70	None	None	0	3	13.108656303116957
315	31.5763	31.8888	68	None	None	0	2	13.280765146654383
316	31.6804	31.8888	75	None	None	0	3	13.998050080484449
317	31.8888	63.9859	75	None	None	0	1	15.929930940936812
318	31.8888	63.8817	82	None	None	0	3	15.561380572386447
319	31.9929	32.3054	80	None	None	0	2	16.282954916409732
320	32.0971	32.3054	87	None	None	0	5	17.571480530737112
321	32.3054	64.8192	75	None	None	0	1	15.735573194829783
322	32.3054	64.7150	82	None	None	0	3	15.34069779995439
323	32.4096	32.7221	80	None	None	0	2	16.062272143977715
324	32.5138	32.7221	89	None	None	0	5	13.356368353890325
325	32.7221	65.6525	75	None	None	0	1	6.742468739990582
326	32.7221	65.5484	80	None	None	0	3	6.716143713665554
327	32.8263	33.1388	79	None	None	0	2	6.716143713665595
328	32.9304	33.1388	87	None	None	0	5	5.365768869850507
329	33.1388	66.4859	74	None	None	0	1	4.931405935487603
330	33.1388	66.3817	80	None	None	0	3	4.978790982872658
331	33.2429	33.5554	79	None	None	0	2	4.978790982872618
332	33.3471	33.5554	86	None	None	0	5	5.8807589129017845
333	33.5554	67.3192	74	None	None	0	1	11.961839993982817
334	33.5554	67.2150	80	None	None	0	3	12.00922504136787
335	33.6596	33.9721	79	None	None	0	2	12.009225041367868
336	33.7638	33.9721	86	None	None	0	5	12.911192971397039
337	33.9721	68.1525	74	None	None	0	1	12.042467102671159
338	33.9721	68.0484	79	None	None	0	3	11.849030809234861
339	34.0763	34.3888	78	None	None	0	2	12.911192971397053
340	34.1804	34.3888	86	None	None	0	5	14.715128831455274
341	34.3888	68.9859	62	None	None	0	1	9.502773619100141
342	34.3888	68.8817	67	None	None	0	3	9.502773619100147
343	34.4929	34.8054	66	None	None	0	2	9.502773619100108
344	34.5971	34.8054	74	None	None	0	5	9.502773619100106
345	34.8054	69.8192	64	None	None	0	1	14.089646205972656
346	34.8054	69.7150	67	None	None	0	3	13.191962808289267
347	34.9096	35.2221	66	None	None	0	2	13.191962808289267
348	35.0138	35.2221	76	None	None	0	5	10.547908247689595
349	35.2221	70.6525	62	None	None	0	1	11.64945264923395
350	35.2221	70.5484	67	None	None	0	3	11.919481606762897
351	35.3263	35.6388	66	None	None	0	2	11.920495120276449
352	35.4304	35.6388	74	None	None	0	5	11.080376419734993
353	35.6388	71.4859	61	None	None	0	1	8.665318504677149
354	35.6388	71.3817	67	None	None	0	3	8.915640254998912
355	35.7429	36.0554	66	None	None	0	2	8.699776175376915
356	35.8471	36.0554	73	None	None	0	5	8.695120697774179
357	36.0554	72.3192	61	None	None	0	1	6.4064229090764115
358	36.0554	72.2150	67	None	None	0	3	6.648164650818157
359	36.1596	36.4721	66	None	None	0	2	6.432300571196161
360	36.2638	36.4721	73	None	None	0	5	6.427645093593432
361	36.4721	73.1585	59	None	None	0	1	5.231128772077099
362	36.4721	73.0513	67	None	None	0	4	4.976967955416277
363	36.5792	36.9007	66	None	None	0	3	5.176105886450762
364	36.6864	36.9007	71	None	None	0	5	5.177799236204464
365	36.9007	74.0156	59	None	None	0	1	6.456208327113552
366	36.9007	73.9085	67	None	None	0	4	6.456208327113553
367	37.0078	37.3292	66	None	None	0	3	6.364538265259393
368	37.1150	37.3292	71	None	None	0	5	6.34505837711539
369	37.3292	74.8728	61	None	None	0	1	9.29882336213041
370	37.3292	74.7656	67	None	None	0	3	9.490219856261277
371	37.4364	37.7578	66	None	None	0	2	9.69522904966708
372	37.5435	37.7578	73	None	None	0	5	10.78731693429618
373	37.7578	75.7742	59	None	None	0	1	11.416441749060969
374	37.7578	75.6449	67	None	None	0	4	11.432334326749334
375	37.8871	38.2750	66	None	None	0	3	11.123004454449536
376	38.0164	38.2750	71	None	None	0	5	12.531815065159975
377	38.2750	76.7882	58	None	None	0	1	8.96158841680827
378	38.2750	76.6691	67	None	None	0	4	8.67315890237428
379	38.3941	38.7512	66	None	None	0	3	8.323695699854524
380	38.5131	38.7512	70	None	None	0	5	7.310801521664318
381	38.7512	77.7611	58	None	None	0	1	5.2991402076262055
382	38.7512	77.6318	68	None	None	0	4	5.59658093866019
383	38.8805	39.2685	66	None	None	0	3	5.401799477431362
384	39.0099	39.2685	70	None	None	0	5	4.049291871583937
385	39.2685	78.7956	59	None	None	0	1	4.14372255251015
386	39.2685	78.6663	68	None	None	0	4	3.633568497213917
387	39.3978	39.7857	66	None	None	0	3	3.7682368129207893
388	39.5271	39.7857	71	None	None	0	5	4.532293245210305
389	39.7857	39.9150	61	None	None	0	2	3.70357954819304
390	39.9150	40.3030	59	None	None	0	1	3.5888175831843636
391	40.0443	40.3030	66	None	None	0	4	3.6415056383563167
392	40.3030	80.8645	59	None	None	0	1	3.8854960229717164
393	40.3030	80.7352	68	None	None	0	4	7.976147094044549
394	40.4323	40.8202	66	None	None	0	3	7.933670773372746
395	40.5616	40.8202	71	None	None	0	5	8.415561454746511
396	40.8202	81.8990	61	None	None	0	1	7.9674158503509025
397	40.8202	81.7697	68	None	None	0	3	7.863514958010159
398	40.9495	41.3374	66	None	None	0	2	7.653034675671676
399	41.0788	41.3374	73	None	None	0	5	7.768240026175096
400	41.3374	41.4668	63	None	None	0	2	6.240380385815422
401	41.4668	41.8547	61	None	None	0	1	2.896502834795002
402	41.5961	41.8547	66	None	None	0	3	5.091365571413901
403	41.8547	83.9680	61	None	None	0	1	7.131257970681282
404	41.8547	83.8387	68	None	None	0	3	7.190832882376724
405	41.9840	42.3719	66	None	None	0	2	7.344070142192946
406	42.1133	42.3719	73	None	None	0	5	7.6208318639566714
407	42.3719	85.0025	63	None	None	0	1	7.54268301627656
408	42.3719	84.8732	68	None	None	0	3	8.68026941301474
409	42.5012	42.8892	66	None	None	0	2	8.833506672830953
410	42.6305	42.8892	75	None	None	0	5	10.70308282409346
411	42.8892	86.0370	59	None	None	0	1	20.746523758159345
412	42.8892	85.9077	68	None	None	0	3	19.728011020896613
413	43.0185	43.4064	66	None	None	0	2	19.663239907277198
414	43.1478	43.4064	71	None	None	0	3	18.89894984345667
415	43.4064	87.0714	68	None	None	0	1	14.85589863754556
416	43.4064	86.9421	75	None	None	0	3	15.623985565421542
417	43.5357	43.9237	73	None	None	0	2	15.6872629452108
418	43.6650	43.9237	80	None	None	0	5	17.219349857117546
419	43.9237	88.1961	61	None	None	0	1	5.6634471386501275
420	43.9237	88.0217	68	None	None	0	3	7.813500099917013
421	44.0981	44.6213	66	None	None	0	2	7.941548593325695
422	44.2725	44.6213	73	None	None	0	4	8.141309379027849
423	44.6213	89.5915	66	None	None	0	1	14.532161833999492
424	44.6213	89.4171	75	None	None	0	3	14.037234735746154
425	44.7957	45.3190	73	None	None	0	2	14.322641622471789
426	44.9702	45.3190	78	None	None	0	3	13.243214255895493
427	45.3190	90.9868	78	None	None	0	1	11.449337984434665
428	45.3190	90.8124	87	None	None	0	4	12.073283731870935
429	45.4934	46.0167	85	None	None	0	3	11.94814915239529
430	45.6678	46.0167	90	None	None	0	5	11.270492433500682
431	46.0167	92.2417	59	None	None	0	1	4.387568587586427
432	46.0167	92.1375	68	None	None	0	4	4.1573570389896854
433	46.1208	46.4333	66	None	None	0	3	4.32857745765909
434	46.2250	46.4333	71	None	None	0	5	5.224517493905251
435	46.4333	46.5375	61	None	None	0	2	4.260645458604616
436	46.5375	46.8500	59	None	None	0	1	4.132889568603845
437	46.6417	46.8500	66	None	None	0	4	4.192066300521106
438	46.8500	93.9084	59	None	None	0	1	4.47585008430491
439	46.8500	93.8042	68	None	None	0	4	9.084364648431674
440	46.9542	47.2667	66	None	None	0	3	9.036657253785508
441	47.0583	47.2667	71	None	None	0	5	9.604411961846335
442	47.2667	94.7417	61	None	None	0	1	9.08317644061081
443	47.2667	94.6375	68	None	None	0	3	8.946591459127877
444	47.3708	47.6833	66	None	None	0	2	8.710189959752626
445	47.4750	47.6833	73	None	None	0	5	8.851516208950603
446	47.6833	47.7875	63	None	None	0	2	7.074471631905983
447	47.7875	48.1000	61	None	None	0	1	3.3187865007107193
448	47.8917	48.1000	66	None	None	0	3	5.783952530016617
449	48.1000	96.4084	61	None	None	0	1	7.954995001059135
450	48.1000	96.3042	68	None	None	0	3	7.512358486994061
451	48.2042	48.5167	66	None	None	0	2	7.684467330531468
452	48.3083	48.5167	73	None	None	0	5	8.254995001059129
453	48.5167	97.2417	63	None	None	0	1	14.046500792564851
454	48.5167	97.1375	68	None	None	0	3	14.41505116111522
455	48.6208	48.9333	66	None	None	0	2	14.41505116111522
456	48.7250	48.9333	75	None	None	0	5	11.837999932460573
457	48.9333	98.0750	63	None	None	0	1	10.870818465279038
458	48.9333	97.9709	70	None	None	0	3	10.940109695284535
459	49.0375	49.3500	68	None	None	0	2	10.954860145504973
460	49.1417	49.3500	75	None	None	0	5	11.297058035098662
461	49.3500	98.9084	61	None	None	0	1	5.732192853151963
462	49.3500	98.8042	68	None	None	0	3	8.327770649807675
463	49.4542	49.7667	66	None	None	0	2	8.342521100028106
464	49.5583	49.7667	73	None	None	0	5	8.502702419281748
465	49.7667	99.8822	59	None	None	0	1	6.63364402462496
466	49.7667	99.7078	68	None	None	0	3	8.044595636654444
467	49.9411	50.4644	66	None	None	0	2	8.172644130063114
468	50.1155	50.4644	71	None	None	0	1	5.674508452486723
469	50.4644	101.2775	71	None	None	0	1	32.76832784552898
470	50.4644	101.1031	80	None	None	0	3	31.954536714380332
471	50.6388	51.1620	78	None	None	0	2	32.067834757568555
472	50.8132	51.1620	83	None	None	0	1	29.409517760738577
473	51.1620	102.6729	83	None	None	0	1	32.35276100398187
474	51.1620	102.4985	92	None	None	0	4	31.644389079265583
475	51.3364	51.8597	90	None	None	0	3	31.986941574619852
476	51.5109	51.8597	95	None	None	0	5	32.61152604925107
477	51.8597	103.9277	61	None	None	0	1	5.865197003699167
478	51.8597	103.8236	68	None	None	0	3	5.67794377240448
479	51.9639	52.2764	66	None	None	0	2	5.67794377240448
480	52.0680	52.2764	73	None	None	0	5	8.254995001059234
481	52.2764	104.7611	61	None	None	0	1	5.550361796425974
482	52.2764	104.6569	68	None	None	0	3	5.202871448935612
483	52.3805	52.6930	66	None	None	0	2	5.924445792958961
484	52.4847	52.6930	73	None	None	0	5	6.764564493500363
485	52.6930	105.5944	63	None	None	0	1	9.99622472516064
486	52.6930	105.4902	68	None	None	0	3	9.882953986889904
487	52.7972	53.1097	66	None	None	0	2	9.694032704091068
488	52.9014	53.1097	75	None	None	0	5	7.957193179132003
489	53.1097	106.4277	64	None	None	0	1	8.391556113494934
490	53.1097	106.3236	69	None	None	0	3	8.257225354164179
491	53.2139	53.5264	68	None	None	0	2	7.346729727342016
492	53.3180	53.5264	76	None	None	0	5	7.346822730496276
493	53.5264	107.2611	59	None	None	0	1	4.7406451243186085
494	53.5264	107.1569	66	None	None	0	3	3.8639486226220883
495	53.6305	53.9430	64	None	None	0	2	3.838584191135217
496	53.7347	53.9430	71	None	None	0	5	4.74064512431859
497	53.9430	108.0944	59	None	None	0	1	4.740645124318612
498	53.9430	107.9902	66	None	None	0	3	3.863948622622118
499	54.0472	54.3597	64	None	None	0	2	3.838584191135228
500	54.1514	54.3597	71	None	None	0	5	4.740645124318626
501	54.3597	108.9277	59	None	None	0	1	4.8680582517317585
502	54.3597	108.8236	66	None	None	0	3	4.1046324883060015
503	54.4639	54.7764	64	None	None	0	2	4.1046324883060015
504	54.5680	54.7764	71	None	None	0	5	8.032058560775866
505	54.7764	109.7611	59	None	None	0	1	7.597695626412911
506	54.7764	109.6569	66	None	None	0	3	6.855329884047154
507	54.8805	55.1930	64	None	None	0	2	7.7404610793824435
508	54.9847	55.1930	71	None	None	0	5	8.642429009411574
509	55.1930	110.5944	61	None	None	0	1	11.121193488176111
510	55.1930	110.4902	66	None	None	0	3	11.519344886327527
511	55.2972	55.6097	64	None	None	0	2	12.202435265336241
512	55.4014	55.6097	73	None	None	0	5	9.11870222992674
513	55.6097	111.4277	62	None	None	0	1	9.553065164289674
514	55.6097	111.3236	67	None	None	0	3	9.930156541381054
515	55.7139	56.0264	66	None	None	0	2	9.72811572505452
516	55.8180	56.0264	74	None	None	0	5	9.669840832085757
517	56.0264	112.2611	57	None	None	0	1	6.167138129382998
518	56.0264	112.1569	64	None	None	0	3	7.822397762193644
519	56.1305	56.4430	63	None	None	0	2	7.704540619336514
520	56.2347	56.4430	69	None	None	0	5	8.334274945499438
521	56.4430	113.0944	57	None	None	0	1	8.70605744228196
522	56.4430	112.9902	64	None	None	0	3	9.685852835342622
523	56.5472	56.8597	63	None	None	0	2	11.722900086675653
524	56.6514	56.8597	69	None	None	0	5	11.069494129698276
525	56.8597	56.9639	62	None	None	0	3	9.903084863289019
526	56.9639	57.2764	61	None	None	0	1	8.901418984582307
527	57.0680	57.2764	69	None	None	0	2	9.363777480104071
528	57.2764	114.7611	69	None	None	0	1	9.502773619100163
529	57.2764	114.6569	74	None	None	0	3	9.502773619100157
530	57.3805	57.6930	73	None	None	0	2	9.502773619100198
531	57.4847	57.6930	81	None	None	0	5	9.502773619100163
532	57.6930	115.5944	71	None	None	0	1	14.089646205972821
533	57.6930	115.4902	74	None	None	0	3	13.191962808289437
534	57.7972	58.1097	73	None	None	0	2	13.191962808289396
535	57.9014	58.1097	83	None	None	0	5	10.547908247689625
536	58.1097	116.4277	69	None	None	0	1	11.649452649234021
537	58.1097	116.3236	74	None	None	0	3	11.919481606762972
538	58.2139	58.5264	73	None	None	0	2	11.920495120276486
539	58.3180	58.5264	81	None	None	0	5	11.080376419735073
540	58.5264	117.2611	68	None	None	0	1	6.927866767225342
541	58.5264	117.1569	74	None	None	0	3	6.956824296182869
542	58.6305	58.9430	73	None	None	0	2	6.9568242961829085
543	58.7347	58.9430	80	None	None	0	5	7.796942996724322
544	58.9430	118.0944	68	None	None	0	1	5.94108714086851
545	58.9430	117.9902	74	None	None	0	3	7.083139907921301
546	59.0472	59.3597	73	None	None	0	2	7.5358609963566225
547	59.1514	59.3597	80	None	None	0	5	10.530884091088234
548	59.3597	118.9277	69	None	None	0	1	10.096521156725311
549	59.3597	118.8236	74	None	None	0	3	9.903084863289019
550	59.4639	59.7764	73	None	None	0	2	10.96524702545117
551	59.5680	59.7764	81	None	None	0	5	12.769182885509426
552	59.7764	119.7611	81	None	None	0	1	9.502773619100106
553	59.7764	119.6569	86	None	None	0	3	9.502773619100106
554	59.8805	60.1930	85	None	None	0	2	9.502773619100108
555	59.9847	60.1930	93	None	None	0	5	9.502773619100106
556	60.1930	120.5944	83	None	None	0	1	14.089646205972656
557	60.1930	120.4902	86	None	None	0	3	13.191962808289267
558	60.2972	60.6097	85	None	None	0	2	13.191962808289267
559	60.4014	60.6097	95	None	None	0	5	10.547908247689595
560	60.6097	121.4277	81	None	None	0	1	11.64945264923395
561	60.6097	121.3236	86	None	None	0	3	11.919481606762897
562	60.7139	61.0264	85	None	None	0	2	11.920495120276449
563	60.8180	61.0264	93	None	None	0	5	11.080376419734993
564	61.0264	122.2611	80	None	None	0	1	9.332499971858628
565	61.0264	122.1569	86	None	None	0	3	9.640397479756146
566	61.1305	61.4430	85	None	None	0	2	9.537158128557573
567	61.2347	61.4430	92	None	None	0	5	10.928923094083485
568	61.4430	123.0944	80	None	None	0	1	31.1991933643536
569	61.4430	122.9902	86	None	None	0	3	31.207090872251115
570	61.5472	61.8597	85	None	None	0	2	31.20709087225111
571	61.6514	61.8597	92	None	None	0	5	32.4956164865785
572	61.8597	123.9277	80	None	None	0	1	29.599863590825564
573	61.8597	123.8236	85	None	None	0	3	29.42748731844929
574	61.9639	62.2764	84	None	None	0	2	30.389614380576383
575	62.0680	62.2764	92	None	None	0	5	32.966665609230986
576	62.2764	124.7611	68	None	None	0	1	15.59214823471387
577	62.2764	124.6569	73	None	None	0	3	15.592148234713875
578	62.3805	62.6930	72	None	None	0	2	15.592148234713836
579	62.4847	62.6930	80	None	None	0	5	15.592148234713834
580	62.6930	125.5944	70	None	None	0	1	16.651993794559374
581	62.6930	125.4902	73	None	None	0	3	15.835917978483563
582	62.7972	63.1097	72	None	None	0	2	15.835917978483563
583	62.9014	63.1097	82	None	None	0	5	11.908491906013863
584	63.1097	126.4277	68	None	None	0	1	6.742468739990609
585	63.1097	126.3236	73	None	None	0	3	6.716143713665575
586	63.2139	63.5264	72	None	None	0	2	6.716143713665614
587	63.3180	63.5264	80	None	None	0	5	5.365768869850513
588	63.5264	127.2611	67	None	None	0	1	5.800131804213486
589	63.5264	127.1569	73	None	None	0	3	6.068881072962767
590	63.6305	63.9430	72	None	None	0	2	5.301292855409714
591	63.7347	63.9430	79	None	None	0	5	5.844477986605076
592	63.9430	128.0944	67	None	None	0	1	5.826050468177541
593	63.9430	127.9902	73	None	None	0	3	6.086219728346793
594	64.0472	64.3597	72	None	None	0	2	5.31863151079374
595	64.1514	64.3597	79	None	None	0	5	5.861816641989107
596	64.3597	128.9337	65	None	None	0	1	4.122390527562961
597	64.3597	128.8265	74	None	None	0	4	4.2665882967607045
598	64.4668	64.7883	72	None	None	0	3	4.2665882967607045
599	64.5740	64.7883	77	None	None	0	5	3.788762626262596
600	64.7883	129.7908	65	None	None	0	1	4.641035353535303
601	64.7883	129.6837	74	None	None	0	4	4.641035353535303
602	64.8954	65.2168	72	None	None	0	3	4.602700600396305
603	65.0026	65.2168	77	None	None	0	5	4.536239805552015
604	65.2168	130.6480	67	None	None	0	1	6.0174148804770855
605	65.2168	130.5408	74	None	None	0	3	5.515654921685898
606	65.3240	65.6454	72	None	None	0	2	5.537781358467512
607	65.4311	65.6454	79	None	None	0	5	6.561300848722363
608	65.6454	131.5494	65	None	None	0	1	5.64180661056619
609	65.6454	131.4201	74	None	None	0	4	5.328083997107674
610	65.7747	66.1627	72	None	None	0	3	5.407687768440768
611	65.9040	66.1627	77	None	None	0	5	5.900236103564286
612	66.1627	132.5634	64	None	None	0	1	4.406417422245609
613	66.1627	132.4444	74	None	None	0	4	4.45483256763766
614	66.2817	66.6388	72	None	None	0	3	4.4821649291536865
615	66.4008	66.6388	76	None	None	0	5	4.148436795042938
616	66.6388	133.5363	64	None	None	0	1	6.840263430531442
617	66.6388	133.4070	74	None	None	0	4	7.110198566931801
618	66.7682	67.1561	72	None	None	0	3	7.154313957448929
619	66.8975	67.1561	76	None	None	0	5	6.382079420472184
620	67.1561	134.5205	65	None	None	0	1	6.368898176040946
621	67.1561	134.4163	74	None	None	0	4	7.269456701599497
622	67.2603	67.3644	72	None	None	0	3	7.358863893047502
623	67.3644	67.5728	77	None	None	0	5	7.98917999632275
624	67.5728	135.3538	60	None	None	0	1	4.514276521419383
625	67.5728	135.2497	67	None	None	0	3	4.485962493105384
626	67.6769	67.7811	65	None	None	0	2	4.445729256953751
627	67.7811	67.9894	72	None	None	0	4	3.3791413862842403
628	67.9894	136.1872	65	None	None	0	1	7.328948336091047
629	67.9894	136.0830	74	None	None	0	4	7.328948336091026
630	68.0936	68.1978	72	None	None	0	3	7.328948336091053
631	68.1978	68.4061	77	None	None	0	5	7.328948336091054
632	68.4061	137.0205	67	None	None	0	1	7.5606085677512915
633	68.4061	136.9163	74	None	None	0	3	7.562346019488745
634	68.5103	68.6144	72	None	None	0	2	7.611519974785147
635	68.6144	68.8228	79	None	None	0	5	9.606994458014707
636	68.8228	137.8538	60	None	None	0	1	5.263365114385501
637	68.8228	137.7497	69	None	None	0	3	3.9892338402542777
638	68.9269	69.0311	67	None	None	0	2	3.989233840254247
639	69.0311	69.2394	72	None	None	0	3	4.182329997636214
640	69.2394	138.6872	67	None	None	0	1	6.661094476400608
641	69.2394	138.5830	74	None	None	0	3	6.477053292359401
642	69.3436	69.4478	72	None	None	0	2	6.436820056207828
643	69.4478	69.6561	79	None	None	0	5	6.9900270532923585
644	69.6561	139.5205	69	None	None	0	1	7.418598481863796
645	69.6561	139.4163	74	None	None	0	3	8.351277808420646
646	69.7603	69.8644	72	None	None	0	2	8.400451763717045
647	69.8644	70.0728	81	None	None	0	5	8.73826858928891
648	70.0728	140.3538	65	None	None	0	1	10.475720326740799
649	70.0728	140.2497	74	None	None	0	3	9.578680429700954
650	70.1769	70.2811	72	None	None	0	2	9.43544897246913
651	70.2811	70.4894	77	None	None	0	3	7.845911698067187
652	70.4894	141.1872	74	None	None	0	1	6.798042252011195
653	70.4894	141.0830	81	None	None	0	3	7.047195156766442
654	70.5936	70.6978	79	None	None	0	2	6.970482397409276
655	70.6978	70.9061	86	None	None	0	5	7.7730244419811845
656	70.9061	142.1610	67	None	None	0	1	4.020628964990443
657	70.9061	141.9866	74	None	None	0	3	5.985325911196498
658	71.0805	71.2549	72	None	None	0	2	6.021911195027544
659	71.2549	71.6038	79	None	None	0	4	6.025906025703281
660	71.6038	143.5564	72	None	None	0	1	12.91672763932272
661	71.6038	143.3819	81	None	None	0	3	12.19351849383376
662	71.7782	71.9526	79	None	None	0	2	12.266583300870368
663	71.9526	72.3014	84	None	None	0	1	9.77353784618654
664	72.3014	144.9517	84	None	None	0	1	13.352688425337009
665	72.3014	144.7773	93	None	None	0	4	13.650230230650807
666	72.4759	72.6503	91	None	None	0	3	13.75322845173103
667	72.6503	72.9991	96	None	None	0	5	13.447136287180511
668	72.9991	146.2066	65	None	None	0	1	6.290608589979336
669	72.9991	146.1024	74	None	None	0	4	7.269456701599497
670	73.1033	73.2074	72	None	None	0	3	7.358863893047502
671	73.2074	73.4158	77	None	None	0	5	7.98917999632275
672	73.4158	147.0399	60	None	None	0	1	4.514276521419383
673	73.4158	146.9357	67	None	None	0	3	4.485962493105384
674	73.5199	73.6241	65	None	None	0	2	4.445729256953751
675	73.6241	73.8324	72	None	None	0	4	3.3791413862842403
676	73.8324	147.8732	65	None	None	0	1	7.328948336091047
677	73.8324	147.7691	74	None	None	0	4	7.328948336091026
678	73.9366	74.0408	72	None	None	0	3	7.328948336091053
679	74.0408	74.2491	77	None	None	0	5	7.328948336091054
680	74.2491	148.7066	67	None	None	0	1	7.5606085677512915
681	74.2491	148.6024	74	None	None	0	3	7.562346019488745
682	74.3533	74.4574	72	None	None	0	2	7.611519974785147
683	74.4574	74.6658	79	None	None	0	5	9.606994458014707
684	74.6658	149.5399	60	None	None	0	1	5.263365114385501
685	74.6658	149.4357	69	None	None	0	3	3.9892338402542777
686	74.7699	74.8741	67	None	None	0	2	3.989233840254247
687	74.8741	75.0824	72	None	None	0	3	4.182329997636214
688	75.0824	150.3732	67	None	None	0	1	4.923642738948921
689	75.0824	150.2691	74	None	None	0	3	4.89532871063487
690	75.1866	75.2908	72	None	None	0	2	4.855095474483304
691	75.2908	75.4991	79	None	None	0	5	4.923642738948925
692	75.4991	151.2066	69	None	None	0	1	6.661094476400692
693	75.4991	151.1024	74	None	None	0	3	7.038185853492073
694	75.6033	75.7074	72	None	None	0	2	6.99795261734047
695	75.7074	75.9158	81	None	None	0	5	5.262564021747695
696	75.9158	152.0399	69	None	None	0	1	6.131289890473624
697	75.9158	151.9357	76	None	None	0	3	5.947248706432474
698	76.0199	76.1241	74	None	None	0	2	5.907015470280834
699	76.1241	76.3324	81	None	None	0	5	6.460222467365414
700	76.3324	152.8732	67	None	None	0	1	4.954430961573866
701	76.3324	152.7691	74	None	None	0	3	4.956168413311291
702	76.4366	76.5408	72	None	None	0	2	5.005342368607728
703	76.5408	76.7491	79	None	None	0	5	7.000816851837287
704	76.7491	153.7066	65	None	None	0	1	6.132090983111405
705	76.7491	153.6024	74	None	None	0	3	5.079323930344337
706	76.8533	76.9574	72	None	None	0	2	5.039090694192735
707	76.9574	77.1658	77	None	None	0	3	3.981457988600836
708	77.1658	154.5399	72	None	None	0	1	4.722770729913598
709	77.1658	154.4357	79	None	None	0	3	4.694456701599599
710	77.2699	77.3741	77	None	None	0	2	4.654223465447966
711	77.3741	77.5824	84	None	None	0	5	4.722770729913607
712	77.5824	155.3732	72	None	None	0	1	5.137185144327963
713	77.5824	155.2691	81	None	None	0	4	7.138279095421831
714	77.6866	77.7908	79	None	None	0	3	7.227686286869871
715	77.7908	77.9991	84	None	None	0	5	8.528973288156825
716	77.9991	156.2066	72	None	None	0	1	8.528973288156825
717	77.9991	156.1024	79	None	None	0	3	8.34493210411564
718	78.1033	78.2074	77	None	None	0	2	8.30469886796404
719	78.2074	78.4158	84	None	None	0	3	6.587635594778361
720	78.4158	157.0399	84	None	None	0	1	4.722770729913598
721	78.4158	156.9357	91	None	None	0	3	4.694456701599599
722	78.5199	78.6241	89	None	None	0	2	4.654223465447966
723	78.6241	78.8324	96	None	None	0	5	4.722770729913607
724	78.8324	157.8732	84	None	None	0	1	10.803851810994455
725	78.8324	157.7691	93	None	None	0	4	10.959578966721583
726	78.9366	79.0408	91	None	None	0	3	10.95957896672161
727	79.0408	79.2491	96	None	None	0	5	10.474919234102714
728	79.2491	158.7066	84	None	None	0	1	10.474919234102714
729	79.2491	158.6024	91	None	None	0	3	10.290878050061528
730	79.3533	79.4574	89	None	None	0	2	10.250644813909924
731	79.4574	79.6658	96	None	None	0	5	10.803851810994445
732	79.6658	159.5399	72	None	None	0	1	4.722770729913598
733	79.6658	159.4357	79	None	None	0	3	4.694456701599599
734	79.7699	79.8741	77	None	None	0	2	4.654223465447966
735	79.8741	80.0824	84	None	None	0	5	4.722770729913607
736	80.0824	160.3732	72	None	None	0	1	5.137185144327963
737	80.0824	160.2691	81	None	None	0	4	7.138279095421831
738	80.1866	80.2908	79	None	None	0	3	7.227686286869871
739	80.2908	80.4991	84	None	None	0	5	8.528973288156825
740	80.4991	161.2066	72	None	None	0	1	8.528973288156825
741	80.4991	161.1024	79	None	None	0	3	8.34493210411564
742	80.6033	80.7074	77	None	None	0	2	8.30469886796404
743	80.7074	80.9158	84	None	None	0	3	6.587635594778361
744	80.9158	162.0399	84	None	None	0	1	4.722770729913598
745	80.9158	161.9357	91	None	None	0	3	4.694456701599599
746	81.0199	81.1241	89	None	None	0	2	4.654223465447966
747	81.1241	81.3324	96	None	None	0	5	4.722770729913607
748	81.3324	162.8732	84	None	None	0	1	5.591496598639406
749	81.3324	162.7691	93	None	None	0	4	5.5914965986393845
750	81.4366	81.5408	91	None	None	0	3	6.1512633624878355
751	81.5408	81.7491	96	None	None	0	5	5.658187560738576
752	81.7491	163.7066	84	None	None	0	1	5.658187560738576
753	81.7491	163.6024	91	None	None	0	3	5.629873532424547
754	81.8533	81.9574	89	None	None	0	2	5.589640296272945
755	81.9574	82.1658	96	None	None	0	5	5.658187560738566
756	82.1658	164.5399	83	None	None	0	1	5.6581875607386465
757	82.1658	164.4357	91	None	None	0	4	5.658187560738661
758	82.2699	82.3741	90	None	None	0	3	5.098420796890208
759	82.3741	82.5824	95	None	None	0	5	5.591496598639528
760	82.5824	165.3732	83	None	None	0	1	5.591496598639483
761	82.5824	165.2691	89	None	None	0	3	5.563182570325433
762	82.6866	82.7908	88	None	None	0	2	5.522949334173867
763	82.7908	82.9991	95	None	None	0	5	5.591496598639488
764	82.9991	166.2066	81	None	None	0	1	5.591496598639493
765	82.9991	166.1024	89	None	None	0	4	5.747223754366655
766	83.1033	83.2074	88	None	None	0	3	5.7472237543666544
767	83.2074	83.4158	93	None	None	0	5	5.262564021747695
768	83.4158	167.0399	81	None	None	0	1	6.131289890473624
769	83.4158	166.9357	88	None	None	0	3	5.947248706432474
770	83.5199	83.6241	86	None	None	0	2	5.907015470280834
771	83.6241	83.8324	93	None	None	0	5	6.460222467365414
772	83.8324	167.8732	79	None	None	0	1	9.066400073542852
773	83.8324	167.7691	86	None	None	0	3	8.882358889501647
774	83.9366	84.0408	84	None	None	0	2	9.401892417198498
775	84.0408	84.2491	91	None	None	0	5	9.462023612533768
776	84.2491	168.7066	77	None	None	0	1	8.593297743807884
777	84.2491	168.6024	86	None	None	0	4	8.74902489953504
778	84.3533	84.4574	84	None	None	0	3	8.749024899535039
779	84.4574	84.6658	89	None	None	0	5	8.264365166916091
780	84.6658	169.5399	71	None	None	0	1	5.6581875607386465
781	84.6658	169.4357	79	None	None	0	4	5.658187560738661
782	84.7699	84.8741	78	None	None	0	3	5.098420796890208
783	84.8741	85.0824	83	None	None	0	5	5.591496598639528
784	85.0824	170.3732	71	None	None	0	1	5.591496598639483
785	85.0824	170.2691	77	None	None	0	3	5.563182570325433
786	85.1866	85.2908	76	None	None	0	2	5.522949334173867
787	85.2908	85.4991	83	None	None	0	5	5.591496598639488
788	85.4991	171.2066	69	None	None	0	1	5.591496598639493
789	85.4991	171.1024	77	None	None	0	4	5.747223754366655
790	85.6033	85.7074	76	None	None	0	3	5.7472237543666544
791	85.7074	85.9158	81	None	None	0	5	5.262564021747695
792	85.9158	172.0399	69	None	None	0	1	6.131289890473624
793	85.9158	171.9357	76	None	None	0	3	5.947248706432474
794	86.0199	86.1241	74	None	None	0	2	5.907015470280834
795	86.1241	86.3324	81	None	None	0	5	6.460222467365414
796	86.3324	172.8732	67	None	None	0	1	4.954430961573866
797	86.3324	172.7691	74	None	None	0	3	4.956168413311291
798	86.4366	86.5408	72	None	None	0	2	5.005342368607728
799	86.5408	86.7491	79	None	None	0	5	7.000816851837287
800	86.7491	173.7066	65	None	None	0	1	6.132090983111405
801	86.7491	173.6024	74	None	None	0	3	5.079323930344337
802	86.8533	86.9574	72	None	None	0	2	5.039090694192735
803	86.9574	87.1658	77	None	None	0	3	3.981457988600836
804	87.1658	174.5399	72	None	None	0	1	4.722770729913598
805	87.1658	174.4357	79	None	None	0	3	4.694456701599599
806	87.2699	87.3741	77	None	None	0	2	4.654223465447966
807	87.3741	87.5824	84	None	None	0	5	4.722770729913607
808	87.5824	175.3732	72	None	None	0	1	4.722770729913562
809	87.5824	175.2691	81	None	None	0	4	4.878497885640689
810	87.6866	87.7908	79	None	None	0	3	4.8784978856407175
811	87.7908	87.9991	84	None	None	0	5	4.39383815302182
812	87.9991	176.2066	72	None	None	0	1	4.39383815302182
813	87.9991	176.1024	79	None	None	0	3	4.209796968980635
814	88.1033	88.2074	77	None	None	0	2	4.169563732829033
815	88.2074	88.4158	84	None	None	0	5	4.722770729913553
816	88.4158	177.0399	72	None	None	0	1	4.722770729913598
817	88.4158	176.9357	79	None	None	0	3	4.694456701599599
818	88.5199	88.6241	77	None	None	0	2	4.654223465447966
819	88.6241	88.8324	84	None	None	0	5	4.722770729913607
820	88.8324	177.8732	72	None	None	0	1	4.722770729913562
821	88.8324	177.7691	81	None	None	0	4	4.878497885640689
822	88.9366	89.0408	79	None	None	0	3	4.8784978856407175
823	89.0408	89.2491	84	None	None	0	5	4.39383815302182
824	89.2491	178.7066	72	None	None	0	1	4.39383815302182
825	89.2491	178.6024	79	None	None	0	3	4.3655241247077905
826	89.3533	89.4574	77	None	None	0	2	4.3252908885561885
827	89.4574	89.6658	84	None	None	0	5	4.393838153021809
828	89.6658	179.5399	72	None	None	0	1	4.393838153021854
829	89.6658	179.4357	79	None	None	0	3	4.3655241247078544
830	89.7699	89.8741	77	None	None	0	2	4.400213116026622
831	89.8741	90.0824	84	None	None	0	5	4.8091923234210485
832	90.0824	180.3732	72	None	None	0	1	4.343491027552128
833	90.0824	180.2691	79	None	None	0	3	3.8953229073169786
834	90.1866	90.2908	77	None	None	0	2	4.2250345373721085
835	90.2908	90.4991	84	None	None	0	5	4.563903701256414
836	90.4991	181.2867	72	None	None	0	1	4.082909337909072
837	90.4991	181.0703	79	None	None	0	3	4.009493847370701
838	90.5712	90.6433	77	None	None	0	2	4.0141494521265155
839	90.6433	90.7155	79	None	None	0	3	3.7249062693227337
840	90.7155	90.7876	77	None	None	0	2	4.01546020202017
841	90.7876	91.0760	84	None	None	0	5	4.354519168160516
842	91.0760	182.4199	72	None	None	0	1	4.059496529424184
843	91.0760	182.2190	79	None	None	0	3	4.102551339015666
844	91.1430	91.2100	77	None	None	0	2	4.0732281035111395
845	91.2100	91.2769	79	None	None	0	3	3.7655654527363316
846	91.2769	91.3439	77	None	None	0	2	3.9966662098708756
847	91.3439	91.6117	84	None	None	0	5	4.303379654324538
848	91.6117	183.5120	72	None	None	0	1	3.8389907119099753
849	91.6117	183.2956	79	None	None	0	3	3.7137433473094736
850	91.6839	91.7560	77	None	None	0	2	3.6703602325780897
851	91.7560	91.8281	79	None	None	0	3	3.6799297630695573
852	91.8281	91.9002	77	None	None	0	2	3.954448462051661
853	91.9002	92.1887	84	None	None	0	5	3.913113892563328
854	92.1887	184.8014	72	None	None	0	1	3.593360189220375
855	92.1887	184.5113	79	None	None	0	3	3.5755201843610185
856	92.3226	92.4565	77	None	None	0	2	4.693204551228103
857	92.4565	92.5347	79	None	None	0	3	5.355400636830692
858	92.5347	92.6128	77	None	None	0	2	5.282094730555584
859	92.6128	185.3071	79	None	None	0	3	5.345432484207743
860	92.6128	185.5591	84	None	None	0	5	4.975804557974581
861	92.6943	92.7758	77	None	None	0	2	5.306401741424563
862	92.7758	92.8610	79	None	None	0	4	4.426236928983974
863	92.8610	92.9463	77	None	None	0	3	4.101403942931299
864	92.9463	186.2586	72	None	None	0	1	4.129211547507289
865	92.9463	185.9818	79	None	None	0	3	3.5113038761127333
866	93.0356	93.1248	77	None	None	0	2	4.398376872427209
867	93.1248	93.2186	79	None	None	0	3	4.8837537725134545
868	93.2186	93.3123	77	None	None	0	2	4.808003716118239
869	93.3123	186.7234	79	None	None	0	3	4.8564708732753274
870	93.3123	187.0304	84	None	None	0	5	4.504640734755719
871	93.4110	93.5097	77	None	None	0	2	4.797054782380216
872	93.5097	93.6139	79	None	None	0	4	3.984514047104016
873	93.6139	93.7180	77	None	None	0	3	3.686943590349903
874	93.7180	187.8911	72	None	None	0	1	3.7021687280239988
875	93.7180	187.5464	79	None	None	0	3	3.126329144644256
876	93.8283	93.9386	77	None	None	0	2	3.887498509630423
877	93.9386	94.0558	79	None	None	0	3	3.802232630471421
878	94.0558	94.1730	77	None	None	0	2	3.5764253064058638
879	94.1730	188.4710	79	None	None	0	3	3.563292955144016
880	94.1730	188.8639	84	None	None	0	5	3.394463183796266
881	94.2980	94.4230	77	None	None	0	2	4.2826369148271475
882	94.4230	94.5569	79	None	None	0	4	4.622099487877517
883	94.5569	94.6909	77	None	None	0	3	4.966009394764531
884	94.6909	189.7567	72	None	None	0	1	8.013229985878251
885	94.6909	189.7567	77	None	None	0	3	8.325713092254478
886	95.0659	95.1909	76	None	None	0	2	9.706916099773274
887	95.1909	95.2534	77	None	None	0	1	8.13231213231216
888	95.2534	95.3159	80	None	None	0	2	7.91607281607284
889	95.3159	95.3784	82	None	None	0	3	8.082513518227833
890	95.3784	95.4409	81	None	None	0	1	7.964547357404534
891	95.4409	95.5034	83	None	None	0	2	7.849040641897817
892	95.5034	95.5659	86	None	None	0	3	7.40123844409562
893	95.5659	95.6284	84	None	None	0	1	6.352347652347684
894	95.6284	95.6909	88	None	None	0	2	6.897646797646832
895	95.6909	95.7534	91	None	None	0	3	8.672677322677352
896	95.7534	95.8159	89	None	None	0	1	9.073913933288956
897	95.8159	95.8784	92	None	None	0	2	8.32714958652461
898	95.8784	95.9409	94	None	None	0	3	8.080214169000952
899	95.9409	96.0034	93	None	None	0	2	6.836064201321565
900	96.0034	96.0659	95	None	None	0	3	6.403026958874118
901	96.0659	96.1284	98	None	None	0	4	6.403026958874118
902	96.1284	96.1909	96	None	None	0	3	6.403026958874118
903	96.1909	96.9409	101	None	None	0	5	6.403026958874118
904	97.6909	196.1317	60	None	None	0	1	6.403026958874118
905	97.6909	196.1317	69	None	None	0	2	6.403026958874118
906	98.4409	199.1317	65	None	None	0	1	6.403026958874118
907	98.4409	199.1317	69	None	None	0	2	6.403026958874118
908	100.6909	203.6317	65	None	None	0	1	6.403026958874118
909	100.6909	203.6317	69	None	None	0	0	6.403026958874118
