0	1.2500	2.7500	63	None	None	0	2	9.89041791404773
1	1.2500	2.5833	63	None	None	0	3	11.768005655468235
2	1.5000	2.0000	68	None	None	0	5	12.053177803821155
3	1.5833	1.6667	56	None	None	0	1	7.091489550680652
4	1.6667	1.7500	60	None	None	0	2	6.453224226691788
5	1.7500	1.8333	63	None	None	0	3	7.128578411815497
6	1.8333	1.9167	60	None	None	0	1	5.628578445614193
7	1.9167	2.0000	63	None	None	0	2	9.551118741400838
8	2.0000	4.2500	67	None	None	0	4	11.084274965164756
9	2.0000	4.0833	67	None	None	0	5	12.200420173435912
10	2.0833	2.1667	63	None	None	0	3	12.261301721101676
11	2.1667	2.2500	61	None	None	0	1	14.042158515151955
12	2.2500	2.5000	68	None	None	0	4	14.671487513759788
13	2.3333	2.4167	60	None	None	0	1	17.130903075817034
14	2.4167	2.5000	63	None	None	0	2	16.4559030635443
15	2.5000	5.2500	70	None	None	0	3	13.108163171563058
16	2.5000	5.0833	70	None	None	0	4	11.123639380080379
17	2.5833	2.6667	61	None	None	0	1	9.302505991596986
18	2.6667	2.7500	65	None	None	0	2	9.119172636261503
19	2.7500	5.7500	72	None	None	0	4	8.378519356886876
20	2.7500	5.5833	72	None	None	0	5	6.246376519127141
21	2.8333	2.9167	63	None	None	0	1	9.358891284219979
22	2.9167	3.0000	66	None	None	0	2	14.253283209636958
23	3.0000	3.2500	73	None	None	0	5	16.123691355898547
24	3.0833	3.1667	65	None	None	0	2	16.11535802264097
25	3.1667	3.2500	68	None	None	0	3	20.604761824588753
26	3.2500	6.7500	70	None	None	0	4	20.264625773259134
27	3.2500	6.5833	70	None	None	0	5	17.09904138645278
28	3.3333	3.4167	68	None	None	0	3	15.930210254811685
29	3.4167	3.5000	63	None	None	0	1	14.976747024597227
30	3.5000	7.2500	75	None	None	0	4	11.46917129890852
31	3.5000	7.0833	75	None	None	0	5	8.585611702926712
32	3.5833	3.6667	67	None	None	0	2	8.952170176571911
33	3.6667	3.7500	63	None	None	0	1	7.296325964057146
34	3.7500	4.0000	73	None	None	0	5	8.993211314347436
35	3.8333	3.9167	63	None	None	0	1	8.719510018134304
36	3.9167	4.0000	70	None	None	0	3	12.212219553973902
37	4.0000	8.2500	72	None	None	0	4	12.841007427045522
38	4.0000	8.0833	72	None	None	0	5	16.810209682451603
39	4.0833	4.1667	68	None	None	0	3	16.86205935298575
40	4.1667	4.2500	63	None	None	0	1	17.4238558674053
41	4.2500	8.7500	70	None	None	0	4	16.76552254005682
42	4.2500	8.5833	70	None	None	0	5	13.705998777178031
43	4.3333	4.4167	67	None	None	0	3	13.761788811755471
44	4.4167	4.5000	61	None	None	0	2	11.972325921969597
45	4.5000	5.0000	68	None	None	0	5	12.05344837021171
46	4.5833	4.6667	56	None	None	0	1	8.118383512360442
47	4.6667	4.7500	60	None	None	0	2	9.500526333269534
48	4.7500	4.8333	65	None	None	0	3	8.877149715559952
49	4.8333	4.9167	60	None	None	0	1	9.226825057218743
50	4.9167	5.0000	65	None	None	0	3	9.090190848700933
51	5.0000	10.2500	68	None	None	0	4	10.394180407881501
52	5.0000	10.0833	68	None	None	0	3	9.778773093523343
53	5.0833	5.1667	65	None	None	0	2	12.445833334097282
54	5.1667	5.2500	60	None	None	0	1	12.350201671858619
55	5.2500	5.5000	72	None	None	0	5	12.141474794574707
56	5.3333	5.4167	63	None	None	0	1	11.273361854808256
57	5.4167	5.5000	65	None	None	0	2	10.923686523775205
58	5.5000	11.2500	70	None	None	0	3	10.547673146634681
59	5.5000	11.0833	70	None	None	0	4	14.969240832640352
60	5.5833	5.6667	65	None	None	0	2	14.989478933213944
61	5.6667	5.7500	61	None	None	0	1	12.914455689259457
62	5.7500	11.7500	68	None	None	0	4	11.979931888231313
63	5.7500	11.5833	68	None	None	0	5	8.784778871185846
64	5.8333	5.9167	60	None	None	0	2	8.73725540943959
65	5.9167	6.0000	65	None	None	0	4	9.032493483162535
66	6.0000	6.7500	68	None	None	0	5	18.64647790315007
67	6.0833	6.1667	56	None	None	0	1	19.55621815461995
68	6.1667	6.2500	60	None	None	0	2	25.47342586936611
69	6.2500	6.3333	63	None	None	0	3	25.955922933548262
70	6.3333	6.4167	60	None	None	0	2	26.508303880907576
71	6.4167	6.5000	63	None	None	0	3	26.87294377613834
72	6.5000	6.5833	65	None	None	0	4	27.199783618336294
73	6.5833	6.6667	62	None	None	0	2	26.523986694137513
74	6.6667	6.7500	59	None	None	0	1	17.469441044574374
75	6.7500	7.2500	67	None	None	0	5	6.6285320705484025
76	6.8333	6.9167	55	None	None	0	2	4.996187852890003
77	6.9167	7.0000	58	None	None	0	3	5.294246131205176
78	7.0000	7.0833	63	None	None	0	5	4.313123691144871
79	7.0833	7.1667	58	None	None	0	3	4.001927314595731
80	7.1667	7.2500	55	None	None	0	2	4.246059972095727
81	7.2500	7.3333	61	None	None	0	5	3.5542801672866484
82	7.3333	7.4167	58	None	None	0	3	3.849334136606366
83	7.4167	7.5000	55	None	None	0	2	5.870713142782913
84	7.5833	7.6667	60	None	None	0	4	5.524582195166913
85	7.6667	7.7500	63	None	None	0	5	5.226523909848412
86	7.7500	8.0000	56	None	None	0	1	4.500270916716383
87	7.8333	7.9167	60	None	None	0	2	7.483040639443482
88	7.9167	8.0000	63	None	None	0	3	9.076901302720266
89	8.0000	8.2500	58	None	None	0	1	8.132391285547344
90	8.0833	8.1667	63	None	None	0	2	10.020129566524917
91	8.1667	8.2500	67	None	None	0	4	13.032034295529243
92	8.2500	8.7500	60	None	None	0	1	12.322943396391121
93	8.3333	8.4167	63	None	None	0	2	13.789737998848196
94	8.4167	8.5000	68	None	None	0	3	11.743004386654508
95	8.5000	8.5833	72	None	None	0	5	12.070172766159391
96	8.5833	8.6667	63	None	None	0	2	10.044464402048366
97	8.6667	8.7500	68	None	None	0	5	7.631836800952576
98	8.7500	9.0000	58	None	None	0	1	8.541964639935415
99	8.8333	8.9167	70	None	None	0	5	5.882873755018073
100	8.9167	9.0000	63	None	None	0	3	4.780364860028524
101	9.0000	9.5000	61	None	None	0	1	5.08790971352522
102	9.0833	9.1667	65	None	None	0	3	4.074922709747177
103	9.1667	9.2500	68	None	None	0	4	4.382660790418168
104	9.2500	9.3333	63	None	None	0	2	4.6243274784268396
105	9.3333	9.4167	67	None	None	0	4	6.035644406191402
106	9.4167	9.5000	70	None	None	0	5	7.3314467911530095
107	9.5000	9.7500	60	None	None	0	1	7.13044326072744
108	9.5833	9.6667	63	None	None	0	2	9.950324390373828
109	9.6667	9.7500	68	None	None	0	4	9.85062198678884
110	9.7500	10.2500	60	None	None	0	1	10.41847914289274
111	9.8333	9.9167	63	None	None	0	2	11.480580681775688
112	9.9167	10.0000	68	None	None	0	3	10.09932325400841
113	10.0000	10.0833	72	None	None	0	5	11.536185531240578
114	10.0833	10.1667	63	None	None	0	2	13.946899795039268
115	10.1667	10.2500	68	None	None	0	5	11.536185459232208
116	10.2500	10.5000	58	None	None	0	1	13.748368536369455
117	10.3333	10.4167	67	None	None	0	5	13.781976303148033
118	10.4167	10.5000	61	None	None	0	3	13.47214746628986
119	10.5000	10.7500	56	None	None	0	1	13.378803344167677
120	10.5833	10.6667	60	None	None	0	2	13.095361788302865
121	10.6667	10.7500	68	None	None	0	5	12.194213791914855
122	10.7500	11.0000	56	None	None	0	1	7.171216013850131
123	10.8333	10.9167	63	None	None	0	3	6.604509997750537
124	10.9167	11.0000	66	None	None	0	5	5.189543976213733
125	11.0000	11.2500	56	None	None	0	1	5.997985565292851
126	11.0833	11.1667	60	None	None	0	2	5.25869985772792
127	11.1667	11.2500	66	None	None	0	5	4.310131356500316
128	11.2500	11.5000	56	None	None	0	1	4.835409675124897
129	11.3333	11.4167	65	None	None	0	4	4.691453055714054
130	11.4167	11.5000	63	None	None	0	3	4.950216462519716
131	11.5000	11.7500	61	None	None	0	2	5.094468310375136
132	11.5833	11.6667	64	None	None	0	3	4.895194058765168
133	11.6667	11.7500	67	None	None	0	5	7.055793743615191
134	11.7500	12.0000	60	None	None	0	2	7.795079451180123
135	11.8333	11.9167	63	None	None	0	3	7.795079458183452
136	11.9167	12.0000	68	None	None	0	5	7.219560097949798
137	12.0000	12.1250	60	None	None	0	3	6.442276665947394
138	12.0833	12.1667	65	None	None	0	5	6.350014780693081
139	12.1250	12.2500	58	None	None	0	2	7.070348151064848
140	12.1667	12.2500	61	None	None	0	4	5.501020397288958
141	12.2500	12.5000	56	None	None	0	2	5.434438780373366
142	12.3333	12.4167	60	None	None	0	3	9.468930920303364
143	12.4167	12.5000	63	None	None	0	4	9.896120003430347
144	12.5000	12.7500	55	None	None	0	1	10.016655722829695
145	12.5833	12.6667	61	None	None	0	4	11.066929485149029
146	12.6667	12.7500	63	None	None	0	5	11.922364602635854
147	12.7500	13.2500	56	None	None	0	2	12.286650313609888
148	12.8333	12.9167	60	None	None	0	4	12.27907456141588
149	12.9167	13.0000	63	None	None	0	5	12.068615364523502
150	13.0000	13.0833	51	None	None	0	1	11.564069914564847
151	13.0833	13.1667	56	None	None	0	2	10.095022314391695
152	13.1667	13.2500	60	None	None	0	3	8.906362722916509
153	13.2500	26.7500	63	None	None	0	4	8.820053199891618
154	13.2500	26.5833	63	None	None	0	3	7.6393629744502265
155	13.3333	13.4167	61	None	None	0	2	9.816839492476696
156	13.4167	13.5000	58	None	None	0	1	11.531125185865108
157	13.5000	14.0000	68	None	None	0	5	12.053177803821125
158	13.5833	13.6667	56	None	None	0	1	7.091489550680645
159	13.6667	13.7500	60	None	None	0	2	6.4532242266917725
160	13.7500	13.8333	63	None	None	0	3	7.12857841181548
161	13.8333	13.9167	60	None	None	0	1	5.628578445614189
162	13.9167	14.0000	63	None	None	0	2	9.551118741400813
163	14.0000	28.2500	67	None	None	0	4	11.084274965164726
164	14.0000	28.0833	67	None	None	0	5	12.20042017343587
165	14.0833	14.1667	63	None	None	0	3	12.261301721101638
166	14.1667	14.2500	61	None	None	0	1	14.04215851515191
167	14.2500	14.5000	68	None	None	0	4	14.67148751375974
168	14.3333	14.4167	60	None	None	0	1	17.130903075816974
169	14.4167	14.5000	63	None	None	0	2	16.455903063544234
170	14.5000	29.2500	70	None	None	0	3	13.108163171563007
171	14.5000	29.0833	70	None	None	0	4	11.12363938008034
172	14.5833	14.6667	61	None	None	0	1	9.302505991596956
173	14.6667	14.7500	65	None	None	0	2	9.119172636261464
174	14.7500	29.7500	72	None	None	0	4	8.378519356886839
175	14.7500	29.5833	72	None	None	0	5	6.246376519127115
176	14.8333	14.9167	63	None	None	0	1	9.358891284219958
177	14.9167	15.0000	66	None	None	0	2	14.253283209636912
178	15.0000	15.2500	73	None	None	0	5	16.12369135589849
179	15.0833	15.1667	65	None	None	0	2	16.115358022640915
180	15.1667	15.2500	68	None	None	0	3	20.604761824588707
181	15.2500	30.7500	70	None	None	0	4	20.264625773259088
182	15.2500	30.5833	70	None	None	0	5	17.09904138645275
183	15.3333	15.4167	68	None	None	0	3	15.930210254811676
184	15.4167	15.5000	63	None	None	0	1	14.97674702459721
185	15.5000	31.2500	75	None	None	0	4	11.469171298908515
186	15.5000	31.0833	75	None	None	0	5	8.585611702926723
187	15.5833	15.6667	67	None	None	0	2	8.952170176571915
188	15.6667	15.7500	63	None	None	0	1	7.29632596405713
189	15.7500	16.0000	73	None	None	0	5	8.993211314347432
190	15.8333	15.9167	63	None	None	0	1	8.719510018134304
191	15.9167	16.0000	70	None	None	0	3	12.212219553973899
192	16.0000	32.2500	72	None	None	0	4	12.841007427045524
193	16.0000	32.0833	72	None	None	0	5	16.810209682451614
194	16.0833	16.1667	68	None	None	0	3	16.86205935298576
195	16.1667	16.2500	63	None	None	0	1	17.423855867405326
196	16.2500	32.7500	70	None	None	0	4	16.76552254005684
197	16.2500	32.5833	70	None	None	0	5	13.705998777178026
198	16.3333	16.4167	67	None	None	0	3	13.761788811755466
199	16.4167	16.5000	61	None	None	0	2	11.972325921969636
200	16.5000	17.0000	68	None	None	0	5	12.053448370211749
201	16.5833	16.6667	56	None	None	0	1	8.118383512360442
202	16.6667	16.7500	60	None	None	0	2	9.500526333269553
203	16.7500	16.8333	65	None	None	0	3	8.877149715559968
204	16.8333	16.9167	60	None	None	0	1	9.226825057218749
205	16.9167	17.0000	65	None	None	0	3	9.090190848700946
206	17.0000	34.2500	68	None	None	0	4	10.39418040788152
207	17.0000	34.0833	68	None	None	0	3	9.778773093523359
208	17.0833	17.1667	65	None	None	0	2	12.44583333409728
209	17.1667	17.2500	60	None	None	0	1	12.35020167185863
210	17.2500	17.5000	72	None	None	0	5	12.141474794574718
211	17.3333	17.4167	63	None	None	0	1	14.801539705457273
212	17.4167	17.5000	65	None	None	0	2	16.341474798391133
213	17.5000	35.2500	70	None	None	0	3	16.27319951369108
214	17.5000	35.0833	70	None	None	0	4	24.77538723910267
215	17.5833	17.6667	65	None	None	0	2	30.361182786415185
216	17.6667	17.7500	61	None	None	0	0	-1
217	17.7500	35.7500	68	None	None	0	0	-1
218	17.7500	35.5833	68	None	None	0	0	-1
219	17.8333	17.9167	59	None	None	0	0	-1
220	17.9167	18.0000	65	None	None	0	0	-1
221	18.0000	18.7500	68	None	None	0	0	-1
222	18.0833	18.1667	56	None	None	0	0	-1
223	18.1667	18.2500	59	None	None	0	1	57.93939399506884
224	18.2500	18.3333	62	None	None	0	2	47.49296553877007
225	18.3333	18.4167	59	None	None	0	1	38.18722969263168
226	18.4167	18.5000	62	None	None	0	2	27.622943769320134
227	18.5000	18.5833	65	None	None	0	4	27.199783618336262
228	18.5833	18.6667	62	None	None	0	2	26.3777598162854
229	18.6667	18.7500	59	None	None	0	1	16.83035702834573
230	18.7500	19.2500	67	None	None	0	5	5.989448054319695
231	18.8333	18.9167	55	None	None	0	1	4.353084432832082
232	18.9167	19.0000	58	None	None	0	2	4.353084432832082
233	19.0000	19.0833	63	None	None	0	5	3.7835287774089625
234	19.0833	19.1667	58	None	None	0	3	3.526740120867147
235	19.1667	19.2500	55	None	None	0	2	3.2160258295035185
236	19.2500	19.3333	63	None	None	0	5	1.7791636038773406
237	19.3333	19.4167	58	None	None	0	3	1.369076535233699
238	19.4167	19.5000	55	None	None	0	2	2.168056141597333
239	19.5833	19.6667	55	None	None	0	1	4.745022321981986
240	19.6667	19.7500	58	None	None	0	2	5.8563859280799715
241	19.8333	19.9167	55	None	None	0	1	5.748523632149072
242	19.9167	20.0000	58	None	None	0	2	5.246589091931106
243	20.0833	20.1667	58	None	None	0	2	5.60373195556746
244	20.1667	20.2500	62	None	None	0	4	5.909609921725061
245	20.3333	20.4167	58	None	None	0	1	4.146252086540348
246	20.4167	20.5000	63	None	None	0	3	5.090762103713277
247	20.5000	20.5833	67	None	None	0	5	5.730940669322061
248	20.5833	20.6667	58	None	None	0	1	4.893278366901748
249	20.6667	20.7500	63	None	None	0	4	4.682421903854044
250	20.8333	20.9167	65	None	None	0	5	5.278497071693943
251	20.9167	21.0000	58	None	None	0	2	4.773586335119784
252	21.0833	21.1667	60	None	None	0	3	5.442485162763676
253	21.1667	21.2500	63	None	None	0	4	5.6774842557574585
254	21.2500	21.3333	58	None	None	0	1	5.888198535660044
255	21.3333	21.4167	62	None	None	0	2	5.374532670414514
256	21.4167	21.5000	65	None	None	0	4	5.170589186978981
257	21.5833	21.6667	58	None	None	0	1	7.177930689527725
258	21.6667	21.7500	63	None	None	0	3	14.134581245805663
259	21.8333	21.9167	58	None	None	0	1	14.10958124907676
260	21.9167	22.0000	63	None	None	0	3	15.419930825945633
261	22.0000	22.0833	67	None	None	0	5	20.1422522115869
262	22.0833	22.1667	58	None	None	0	2	18.451899722315492
263	22.1667	22.2500	63	None	None	0	5	16.626233472221593
264	22.3333	22.4167	62	None	None	0	4	18.597456667356944
265	22.4167	22.5000	56	None	None	0	2	18.080480751931514
266	22.5000	22.7500	51	None	None	0	1	13.690545745314006
267	22.5833	22.6667	55	None	None	0	2	15.361000292504086
268	22.6667	22.7500	63	None	None	0	5	14.55141071992074
269	22.7500	23.0000	51	None	None	0	1	9.52841294185599
270	22.8333	22.9167	61	None	None	0	5	9.59134513895634
271	22.9167	23.0000	58	None	None	0	4	19.824230715682702
272	23.0000	23.2500	51	None	None	0	0	-1
273	23.0833	23.1667	61	None	None	0	0	-1
274	23.1667	23.2500	55	None	None	0	0	-1
275	23.2500	23.5000	51	None	None	0	0	-1
276	23.3333	23.4167	60	None	None	0	0	-1
277	23.4167	23.5000	58	None	None	0	0	-1
278	23.5000	23.7500	56	None	None	0	0	-1
279	23.5833	23.6667	59	None	None	0	1	17.5917624012913
280	23.6667	23.7500	62	None	None	0	5	6.072813697719476
281	23.7500	24.0000	55	None	None	0	2	6.812099405284418
282	23.8333	23.9167	58	None	None	0	3	6.812099412287742
283	23.9167	24.0000	63	None	None	0	5	6.236580052054125
284	24.0000	24.1250	55	None	None	0	3	4.542925994251453
285	24.0833	24.1667	60	None	None	0	5	4.450664108997119
286	24.1250	24.2500	53	None	None	0	3	5.857112842673843
287	24.1667	24.2500	56	None	None	0	4	5.501020397288956
288	24.2500	24.5000	51	None	None	0	2	5.434438780373359
289	24.3333	24.4167	55	None	None	0	3	6.5596790973899415
290	24.4167	24.5000	58	None	None	0	4	6.641708797586281
291	24.5000	24.7500	50	None	None	0	1	7.64425983914471
292	24.5833	24.6667	56	None	None	0	4	19.83679222964902
293	24.6667	24.7500	58	None	None	0	5	20.692227347135884
294	24.7500	25.2500	51	None	None	0	2	20.8743702026229
295	24.8333	24.9167	55	None	None	0	1	13.729889819815856
296	24.9167	25.0000	58	None	None	0	2	17.949281732960134
297	25.0000	25.0833	63	None	None	0	3	17.800167212473923
298	25.0833	25.1667	58	None	None	0	1	17.893693382422587
299	25.1667	25.2500	63	None	None	0	2	16.462937747129562
300	25.2500	50.7500	70	None	None	0	4	14.341725645201173
301	25.2500	50.5833	70	None	None	0	3	14.647461573157686
302	25.3333	25.4167	67	None	None	0	2	15.635448577163022
303	25.4167	25.5000	63	None	None	0	1	13.875777150548856
304	25.5000	51.2500	75	None	None	0	3	9.940909024179472
305	25.5000	51.0833	75	None	None	0	4	8.93333327576349
306	25.5833	25.6667	70	None	None	0	2	9.448268336017325
307	25.6667	25.7500	66	None	None	0	1	9.702813788248761
308	25.7500	51.7500	73	None	None	0	3	9.702813788248761
309	25.7500	51.5833	73	None	None	0	4	7.900432852253079
310	25.8333	25.9167	68	None	None	0	2	8.68778038143636
311	25.9167	26.0000	65	None	None	0	1	10.645572553101065
312	26.0000	52.2500	72	None	None	0	4	9.975954298661152
313	26.0000	52.0833	72	None	None	0	5	8.647382917524757
314	26.0833	26.1667	66	None	None	0	3	8.419202244482204
315	26.1667	26.2500	63	None	None	0	2	8.06682126491512
316	26.2500	26.7500	70	None	None	0	5	8.822943707020858
317	26.3333	26.4167	66	None	None	0	4	7.613311691859516
318	26.4167	26.5000	65	None	None	0	3	7.9507144973923
319	26.5000	26.5833	61	None	None	0	2	6.235238328030818
320	26.5833	26.6667	66	None	None	0	4	5.729285951677994
321	26.6667	26.7500	65	None	None	0	3	4.615000215379311
322	26.7500	53.5833	60	None	None	0	1	4.427770785371433
323	26.7500	53.7500	69	None	None	0	5	3.2813422243649395
324	26.8333	26.9167	65	None	None	0	4	2.7337231817242373
325	26.9167	27.0000	63	None	None	0	3	3.869791679357587
326	27.0833	27.1667	61	None	None	0	2	4.463095246547629
327	27.1667	27.2500	65	None	None	0	4	4.543181820386668
328	27.2500	27.5000	58	None	None	0	1	5.418181846035998
329	27.3333	27.4167	61	None	None	0	2	5.914695447126763
330	27.4167	27.5000	65	None	None	0	3	5.438829636950639
331	27.5000	27.7500	60	None	None	0	1	5.80113637404517
332	27.5833	27.6667	65	None	None	0	2	6.449652164557839
333	27.6667	27.7500	69	None	None	0	4	5.744024435474827
334	27.7500	28.2500	61	None	None	0	1	6.619024461124158
335	27.8333	27.9167	64	None	None	0	2	9.606091527559142
336	27.9167	28.0000	67	None	None	0	4	10.24639058671269
337	28.0000	28.0833	70	None	None	0	5	10.805829357137107
338	28.0833	28.1667	64	None	None	0	2	10.919790416579241
339	28.1667	28.2500	67	None	None	0	4	14.908525131334363
340	28.2500	28.5000	60	None	None	0	1	14.834255651490055
341	28.3333	28.4167	65	None	None	0	2	13.291398522658886
342	28.4167	28.5000	69	None	None	0	3	14.486528362771063
343	28.5000	57.2500	73	None	None	0	4	15.045319186602198
344	28.5000	57.0833	73	None	None	0	5	13.700543521431552
345	28.5833	28.6667	70	None	None	0	3	13.06804647877539
346	28.6667	28.7500	65	None	None	0	2	13.745753504370217
347	28.7500	57.5833	63	None	None	0	1	12.51382572401149
348	28.7500	57.7500	72	None	None	0	5	13.791705976070128
349	28.8333	28.9167	65	None	None	0	4	11.074066692766898
350	28.9167	29.0000	63	None	None	0	3	12.336758569325855
351	29.0000	58.0833	61	None	None	0	1	9.633697388827816
352	29.0000	58.2500	70	None	None	0	4	10.590407336840423
353	29.0833	29.1667	65	None	None	0	2	12.974822899579497
354	29.1667	29.2500	61	None	None	0	1	10.40923843734814
355	29.2500	58.7500	68	None	None	0	4	9.331857494761556
356	29.2500	58.5833	68	None	None	0	3	9.505411212192062
357	29.3333	29.4167	65	None	None	0	2	10.061137299229733
358	29.4167	29.5000	60	None	None	0	1	8.88256584922975
359	29.5000	59.2500	67	None	None	0	4	16.135541973769833
360	29.5000	59.0833	67	None	None	0	5	14.796256271659432
361	29.5833	29.6667	58	None	None	0	1	13.009892653288722
362	29.6667	29.7500	61	None	None	0	2	13.202395601379303
363	29.7500	59.7500	65	None	None	0	4	13.310728933727784
364	29.7500	59.5833	65	None	None	0	5	10.744170517095542
365	29.8333	29.9167	61	None	None	0	3	12.37297595008718
366	29.9167	30.0000	55	None	None	0	1	12.160638280382342
367	30.0000	30.5000	72	None	None	0	5	5.000799433192116
368	30.0833	30.1667	64	None	None	0	1	3.85374062298225
369	30.1667	30.2500	67	None	None	0	2	4.813264422029873
370	30.2500	30.3333	70	None	None	0	3	5.1798523761943125
371	30.3333	30.4167	67	None	None	0	2	4.933423808759252
372	30.4167	30.5000	64	None	None	0	1	5.131770912800248
373	30.5000	30.6250	75	None	None	0	5	3.6631484771717573
374	30.5833	30.6667	68	None	None	0	2	3.593018609273298
375	30.6250	30.7500	73	None	None	0	4	5.523233417805161
376	30.6667	30.7500	65	None	None	0	1	11.40575909624102
377	30.7500	31.2500	72	None	None	0	4	13.373917726527965
378	30.8333	30.9167	64	None	None	0	1	13.01839824832733
379	30.9167	31.0000	67	None	None	0	3	12.351055124735772
380	31.0000	31.0833	70	None	None	0	5	11.853706640902134
381	31.0833	31.1667	67	None	None	0	4	11.710849504863175
382	31.1667	31.2500	64	None	None	0	2	11.346563767006057
383	31.2500	31.3333	60	None	None	0	1	11.97859839329493
384	31.3333	31.4167	58	None	None	0	3	3.874702401057541
385	31.4167	31.5000	55	None	None	0	2	4.496130958362746
386	31.5833	31.6667	60	None	None	0	4	4.303896113243783
387	31.6667	31.7500	56	None	None	0	1	5.246861516104865
388	31.8333	31.9167	56	None	None	0	1	6.479004362046433
389	31.9167	32.0000	60	None	None	0	3	5.487445898953186
390	32.0000	32.2500	55	None	None	0	1	5.877164511882139
391	32.0833	32.1667	60	None	None	0	2	6.498268426560405
392	32.1667	32.2500	64	None	None	0	4	6.164935066387253
393	32.2500	32.7500	56	None	None	0	1	6.7935065161274935
394	32.3333	32.4167	59	None	None	0	2	6.392207819220762
395	32.4167	32.5000	62	None	None	0	3	5.581601738356925
396	32.5000	32.5833	65	None	None	0	5	5.742316060597156
397	32.5833	32.6667	59	None	None	0	2	7.423657354582627
398	32.6667	32.7500	62	None	None	0	4	6.456990670340227
399	32.7500	33.0000	55	None	None	0	1	8.249198446255228
400	32.8333	32.9167	64	None	None	0	5	8.23826770723616
401	32.9167	33.0000	60	None	None	0	3	8.032639997869769
402	33.0000	33.5000	58	None	None	0	1	8.892650811020095
403	33.0833	33.1667	62	None	None	0	2	8.892650811020095
404	33.1667	33.2500	65	None	None	0	4	8.487888898898886
405	33.3333	33.4167	67	None	None	0	5	8.619186730781852
406	33.4167	33.5000	60	None	None	0	4	7.011502759206681
407	33.5000	33.7500	56	None	None	0	1	6.827411868737368
408	33.5833	33.6667	60	None	None	0	3	7.22676251445756
409	33.6667	33.7500	65	None	None	0	5	7.2118815410268295
410	33.7500	34.2500	56	None	None	0	1	6.786232233110634
411	33.8333	33.9167	60	None	None	0	2	6.7073361299317575
412	33.9167	34.0000	65	None	None	0	4	6.756145634466404
413	34.0000	34.0833	68	None	None	0	5	9.37540590130309
414	34.0833	34.1667	65	None	None	0	4	10.666531430691128
415	34.1667	34.2500	60	None	None	0	2	11.06891236246603
416	34.2500	34.5000	55	None	None	0	1	10.028598530879043
417	34.3333	34.4167	64	None	None	0	5	9.147568837195466
418	34.4167	34.5000	58	None	None	0	2	8.536854538624043
419	34.5000	34.7500	53	None	None	0	1	8.953250671608103
420	34.5833	34.6667	56	None	None	0	2	8.769159764190746
421	34.6667	34.7500	65	None	None	0	5	5.758743038324979
422	34.7500	35.0000	53	None	None	0	1	5.300950866837351
423	34.8333	34.9167	60	None	None	0	4	4.5878556352247974
424	34.9167	35.0000	63	None	None	0	5	4.95390596252304
425	35.0000	35.2500	53	None	None	0	1	4.743949263890597
426	35.0833	35.1667	57	None	None	0	2	5.036806404085414
427	35.1667	35.2500	63	None	None	0	5	4.699306374280232
428	35.2500	35.5000	53	None	None	0	1	4.834587777162941
429	35.3333	35.4167	61	None	None	0	4	6.860128886643954
430	35.4167	35.5000	60	None	None	0	3	6.035748696706219
431	35.5000	35.7500	58	None	None	0	2	6.166210889595142
432	35.5833	35.6667	61	None	None	0	3	6.202036313764473
433	35.6667	35.7500	64	None	None	0	4	6.645759244037995
434	35.7500	36.0000	56	None	None	0	1	7.027902097706824
435	35.8333	35.9167	60	None	None	0	3	6.110153193820554
436	35.9167	36.0000	65	None	None	0	5	5.956744083121037
437	36.0000	36.1250	56	None	None	0	1	4.416012101850229
438	36.0833	36.1667	61	None	None	0	3	4.407058943303134
439	36.1250	36.2500	55	None	None	0	2	4.510305673387872
440	36.1667	36.2500	58	None	None	0	4	4.184427860308103
441	36.2500	36.5000	53	None	None	0	0	-1
442	36.3333	36.4167	56	None	None	0	0	-1
443	36.4167	36.5000	60	None	None	0	0	-1
444	36.5000	36.7500	52	None	None	0	0	-1
445	36.5833	36.6667	58	None	None	0	0	-1
446	36.6667	36.7500	60	None	None	0	0	-1
447	36.7500	37.2500	53	None	None	0	0	-1
448	36.8333	36.9167	56	None	None	0	0	-1
449	36.9167	37.0000	59	None	None	0	0	-1
450	37.0833	37.1667	56	None	None	0	0	-1
451	37.1667	37.2500	59	None	None	0	0	-1
452	37.2500	37.5000	65	None	None	0	0	-1
453	37.3333	37.4167	56	None	None	0	0	-1
454	37.4167	37.5000	59	None	None	0	0	-1
455	37.5000	38.0000	65	None	None	0	0	-1
456	37.5833	37.6667	56	None	None	0	0	-1
457	37.6667	37.7500	58	None	None	0	0	-1
458	37.7500	37.8333	53	None	None	0	0	-1
459	37.8333	37.9167	56	None	None	0	0	-1
460	37.9167	38.0000	58	None	None	0	1	13.713636429843543
461	38.0000	76.0833	67	None	None	0	4	13.64220785906432
462	38.0000	76.0833	67	None	None	0	5	12.926298774663488
463	38.0833	38.1667	58	None	None	0	1	12.21201306687129
464	38.1667	76.4167	68	None	None	0	4	9.476839850025595
465	38.1667	76.4167	68	None	None	0	5	7.38160167156245
466	38.2500	38.5000	68	None	None	0	5	9.290692563297997
467	38.3333	38.4167	58	None	None	0	1	9.842640610228315
468	38.4167	38.5000	61	None	None	0	2	10.22770554535229
469	38.5000	77.2500	67	None	None	0	4	9.407765076615803
470	38.5000	77.0833	67	None	None	0	5	8.633414434304683
471	38.5833	38.6667	61	None	None	0	2	8.69770016816831
472	38.6667	38.7500	58	None	None	0	1	9.124323523141786
473	38.7500	77.7500	67	None	None	0	4	8.208847340988106
474	38.7500	77.5833	67	None	None	0	5	5.866314902455035
475	38.8333	38.9167	61	None	None	0	2	12.655330191351554
476	38.9167	39.0000	58	None	None	0	1	14.196062167309485
477	39.0000	39.5000	67	None	None	0	5	15.234617352673283
478	39.0833	39.1667	58	None	None	0	2	14.763784080032536
479	39.1667	39.2500	60	None	None	0	3	16.216853764067075
480	39.2500	39.3333	55	None	None	0	1	15.827243377998593
481	39.3333	39.4167	58	None	None	0	2	17.65761531712516
482	39.4167	39.5000	60	None	None	0	1	10.46443336815829
483	39.5000	79.0833	68	None	None	0	3	10.218614795028978
484	39.5000	79.0833	68	None	None	0	4	9.037485329182493
485	39.5833	39.6667	60	None	None	0	1	9.241056755903282
486	39.6667	79.4167	70	None	None	0	3	8.657452827405656
487	39.6667	79.4167	70	None	None	0	5	11.474822852117951
488	39.7500	40.0000	70	None	None	0	5	13.210360026422993
489	39.8333	39.9167	60	None	None	0	1	13.953866513170347
490	39.9167	40.0000	65	None	None	0	3	15.10430923963917
491	40.0000	80.2500	68	None	None	0	4	16.075359014361226
492	40.0000	80.0833	68	None	None	0	3	15.43038305463178
493	40.0833	40.1667	65	None	None	0	2	15.633246098832434
494	40.1667	40.2500	60	None	None	0	1	15.233895442220867
495	40.2500	80.7500	73	None	None	0	4	9.463062161349626
496	40.2500	80.5833	73	None	None	0	5	7.62215308717606
497	40.3333	40.4167	68	None	None	0	3	7.975016130013081
498	40.4167	40.5000	65	None	None	0	2	8.963003160963456
499	40.5000	81.0833	64	None	None	0	1	9.215167660835561
500	40.5000	81.2500	73	None	None	0	4	9.810379739494396
501	40.5833	40.6667	68	None	None	0	2	10.055391543642461
502	40.6667	40.7500	64	None	None	0	1	10.565131812650698
503	40.7500	81.7500	72	None	None	0	4	13.359071219992321
504	40.7500	81.5833	72	None	None	0	5	10.975142670235813
505	40.8333	40.9167	68	None	None	0	3	10.975142670235813
506	40.9167	41.0000	63	None	None	0	1	9.987155639285435
507	41.0000	82.2500	72	None	None	0	0	-1
508	41.0000	82.0833	72	None	None	0	0	-1
509	41.0833	41.1667	68	None	None	0	0	-1
510	41.1667	41.2500	63	None	None	0	0	-1
511	41.2500	82.5833	62	None	None	0	0	-1
512	41.2500	82.7500	72	None	None	0	0	-1
513	41.3333	41.4167	68	None	None	0	0	-1
514	41.4167	41.5000	65	None	None	0	0	-1
515	41.5000	83.2500	71	None	None	0	0	-1
516	41.5000	83.0833	71	None	None	0	0	-1
517	41.5833	41.6667	68	None	None	0	0	-1
518	41.6667	41.7500	65	None	None	0	0	-1
519	41.7500	83.5833	62	None	None	0	0	-1
520	41.7500	83.7500	71	None	None	0	0	-1
521	41.8333	41.9167	68	None	None	0	0	-1
522	41.9167	42.0000	65	None	None	0	0	-1
523	42.0000	84.5000	71	None	None	0	4	26.393398264416074
524	42.0000	84.0833	71	None	None	0	5	24.888528148226577
525	42.0833	42.1667	68	None	None	0	1	13.085510704815082
526	42.1667	42.2500	65	None	None	0	2	5.358934913499493
527	42.2500	42.3333	62	None	None	0	1	7.646921905686654
528	42.3333	42.4167	68	None	None	0	3	7.5393855036733015
529	42.4167	42.5000	65	None	None	0	2	9.159407125493479
530	42.5000	85.1250	70	None	None	0	4	10.167282581754593
531	42.5000	85.0833	70	None	None	0	5	7.964901649395285
532	42.5833	42.6667	65	None	None	0	3	9.419852934869759
533	42.6250	42.7500	68	None	None	0	5	11.637260639611311
534	42.6667	42.7500	62	None	None	0	1	17.604122316877227
535	42.7500	85.5833	63	None	None	0	2	16.993230941084843
536	42.7500	86.0000	67	None	None	0	3	17.051672498995096
537	42.8333	42.9167	62	None	None	0	1	17.401347840653887
538	42.9167	43.0000	63	None	None	0	2	16.209936912467
539	43.0000	43.0833	66	None	None	0	3	15.51863147095262
540	43.0833	43.1667	67	None	None	0	1	9.2799951640311
541	43.1667	43.2500	70	None	None	0	2	10.88713805039471
542	43.2500	86.7500	75	None	None	0	4	10.88713805039471
543	43.2500	86.5833	75	None	None	0	5	8.872675258790645
544	43.3333	43.4167	67	None	None	0	2	8.281441497931729
545	43.4167	43.5000	70	None	None	0	3	10.37108144147416
546	43.5000	87.0833	68	None	None	0	0	-1
547	43.5000	87.2500	75	None	None	0	0	-1
548	43.5833	43.6667	67	None	None	0	0	-1
549	43.6667	43.7500	68	None	None	0	0	-1
550	43.7500	87.7500	73	None	None	0	0	-1
551	43.7500	87.5833	73	None	None	0	0	-1
552	43.8333	43.9167	67	None	None	0	0	-1
553	43.9167	44.0000	68	None	None	0	0	-1
554	44.0000	88.2500	71	None	None	0	4	13.711678450204392
555	44.0000	88.0833	71	None	None	0	5	11.145120031978289
556	44.0833	44.1667	67	None	None	0	1	6.650964230431633
557	44.1667	44.2500	68	None	None	0	3	4.0476583687541
558	44.2500	89.0000	70	None	None	0	4	5.463134546362324
559	44.2500	88.5833	70	None	None	0	3	5.969264018345175
560	44.3333	44.4167	67	None	None	0	2	6.729978326364652
561	44.4167	44.5000	64	None	None	0	1	8.817965353548837
562	44.5000	44.5833	67	None	None	0	2	10.489216814152577
563	44.5833	44.6667	64	None	None	0	1	12.573809475248977
564	44.6667	44.7500	67	None	None	0	3	11.247604259096002
565	44.7500	89.7500	68	None	None	0	4	10.685104264209645
566	44.7500	89.5833	68	None	None	0	3	10.85865798164015
567	44.8333	44.9167	62	None	None	0	1	11.65411251986329
568	44.9167	45.0000	63	None	None	0	2	9.96954931818412
569	45.0000	90.2500	68	None	None	0	4	10.54693026531614
570	45.0000	90.0833	68	None	None	0	5	8.706021191142577
571	45.0833	45.1667	61	None	None	0	2	9.713813389773033
572	45.1667	45.2500	64	None	None	0	3	9.495631567624281
573	45.2500	90.7500	67	None	None	0	4	8.540003870684082
574	45.2500	90.5833	67	None	None	0	5	6.225718177437314
575	45.3333	45.4167	61	None	None	0	2	5.7455233819207905
576	45.4167	45.5000	63	None	None	0	3	5.402489135441776
577	45.5000	91.2500	64	None	None	0	4	4.156818151095065
578	45.5000	91.0833	64	None	None	0	3	2.3120129748140648
579	45.5833	45.6667	58	None	None	0	1	1.3704545418152536
580	45.6667	45.7500	61	None	None	0	2	1.3704545400620078
581	45.7500	46.5000	64	None	None	0	3	1.2827922085094774
582	45.8333	45.9167	61	None	None	0	2	1.326269185682126
583	45.9167	46.0000	58	None	None	0	1	1.6243211257116454
584	46.0000	46.0833	61	None	None	0	2	1.7548406103574565
585	46.0833	46.1667	58	None	None	0	1	1.624321131024511
586	46.1667	46.2500	61	None	None	0	2	1.7548406086042108
587	46.2500	46.3333	58	None	None	0	1	1.624321131024511
588	46.3333	46.4167	61	None	None	0	2	1.967355366394806
589	46.4167	46.5000	58	None	None	0	1	3.8725501489567953
590	46.5000	47.0000	63	None	None	0	3	5.5420798906213875
591	46.5833	46.6667	61	None	None	0	2	5.244027950591868
592	46.6667	46.7500	58	None	None	0	1	19.568230909793368
593	46.7500	46.8333	61	None	None	0	2	22.718230881157005
594	46.8333	46.9167	58	None	None	0	1	22.86866378022232
595	46.9167	47.0000	61	None	None	0	3	21.443043919591236
596	47.0000	94.2500	63	None	None	0	4	21.251377254666988
597	47.0000	94.0833	63	None	None	0	5	26.233441358819487
598	47.0833	47.1667	61	None	None	0	3	25.022727084111693
599	47.1667	47.2500	58	None	None	0	2	24.165230020114695
600	47.2500	94.7500	51	None	None	0	1	15.528866462263435
601	47.2500	94.7500	63	None	None	0	4	11.03471065896354
602	47.3333	47.4167	60	None	None	0	3	13.851732896805098
603	47.4167	47.5000	58	None	None	0	2	15.382813157765183
604	47.5000	95.2500	56	None	None	0	1	10.935167100511586
605	47.5000	95.2500	68	None	None	0	5	7.849452842849234
606	47.5833	47.6667	60	None	None	0	2	11.779674720499273
607	47.6667	47.7500	63	None	None	0	3	11.673417335477279
608	47.7500	95.7500	58	None	None	0	1	11.673417370896352
609	47.7500	95.5833	61	None	None	0	2	15.16497581951504
610	47.7500	95.7500	70	None	None	0	5	12.129771765475132
611	47.8333	47.9167	63	None	None	0	3	12.385055124639038
612	47.9167	48.0000	67	None	None	0	4	13.117980049102801
613	48.0000	96.5000	60	None	None	0	1	15.494603404120525
614	48.0000	96.5000	72	None	None	0	5	13.589841516674621
615	48.0833	48.1667	68	None	None	0	4	12.646940094977902
616	48.1667	48.2500	63	None	None	0	2	13.921231722178721
617	48.2500	48.3333	62	None	None	0	1	17.782004966412426
618	48.3333	48.4167	65	None	None	0	4	13.70034424003946
619	48.4167	48.5000	63	None	None	0	3	13.754269860854636
620	48.5000	97.2500	58	None	None	0	1	12.708544762136103
621	48.5000	97.2500	70	None	None	0	5	9.776726606970792
622	48.5833	48.6667	67	None	None	0	4	11.349345692598488
623	48.6667	48.7500	63	None	None	0	2	11.83928074811209
624	48.7500	98.0000	61	None	None	0	1	9.413956094835775
625	48.7500	98.0000	73	None	None	0	5	8.738956100972144
626	48.8333	48.9167	68	None	None	0	4	7.459562429744169
627	48.9167	49.0000	65	None	None	0	3	7.284237748309692
628	49.0000	49.0833	70	None	None	0	5	9.208982628771205
629	49.0833	49.1667	67	None	None	0	4	9.0142758221981
630	49.1667	49.2500	63	None	None	0	2	10.130834284057581
631	49.2500	98.7500	60	None	None	0	1	13.014600530409437
632	49.2500	98.7500	72	None	None	0	5	10.82888626456526
633	49.3333	49.4167	63	None	None	0	2	10.386678484851565
634	49.4167	49.5000	68	None	None	0	4	12.387460575224402
635	49.5000	99.5000	60	None	None	0	1	15.494603404120525
636	49.5000	99.5000	72	None	None	0	5	13.589841516674621
637	49.5833	49.6667	68	None	None	0	4	13.889797260432445
638	49.6667	49.7500	63	None	None	0	2	18.3333036965954
639	49.7500	49.8333	62	None	None	0	1	19.41447251793542
640	49.8333	49.9167	65	None	None	0	4	15.751377313141028
641	49.9167	50.0000	63	None	None	0	3	17.159129489183467
642	50.0000	100.2500	58	None	None	0	1	20.810428157288563
643	50.0000	100.2500	70	None	None	0	5	21.31497360724725
644	50.0833	50.1667	67	None	None	0	4	21.483312842237964
645	50.1667	50.2500	61	None	None	0	2	21.605931892086456
646	50.2500	100.7500	56	None	None	0	1	17.33799749017771
647	50.2500	100.7500	68	None	None	0	5	17.337997490177713
648	50.3333	50.4167	60	None	None	0	2	17.337997490177713
649	50.4167	50.5000	68	None	None	0	5	16.878813808359517
650	50.5000	101.2500	56	None	None	0	1	12.008683982503522
651	50.5000	101.2500	68	None	None	0	5	12.00868398250352
652	50.5833	50.6667	63	None	None	0	3	11.840344747512816
653	50.6667	50.7500	66	None	None	0	5	10.336929304424949
654	50.7500	101.7500	56	None	None	0	1	10.245370863698854
655	50.7500	101.7500	68	None	None	0	5	15.7631492486955
656	50.8333	50.9167	60	None	None	0	2	17.37029209122798
657	50.9167	51.0000	66	None	None	0	5	17.177921957860224
658	51.0000	102.2500	56	None	None	0	1	17.51341979255127
659	51.0000	102.2500	68	None	None	0	4	15.204978255095542
660	51.0833	51.1667	65	None	None	0	3	17.46179641639721
661	51.1667	51.2500	63	None	None	0	2	18.014177378821454
662	51.2500	102.7500	61	None	None	0	1	13.445995602168505
663	51.2500	102.7500	73	None	None	0	5	12.481709896649019
664	51.3333	51.4167	64	None	None	0	2	10.070995632850298
665	51.4167	51.5000	67	None	None	0	4	14.118894735484137
666	51.5000	103.2500	60	None	None	0	1	17.44089631992032
667	51.5000	103.2500	72	None	None	0	5	17.43711485419589
668	51.5833	51.6667	63	None	None	0	2	18.052680204346856
669	51.6667	51.7500	68	None	None	0	4	20.403870635623925
670	51.7500	103.6250	60	None	None	0	1	21.228870628123936
671	51.7500	103.6250	72	None	None	0	5	19.23565931912692
672	51.8333	51.9167	65	None	None	0	4	16.22808358889273
673	51.8750	103.8750	58	None	None	0	1	18.015898689051166
674	51.8750	103.8750	70	None	None	0	5	16.395520465769074
675	51.9167	52.0000	61	None	None	0	3	13.214049498767908
676	52.0000	104.2500	56	None	None	0	1	12.984927120314346
677	52.0000	104.2500	68	None	None	0	5	13.214049498767906
678	52.0833	52.1667	60	None	None	0	3	11.107098519146243
679	52.1667	52.2500	63	None	None	0	4	11.296979474979583
680	52.2500	104.7500	55	None	None	0	1	11.880312803009884
681	52.2500	104.7500	67	None	None	0	5	10.25174138924364
682	52.3333	52.4167	58	None	None	0	2	8.402931901072614
683	52.4167	52.5000	61	None	None	0	3	7.482034599795383
684	52.5000	105.5000	56	None	None	0	1	12.79480513469898
685	52.5000	105.5000	68	None	None	0	4	9.168506466366624
686	52.5833	52.6667	65	None	None	0	3	10.952656404556762
687	52.6667	52.7500	60	None	None	0	1	30.23837050432076
688	52.7500	52.8333	65	None	None	0	3	33.06304580331724
689	52.8333	52.9167	60	None	None	0	1	33.01867350934832
690	52.9167	53.0000	65	None	None	0	2	31.52938776798469
691	53.0000	106.2500	65	None	None	0	1	28.665751430381366
692	53.0000	106.2500	77	None	None	0	5	33.787632599728894
693	53.0833	53.1667	70	None	None	0	3	31.41030086219104
694	53.1667	53.2500	68	None	None	0	2	33.12352398711215
695	53.2500	106.7500	58	None	None	0	1	30.844460644616497
696	53.2500	106.7500	70	None	None	0	3	29.100068688809902
697	53.3333	53.4167	67	None	None	0	2	29.13459249801987
698	53.4167	53.5000	63	None	None	0	1	26.68686518078848
699	53.5000	107.2500	63	None	None	0	1	26.68686518078848
700	53.5000	107.2500	75	None	None	0	5	30.844460644616486
701	53.5833	53.6667	68	None	None	0	4	25.507555931229014
702	53.6667	53.7500	66	None	None	0	3	25.15867753055284
703	53.7500	107.7500	56	None	None	0	1	15.763547774628961
704	53.7500	107.7500	68	None	None	0	3	14.019155818822355
705	53.8333	53.9167	65	None	None	0	2	14.383441529796375
706	53.9167	54.0000	61	None	None	0	1	11.812012911614605
707	54.0000	108.2500	61	None	None	0	1	15.728571346363761
708	54.0000	108.2500	73	None	None	0	5	15.728571346363761
709	54.0833	54.1667	67	None	None	0	4	14.81812270886723
710	54.1667	54.2500	64	None	None	0	2	14.952538295726736
711	54.2500	108.7500	61	None	None	0	1	15.750265582958146
712	54.2500	108.7500	73	None	None	0	5	15.750265582958146
713	54.3333	54.4167	67	None	None	0	4	17.66909673083891
714	54.4167	54.5000	64	None	None	0	2	16.885763383263157
715	54.5000	109.2500	61	None	None	0	1	15.200350597100817
716	54.5000	109.2500	73	None	None	0	5	12.331303004135426
717	54.5833	54.6667	68	None	None	0	4	10.264154220226967
718	54.6667	54.7500	64	None	None	0	2	10.754089275740569
719	54.7500	110.0000	61	None	None	0	1	10.763829535392254
720	54.7500	110.0000	73	None	None	0	5	10.088829541528622
721	54.8333	54.9167	63	None	None	0	2	7.609067682848943
722	54.9167	55.0000	67	None	None	0	4	9.768313222557701
723	55.0000	55.0833	70	None	None	0	5	12.427751973891214
724	55.0833	55.1667	67	None	None	0	4	13.818228151726723
725	55.1667	55.2500	63	None	None	0	2	13.838466247332793
726	55.2500	110.7500	60	None	None	0	1	13.787816897143886
727	55.2500	110.7500	72	None	None	0	5	15.097124286579126
728	55.3333	55.4167	63	None	None	0	2	15.097124286579128
729	55.4167	55.5000	68	None	None	0	5	13.300568131465516
730	55.5000	111.2500	58	None	None	0	1	13.648295401031616
731	55.5000	111.2500	70	None	None	0	5	13.812878753039199
732	55.5833	55.6667	61	None	None	0	2	13.009307331772968
733	55.6667	55.7500	65	None	None	0	3	11.518777001642132
734	55.7500	111.7500	60	None	None	0	1	12.483062707161611
735	55.7500	111.7500	72	None	None	0	5	12.483062707161611
736	55.8333	55.9167	63	None	None	0	2	10.094308301486747
737	55.9167	56.0000	69	None	None	0	4	9.809676261679556
738	56.0000	112.2500	61	None	None	0	1	9.806724667845705
739	56.0000	112.2500	73	None	None	0	5	7.8911402696756605
740	56.0833	56.1667	65	None	None	0	3	6.586766312167235
741	56.1667	56.2500	70	None	None	0	5	6.60242029202261
742	56.2500	113.2500	60	None	None	0	1	6.111511205576315
743	56.2500	113.2500	72	None	None	0	5	5.9585891375184765
744	56.3333	56.4167	68	None	None	0	4	7.044775662313593
745	56.4167	56.5000	63	None	None	0	2	9.637632764651272
746	56.5000	56.5833	68	None	None	0	5	8.508523038570507
747	56.5833	56.6667	63	None	None	0	3	9.419945737389309
748	56.6667	56.7500	68	None	None	0	5	9.154001831991575
749	56.7500	56.8333	62	None	None	0	2	9.154001831991575
750	56.8333	56.9167	65	None	None	0	4	8.902513762051075
751	56.9167	57.0000	63	None	None	0	3	9.21066015130191
752	57.0000	114.7500	58	None	None	0	1	8.249350614645815
753	57.0000	114.7500	70	None	None	0	4	5.7879870091322285
754	57.0833	57.1667	67	None	None	0	3	9.778977249600077
755	57.1667	57.2500	61	None	None	0	2	10.597618986057952
756	57.2500	57.3333	67	None	None	0	5	10.686011842397248
757	57.3333	57.4167	61	None	None	0	2	11.082440439442689
758	57.4167	57.5000	67	None	None	0	5	11.679166601482752
759	57.5000	57.5833	62	None	None	0	3	12.507088671878265
760	57.5833	57.6667	65	None	None	0	5	11.706493452830639
761	57.6667	57.7500	63	None	None	0	4	12.549825319490898
762	57.7500	116.0000	56	None	None	0	1	13.975942344250388
763	57.7500	116.0000	68	None	None	0	5	14.667613703695347
764	57.8333	57.9167	60	None	None	0	2	14.167018470150973
765	57.9167	58.0000	61	None	None	0	3	14.449485970829855
766	58.0000	58.0833	62	None	None	0	1	8.60338208772035
767	58.0833	58.1667	65	None	None	0	2	9.717667791876206
768	58.1667	58.2500	63	None	None	0	1	8.709550856826064
769	58.2500	58.3333	67	None	None	0	2	8.104434773305249
770	58.3333	58.4167	68	None	None	0	3	7.260684780975689
771	58.4167	58.5000	72	None	None	0	5	9.095052596591005
772	58.5000	58.5833	70	None	None	0	4	12.071127144520329
773	58.5833	58.6667	60	None	None	0	1	12.157707230313328
774	58.6667	58.7500	61	None	None	0	2	13.356733129445603
775	58.7500	58.8333	62	None	None	0	1	12.521754711537003
776	58.8333	58.9167	65	None	None	0	3	12.986495061242138
777	58.9167	59.0000	63	None	None	0	1	12.627923480642718
778	59.0000	59.0833	67	None	None	0	2	12.022807397121902
779	59.0833	59.1667	70	None	None	0	3	12.875712601039691
780	59.1667	59.2500	73	None	None	0	5	14.015104766964221
781	59.2500	59.3333	72	None	None	0	4	15.032749330668215
782	59.3333	59.4167	60	None	None	0	1	12.171818620745933
783	59.4167	59.5000	61	None	None	0	2	14.101363993756607
784	59.5000	59.5833	62	None	None	0	1	12.040128354824853
785	59.5833	59.6667	65	None	None	0	2	13.15441405898071
786	59.6667	59.7500	63	None	None	0	1	12.146297123930568
787	59.7500	59.8333	68	None	None	0	2	10.73760961914351
788	59.8333	59.9167	72	None	None	0	4	10.76290723796114
789	59.9167	60.0000	75	None	None	0	5	12.270106680281014
790	60.0000	60.0833	73	None	None	0	4	19.233006251961577
791	60.0833	60.1667	60	None	None	0	1	15.388579879984484
792	60.1667	60.2500	61	None	None	0	2	17.318125252995152
793	60.2500	60.3333	62	None	None	0	1	14.273320149863459
794	60.3333	60.4167	65	None	None	0	2	15.072129666411104
795	60.4167	60.5000	63	None	None	0	1	14.445567725924546
796	60.5000	60.5833	67	None	None	0	2	16.03583133204196
797	60.5833	60.6667	70	None	None	0	3	27.333611214125614
798	60.6667	60.7500	77	None	None	0	5	25.157130414289888
799	60.7500	60.8333	75	None	None	0	4	25.157130426059364
800	60.8333	60.9167	62	None	None	0	1	21.28847638802941
801	60.9167	61.0000	63	None	None	0	2	20.238476333581374
802	61.0000	61.0833	68	None	None	0	3	19.391959260285212
803	61.0833	61.1667	72	None	None	0	1	15.095043714932485
804	61.1667	61.2500	75	None	None	0	2	16.488874850930145
805	61.2500	61.3333	80	None	None	0	3	14.304046064989365
806	61.3333	61.4167	84	None	None	0	5	15.65477659806418
807	61.4167	61.5000	82	None	None	0	4	15.74441157394895
808	61.5000	61.5833	80	None	None	0	3	17.47020854677816
809	61.5833	61.6667	79	None	None	0	0	-1
810	61.6667	61.7500	77	None	None	0	0	-1
811	61.7500	61.8333	75	None	None	0	0	-1
812	61.8333	61.9167	74	None	None	0	0	-1
813	61.9167	62.0000	77	None	None	0	0	-1
814	62.0000	62.0833	75	None	None	0	0	-1
815	62.0833	62.1667	73	None	None	0	0	-1
816	62.1667	62.2500	72	None	None	0	5	72.49126409296784
817	62.2500	124.7500	51	None	None	0	1	51.12762792354625
818	62.2500	124.5833	70	None	None	0	5	36.56470288586837
819	62.3333	62.4167	68	None	None	0	4	36.13696774611263
820	62.4167	62.5000	67	None	None	0	3	35.45125344793083
821	62.5000	125.2500	56	None	None	0	1	21.83761720805472
822	62.5000	125.0833	70	None	None	0	5	16.14304397596455
823	62.5833	62.6667	68	None	None	0	4	15.769234464027308
824	62.6667	62.7500	67	None	None	0	3	15.453758244276262
825	62.7500	125.7500	58	None	None	0	1	4.85960249643086
826	62.7500	125.5833	65	None	None	0	5	4.7942816198062035
827	62.8333	62.9167	63	None	None	0	4	5.661435291576676
828	62.9167	63.0000	61	None	None	0	3	6.017508181599279
829	63.0000	63.5000	60	None	None	0	2	5.268698664597109
830	63.0833	63.1667	65	None	None	0	4	4.835011150946429
831	63.1667	63.2500	63	None	None	0	3	5.071079618774601
832	63.2500	63.3333	68	None	None	0	5	4.163766701852808
833	63.3333	63.4167	65	None	None	0	4	4.075317280301695
834	63.4167	63.5000	63	None	None	0	3	5.580617520670433
835	63.5000	127.2500	58	None	None	0	1	4.44750064785459
836	63.5000	127.0833	67	None	None	0	5	3.994822089015333
837	63.5833	63.6667	65	None	None	0	4	4.11928096234275
838	63.6667	63.7500	63	None	None	0	3	4.026182766496661
839	63.7500	64.2500	61	None	None	0	1	3.254970611970908
840	63.8333	63.9167	65	None	None	0	3	2.4455550433876883
841	63.9167	64.0000	63	None	None	0	2	2.8069186679921585
842	64.0000	64.0833	70	None	None	0	5	7.905607267712158
843	64.0833	64.1667	65	None	None	0	4	6.748680897867744
844	64.1667	64.2500	63	None	None	0	3	8.32977100160505
845	64.2500	128.7500	60	None	None	0	2	8.248648559624552
846	64.2500	128.5833	68	None	None	0	5	7.097685085520504
847	64.3333	64.4167	65	None	None	0	4	7.063161276310538
848	64.4167	64.5000	63	None	None	0	3	8.296420806046832
849	64.5000	65.0000	60	None	None	0	2	8.288770596866062
850	64.5833	64.6667	56	None	None	0	1	5.861281441445052
851	64.6667	64.7500	63	None	None	0	5	3.692616480325268
852	64.8333	64.9167	56	None	None	0	2	3.7327950516899175
853	64.9167	65.0000	63	None	None	0	5	7.929053507319017
854	65.0000	65.2500	58	None	None	0	3	8.85595235760967
855	65.0833	65.1667	55	None	None	0	2	8.802026745268556
856	65.1667	65.2500	63	None	None	0	5	10.708914437638446
857	65.2500	65.5000	56	None	None	0	1	10.301354144497541
858	65.3333	65.4167	60	None	None	0	3	10.621700461931612
859	65.4167	65.5000	63	None	None	0	4	10.44694150558613
860	65.5000	131.2500	56	None	None	0	1	11.22616227772303
861	65.5000	131.0833	66	None	None	0	5	11.645167375954705
862	65.5833	65.6667	65	None	None	0	4	10.355222484100254
863	65.6667	65.7500	63	None	None	0	3	10.782957635521523
864	65.7500	131.7500	56	None	None	0	1	8.832064796114134
865	65.7500	131.5833	66	None	None	0	5	10.024822831345382
866	65.8333	65.9167	65	None	None	0	4	9.077203805782702
867	65.9167	66.0000	63	None	None	0	3	9.102882665133853
868	66.0000	132.7500	56	None	None	0	1	5.856709225256873
869	66.0000	132.0833	65	None	None	0	4	5.680518750668117
870	66.0833	66.1667	61	None	None	0	3	9.289392141262809
871	66.1667	66.2500	63	None	None	0	4	13.669803338183094
872	66.2500	66.3333	64	None	None	0	5	13.023293603800738
873	66.3333	66.4167	63	None	None	0	4	11.450376951433357
874	66.4167	66.5000	61	None	None	0	3	11.17162841865561
875	66.5000	133.0833	64	None	None	0	4	11.89781891746522
876	66.5000	133.2500	68	None	None	0	5	9.77177533753505
877	66.5833	66.6667	63	None	None	0	3	10.232223975615955
878	66.6667	66.7500	61	None	None	0	2	10.232223962174347
879	66.7500	133.7500	56	None	None	0	1	6.683916276935867
880	66.7500	133.5833	63	None	None	0	3	8.159651347729156
881	66.7500	134.0000	67	None	None	0	5	9.08610781353925
882	66.8333	66.9167	60	None	None	0	2	10.505155419686394
883	66.9167	67.0000	61	None	None	0	4	9.590955418050495
884	67.0000	134.2500	56	None	None	0	1	10.69294425865769
885	67.0000	134.0833	63	None	None	0	4	12.043052471492159
886	67.0833	67.1667	61	None	None	0	3	11.989923782482814
887	67.1667	67.2500	60	None	None	0	2	10.921173756841487
888	67.2500	134.7500	56	None	None	0	1	9.223446499548166
889	67.2500	134.5833	63	None	None	0	4	8.226152144023832
890	67.2500	134.7500	66	None	None	0	5	8.03695146547172
891	67.3333	67.4167	61	None	None	0	3	8.701945556238572
892	67.4167	67.5000	60	None	None	0	2	7.71623125260215
893	67.5000	135.7500	56	None	None	0	1	6.007258422801851
894	67.5000	135.0833	61	None	None	0	3	5.998305254839167
895	67.5000	135.5000	65	None	None	0	5	6.756340962233622
896	67.5833	67.6667	58	None	None	0	2	6.536607108085023
897	67.6667	67.7500	60	None	None	0	3	6.926217486449802
898	67.7500	67.8333	61	None	None	0	4	5.28931273942606
899	67.8333	67.9167	60	None	None	0	3	4.518061270640539
900	67.9167	68.0000	58	None	None	0	2	5.321632713822412
901	68.0000	136.0833	61	None	None	0	4	4.624663023188845
902	68.0000	136.2500	64	None	None	0	5	4.546187522131309
903	68.0833	68.1667	60	None	None	0	3	4.764369368719375
904	68.1667	68.2500	58	None	None	0	2	6.839039741462581
905	68.2500	136.7500	55	None	None	0	1	7.332140386330469
906	68.2500	137.0000	63	None	None	0	5	6.025715754064775
907	68.3333	68.4167	61	None	None	0	4	6.262089252041226
908	68.4167	68.5000	58	None	None	0	3	5.65190623365352
909	68.5000	68.7500	55	None	None	0	2	5.931063060903943
910	68.5833	68.6667	61	None	None	0	5	5.347134494783839
911	68.6667	68.7500	58	None	None	0	3	4.814962112026489
912	68.7500	137.7500	56	None	None	0	1	5.042286493631706
913	68.7500	137.7500	64	None	None	0	4	6.0899055317269095
914	68.8333	68.9167	61	None	None	0	3	6.143831159545451
915	68.9167	69.0000	58	None	None	0	2	5.950442701161745
916	69.0000	138.7500	55	None	None	0	1	6.574793344836449
917	69.0000	138.7500	63	None	None	0	4	7.052110350151861
918	69.0833	69.1667	58	None	None	0	2	7.102759700340768
919	69.1667	69.2500	60	None	None	0	3	6.9839826374398255
920	69.2500	69.3333	61	None	None	0	4	5.5907073647852785
921	69.3333	69.4167	60	None	None	0	3	5.526421681473712
922	69.4167	69.5000	58	None	None	0	2	5.887785306078158
923	69.5000	69.5833	61	None	None	0	4	4.828655052030941
924	69.5833	69.6667	60	None	None	0	3	4.764369368719375
925	69.6667	69.7500	58	None	None	0	2	6.839039741462581
926	69.7500	139.7500	55	None	None	0	1	7.332140386330469
927	69.7500	140.0000	63	None	None	0	5	6.025715754064775
928	69.8333	69.9167	61	None	None	0	4	6.262089252041226
929	69.9167	70.0000	58	None	None	0	3	5.65190623365352
930	70.0000	70.2500	55	None	None	0	2	5.931063060903943
931	70.0833	70.1667	61	None	None	0	5	5.347134494783839
932	70.1667	70.2500	58	None	None	0	3	4.814962112026489
933	70.2500	140.7500	56	None	None	0	1	5.042286493631706
934	70.2500	140.7500	64	None	None	0	4	4.9957256482613435
935	70.3333	70.4167	61	None	None	0	3	4.941317935257342
936	70.4167	70.5000	58	None	None	0	2	6.142083263211957
937	70.5000	141.5000	55	None	None	0	1	7.28850807696632
938	70.5000	141.5000	63	None	None	0	4	8.517674732458689
939	70.5833	70.6667	58	None	None	0	2	8.327793793573463
940	70.6667	70.7500	60	None	None	0	3	9.223897673827244
941	70.7500	70.8333	61	None	None	0	4	9.223897673827258
942	72.0000	72.0833	56	None	None	0	1	8.846903281441113
943	72.0833	72.1667	60	None	None	0	2	12.197370989964705
944	72.1667	72.2500	61	None	None	0	3	16.642141317933195
945	72.2500	72.3333	62	None	None	0	1	21.279120429216434
946	72.3333	72.4167	65	None	None	0	3	22.07567653039329
947	72.4167	72.5000	63	None	None	0	2	28.28241327434375
948	72.5000	72.5833	62	None	None	0	1	26.41203746206564
949	72.5833	72.6667	63	None	None	0	2	25.362037471611124
950	72.6667	72.7500	67	None	None	0	1	19.508520161257454
951	72.7500	72.8333	68	None	None	0	2	17.389770186728313
952	72.8333	72.9167	72	None	None	0	1	25.245289595833743
953	72.9167	73.0000	73	None	None	0	2	34.722840466088314
954	73.0000	73.0833	74	None	None	0	0	-1
955	73.0833	73.1667	77	None	None	0	0	-1
956	73.1667	73.2500	75	None	None	0	0	-1
957	73.2500	73.3333	74	None	None	0	0	-1
958	73.3333	73.4167	75	None	None	0	0	-1
959	73.4167	73.5000	79	None	None	0	0	-1
960	73.5000	147.2500	63	None	None	0	0	-1
961	73.5000	147.0833	80	None	None	0	0	-1
962	73.5833	73.6667	84	None	None	0	0	-1
963	73.6667	73.7500	85	None	None	0	0	-1
964	73.7500	147.7500	68	None	None	0	0	-1
965	73.7500	147.5833	86	None	None	0	0	-1
966	73.8333	73.9167	89	None	None	0	0	-1
967	73.9167	74.0000	87	None	None	0	0	-1
968	74.0000	148.2500	63	None	None	0	0	-1
969	74.0000	148.2500	70	None	None	0	0	-1
970	74.0000	148.0833	86	None	None	0	0	-1
971	74.0833	74.1667	87	None	None	0	0	-1
972	74.1667	74.2500	91	None	None	0	0	-1
973	74.2500	149.2500	68	None	None	0	0	-1
974	74.2500	149.2500	72	None	None	0	0	-1
975	74.2500	148.7500	92	None	None	0	0	-1
976	75.0000	150.2500	60	None	None	0	0	-1
977	75.0000	150.2500	63	None	None	0	0	-1
978	75.0000	151.5000	68	None	None	0	0	-1
979	75.0000	151.5000	72	None	None	0	0	-1
980	75.7500	151.7500	60	None	None	0	0	-1
981	75.7500	151.7500	63	None	None	0	0	-1
