0	6.0000	8.0000	56	None	None	0	3	1.1406114718614722
1	8.0000	9.0000	55	None	None	0	2	1.2855944650587514
2	9.0000	10.0000	59	None	None	0	4	1.3164128530199966
3	10.0000	12.0000	58	None	None	0	3	3.123173057101627
4	12.0000	13.0000	56	None	None	0	2	3.212007618704044
5	13.0000	27.0000	57	None	None	0	3	3.696531428227854
6	13.0000	27.0000	61	None	None	0	5	4.105549757781893
7	14.0000	15.0000	60	None	None	0	4	4.534244013261868
8	14.5000	14.7500	56	None	None	0	3	4.870205670652097
9	14.7500	15.0000	54	None	None	0	1	4.1186956727135335
10	15.0000	30.5000	56	None	None	0	2	3.4030068972033285
11	15.0000	31.0000	64	None	None	0	5	2.843270502645506
12	15.5000	16.0000	61	None	None	0	4	3.1075396825396875
13	16.0000	32.5000	54	None	None	0	1	4.078344671201821
14	16.0000	34.0000	63	None	None	0	5	4.973327664399097
15	16.5000	16.7500	56	None	None	0	2	5.061274092970527
16	16.7500	17.0000	57	None	None	0	3	4.919869614512474
17	17.0000	18.0000	59	None	None	0	4	4.783616780045353
18	18.0000	19.0000	61	None	None	0	5	4.691142290249433
19	18.5000	19.0000	57	None	None	0	3	4.740435820792966
20	19.0000	38.5000	56	None	None	0	2	4.538189290867862
21	19.0000	39.0000	66	None	None	0	5	2.7356382704596984
22	19.5000	20.0000	54	None	None	0	1	1.10270176252319
23	20.5000	21.0000	64	None	None	0	4	1.0129200164914454
24	21.0000	21.5000	63	None	None	0	3	0.7502712069676376
25	21.5000	22.0000	61	None	None	0	2	1.3893380113753455
26	22.0000	23.0000	61	None	None	0	2	1.4449927732801047
27	23.0000	47.0000	59	None	None	0	1	2.206194071981408
28	23.0000	47.0000	68	None	None	0	5	2.3058191492850604
29	24.0000	49.0000	61	None	None	0	1	3.2883098728472113
30	24.0000	49.0000	65	None	None	0	3	4.876459223496565
31	25.0000	51.0000	66	None	None	0	3	5.23720302514946
32	25.0000	51.0000	69	None	None	0	5	5.527381596578036
33	26.0000	27.0000	68	None	None	0	4	5.36305570782033
34	26.5000	27.0000	64	None	None	0	3	5.3526792156256535
35	27.0000	54.5000	63	None	None	0	2	5.021280406101845
36	27.0000	55.0000	66	None	None	0	3	4.811819727891164
37	27.0000	55.0000	73	None	None	0	5	3.7425170068027276
38	27.5000	28.0000	61	None	None	0	1	2.2821003401360627
39	28.0000	57.0000	63	None	None	0	2	2.396386054421769
40	28.0000	57.0000	72	None	None	0	5	1.8197491496598601
41	29.0000	59.0000	68	None	None	0	2	2.446336451247166
42	29.0000	59.0000	73	None	None	0	0	-1
43	29.0000	59.0000	76	None	None	0	0	-1
44	30.0000	61.0000	73	None	None	0	0	-1
45	30.0000	62.0000	75	None	None	0	0	-1
46	30.5000	31.0000	69	None	None	0	5	3.4999749836803438
47	31.0000	62.5000	68	None	None	0	4	4.110632150587506
48	31.0000	63.0000	71	None	None	0	5	4.268742269635126
49	31.5000	32.0000	66	None	None	0	3	4.487925170068028
50	32.0000	64.5000	65	None	None	0	2	4.44782100340136
51	32.0000	65.5000	73	None	None	0	5	4.489393187830683
52	32.5000	33.0000	61	None	None	0	1	3.5036789021163948
53	33.0000	67.0000	66	None	None	0	2	3.2566881613756564
54	33.0000	67.0000	69	None	None	0	3	3.2174565596440536
55	33.5000	34.0000	75	None	None	0	5	2.53486727392977
56	34.0000	70.0000	64	None	None	0	1	2.9456979445818683
57	34.0000	69.0000	68	None	None	0	2	2.804978247612169
58	34.0000	68.5000	76	None	None	0	5	2.788024591149586
59	34.5000	35.0000	75	None	None	0	4	2.4074855699855635
60	35.0000	71.0000	68	None	None	0	0	-1
61	35.0000	71.0000	73	None	None	0	0	-1
62	36.0000	37.0000	71	None	None	0	5	5.5355912440733865
63	36.5000	37.0000	68	None	None	0	4	5.425158043015187
64	37.0000	74.5000	66	None	None	0	3	5.4342092131991695
65	37.0000	75.0000	68	None	None	0	4	5.617906303146263
66	37.0000	75.0000	73	None	None	0	5	4.183016374952767
67	37.5000	38.0000	64	None	None	0	2	3.5315823922687826
68	38.0000	77.0000	63	None	None	0	1	1.7557887414751336
69	38.0000	77.0000	70	None	None	0	3	1.684062550998946
70	38.0000	77.0000	75	None	None	0	5	1.4222877021705256
71	39.0000	40.0000	68	None	None	0	2	3.334154671180345
72	40.5000	41.0000	76	None	None	0	5	9.005810442864023
73	41.0000	83.0000	67	None	None	0	2	8.514580971277404
74	41.0000	82.5000	75	None	None	0	5	8.215131330309905
75	41.5000	42.0000	73	None	None	0	4	8.274891345427058
76	42.0000	85.0000	68	None	None	0	2	8.900642284002673
77	42.0000	84.5000	71	None	None	0	3	9.0025768078122
78	42.5000	43.0000	75	None	None	0	5	8.941807468025003
79	43.0000	87.0000	59	None	None	0	1	8.409069372786908
80	43.0000	87.0000	80	None	None	0	5	3.147589780950169
81	44.0000	44.5000	80	None	None	0	3	2.7782374371660055
82	44.5000	45.0000	78	None	None	0	2	4.7506580720866385
83	45.0000	45.5000	80	None	None	0	3	5.608342054770622
84	45.5000	46.0000	81	None	None	0	4	5.526756642828065
85	46.0000	48.0000	83	None	None	0	5	5.486471778882488
86	48.5000	49.0000	81	None	None	0	4	6.126939247921383
87	49.0000	99.0000	69	None	None	0	1	7.492585506424801
88	49.0000	98.5000	80	None	None	0	5	8.99862614237614
89	49.5000	50.0000	78	None	None	0	4	11.84356575963721
90	50.0000	101.0000	68	None	None	0	1	12.243491032776744
91	50.0000	100.2500	80	None	None	0	5	12.927460832818
92	50.2500	50.5000	78	None	None	0	4	12.65521026592458
93	50.5000	50.7500	76	None	None	0	3	12.903382034632061
94	50.7500	51.0000	75	None	None	0	1	10.107942949907239
95	51.0000	52.0000	73	None	None	0	3	6.182501460180035
96	51.2500	51.5000	71	None	None	0	2	6.67153207242493
97	51.5000	51.7500	69	None	None	0	1	5.986854729265439
98	51.7500	52.0000	68	None	None	0	4	2.1901272503951064
99	52.0000	52.5000	66	None	None	0	3	2.038607804232805
100	52.5000	53.0000	69	None	None	0	5	1.8576228913282515
101	53.0000	106.5000	68	None	None	0	4	1.7035719654023258
102	53.0000	107.0000	71	None	None	0	5	1.8259677987356624
103	53.5000	54.0000	66	None	None	0	3	1.8746690974369606
104	54.0000	55.0000	65	None	None	0	2	1.9186836477015108
105	54.5000	55.0000	73	None	None	0	5	1.5796105184498093
106	55.0000	111.0000	66	None	None	0	2	1.6377274015666945
107	55.0000	110.5000	71	None	None	0	4	1.5977141740534668
108	55.5000	56.0000	69	None	None	0	3	1.8322379835772753
109	56.0000	57.0000	68	None	None	0	2	1.6369998883391796
110	56.5000	58.0000	64	None	None	0	1	1.7949859994502906
111	57.0000	57.5000	70	None	None	0	3	1.935082172216916
112	57.5000	58.0000	71	None	None	0	4	1.9050840032982972
113	58.0000	59.0000	73	None	None	0	5	1.8674092111592184
114	59.0000	119.0000	63	None	None	0	1	2.231012444660404
115	59.0000	119.0000	71	None	None	0	5	2.1282037454231384
116	60.0000	62.0000	64	None	None	0	2	2.7966160913401223
117	61.0000	62.0000	70	None	None	0	4	3.425581709956705
118	62.0000	64.0000	71	None	None	0	5	3.3124188311688267
119	62.5000	63.0000	63	None	None	0	2	3.133086820586813
120	63.0000	64.0000	64	None	None	0	1	1.8608283085961559
121	63.5000	63.7500	66	None	None	0	2	2.8446210618085503
122	63.7500	64.0000	68	None	None	0	3	3.196739181783818
123	64.0000	129.0000	63	None	None	0	1	2.797036800831447
124	64.0000	129.0000	66	None	None	0	2	2.86885274943311
125	64.5000	65.0000	73	None	None	0	3	2.2305142195767296
126	65.0000	131.0000	68	None	None	0	1	2.1468124055177715
127	65.0000	131.0000	71	None	None	0	2	2.3852052626606275
128	65.0000	130.5000	75	None	None	0	4	2.573085553665919
129	65.5000	66.0000	76	None	None	0	5	2.433948648904014
130	66.0000	68.0000	66	None	None	0	1	2.4186543367346975
131	66.5000	67.0000	73	None	None	0	4	2.5227796674225273
132	67.0000	134.5000	71	None	None	0	3	2.858490624785272
133	67.0000	135.0000	75	None	None	0	5	5.022098214285716
134	67.5000	68.0000	69	None	None	0	2	5.074011479591835
135	68.0000	137.0000	64	None	None	0	1	4.8230838358070445
136	68.0000	137.0000	68	None	None	0	2	5.312440411770761
137	68.0000	136.5000	76	None	None	0	5	5.517638115852393
138	68.5000	69.0000	75	None	None	0	3	4.918117398474533
139	69.0000	69.5000	76	None	None	0	1	2.7478367862296333
140	69.5000	70.0000	78	None	None	0	2	2.976535765821472
141	70.0000	70.2500	80	None	None	0	4	3.085921717171702
142	70.2500	70.5000	78	None	None	0	3	3.035318748711595
143	70.5000	70.7500	80	None	None	0	4	2.8112670068027157
144	70.7500	71.0000	81	None	None	0	5	2.3209750566893352
145	71.0000	71.2500	80	None	None	0	4	1.5911641929499003
146	71.2500	71.5000	78	None	None	0	3	1.5405612244897935
147	71.5000	71.7500	76	None	None	0	2	3.4569602732867875
148	71.7500	72.0000	80	None	None	0	5	2.861549533233208
149	72.0000	72.2500	78	None	None	0	4	2.6657445445710817
150	72.2500	72.5000	76	None	None	0	3	3.4168164885001557
151	72.5000	72.7500	78	None	None	0	4	3.8081146744411942
152	72.7500	73.0000	80	None	None	0	5	3.5731575963718782
153	73.0000	73.2500	78	None	None	0	4	4.944715743440229
154	73.2500	73.5000	76	None	None	0	3	4.865350664075152
155	73.5000	73.7500	75	None	None	0	2	4.74749352121801
156	73.7500	74.0000	78	None	None	0	5	2.9813370586329855
157	74.0000	74.2500	76	None	None	0	4	2.9484572400388758
158	74.2500	74.5000	75	None	None	0	3	3.607187398769036
159	74.5000	74.7500	76	None	None	0	4	2.9383948817622407
160	74.7500	75.0000	78	None	None	0	5	2.861118841475993
161	75.0000	151.0000	68	None	None	0	1	2.9135564831993572
162	75.0000	150.2500	76	None	None	0	5	3.170409451659457
163	75.2500	75.5000	75	None	None	0	4	2.523158884766035
164	75.5000	75.7500	73	None	None	0	3	2.480172534381724
165	75.7500	76.0000	76	None	None	0	4	2.657893622817105
166	76.0000	153.0000	67	None	None	0	1	2.479322194245682
167	76.0000	152.2500	75	None	None	0	3	2.192702535559689
168	76.2500	76.5000	73	None	None	0	2	2.260049474335197
169	76.5000	76.7500	75	None	None	0	3	2.529066171923323
170	76.7500	77.0000	76	None	None	0	4	2.1572356215213393
171	77.0000	155.0000	71	None	None	0	2	2.057774170274177
172	77.0000	154.2500	75	None	None	0	4	2.3862686633094916
173	77.2500	77.5000	73	None	None	0	3	2.5314706835115137
174	77.5000	77.7500	71	None	None	0	2	2.5166747651441663
175	77.7500	78.0000	75	None	None	0	4	3.063245059928745
176	78.0000	158.0000	70	None	None	0	2	3.2201096239361684
177	78.0000	156.2500	73	None	None	0	4	2.6657445445710977
178	78.2500	78.5000	71	None	None	0	3	4.573052316164573
179	78.5000	78.7500	73	None	None	0	4	4.455228671555209
180	78.7500	79.0000	75	None	None	0	5	4.09971225864083
181	79.0000	79.2500	73	None	None	0	4	4.031786278725055
182	79.2500	79.5000	71	None	None	0	3	4.663556851311959
183	79.5000	79.7500	70	None	None	0	2	4.0712099125364505
184	79.7500	80.0000	73	None	None	0	5	1.886827826368658
185	80.0000	81.0000	71	None	None	0	4	2.3869412050534633
186	80.5000	81.0000	63	None	None	0	1	2.629855037253011
187	81.0000	163.0000	68	None	None	0	2	2.506385649497907
188	81.0000	162.2500	71	None	None	0	3	3.389942197116955
189	81.2500	81.5000	73	None	None	0	4	3.7140753225893617
190	81.5000	81.7500	75	None	None	0	5	4.113188539304613
191	81.7500	82.0000	71	None	None	0	4	3.8366174346722843
192	82.0000	83.5000	73	None	None	0	5	3.7593413943860337
193	82.5000	82.7500	66	None	None	0	0	-1
194	82.7500	83.0000	64	None	None	0	0	-1
195	83.0000	84.0000	66	None	None	0	0	-1
196	83.5000	84.0000	76	None	None	0	0	-1
197	84.0000	85.5000	75	None	None	0	0	-1
198	84.5000	84.7500	64	None	None	0	0	-1
199	84.7500	85.0000	66	None	None	0	1	3.6625672307490484
200	85.0000	86.0000	68	None	None	0	2	3.060610784717928
201	85.5000	86.0000	78	None	None	0	5	1.5407749027067217
202	86.0000	88.0000	76	None	None	0	4	1.701782083356754
203	87.0000	88.0000	73	None	None	0	3	1.8936778499278442
204	88.0000	89.0000	72	None	None	0	2	2.2844185906685843
205	88.5000	89.5000	75	None	None	0	3	3.4879397718683434
206	89.0000	90.0000	76	None	None	0	4	3.406354359925786
207	89.5000	90.0000	73	None	None	0	3	3.7888969873663703
208	90.0000	92.0000	75	None	None	0	5	5.054317838246405
209	90.5000	90.7500	72	None	None	0	3	5.268773620559331
210	90.7500	91.0000	70	None	None	0	1	4.367010483847225
211	91.0000	91.5000	72	None	None	0	2	3.9174073092440476
212	91.5000	92.0000	75	None	None	0	3	3.783981211532238
213	92.0000	92.2500	80	None	None	0	5	3.6152798023971413
214	92.2500	92.5000	78	None	None	0	2	2.5473021026592315
215	92.5000	92.7500	80	None	None	0	3	2.4966991341991247
216	92.7500	93.0000	81	None	None	0	4	1.876672335600901
217	93.0000	187.0000	73	None	None	0	1	2.048157596371876
218	93.0000	186.2500	80	None	None	0	4	1.704336734693874
219	93.2500	93.5000	78	None	None	0	3	2.001182745825601
220	93.5000	93.7500	76	None	None	0	2	2.0011827458256004
221	93.7500	94.0000	80	None	None	0	4	2.2181045145330915
222	94.0000	94.2500	78	None	None	0	3	2.4593382807668567
223	94.2500	94.5000	76	None	None	0	2	2.778957946815094
224	94.5000	94.7500	78	None	None	0	3	3.3235312306740887
225	94.7500	95.0000	80	None	None	0	4	3.6992063492063445
226	95.0000	190.5000	72	None	None	0	1	3.7599206349206282
227	95.0000	190.2500	78	None	None	0	4	3.7069160997732347
228	95.2500	95.5000	76	None	None	0	3	4.238038548752823
229	95.5000	191.5000	71	None	None	0	1	4.644288548752826
230	95.5000	191.2500	75	None	None	0	2	4.281533446712015
231	95.7500	96.0000	78	None	None	0	4	7.3021683673469395
232	96.0000	97.0000	77	None	None	0	3	6.817332766439911
233	96.2500	96.5000	71	None	None	0	1	6.4040674603174645
234	96.5000	96.7500	73	None	None	0	3	7.164684564301913
235	96.7500	97.0000	74	None	None	0	4	8.578092698118233
236	97.0000	194.2500	73	None	None	0	3	8.825031473628442
237	97.0000	195.0000	81	None	None	0	5	6.9742081897694455
238	97.2500	97.5000	71	None	None	0	2	5.385942883646993
239	97.5000	97.7500	69	None	None	0	1	5.385942883646993
240	97.7500	98.0000	73	None	None	0	3	7.515387107223855
241	98.0000	196.2500	71	None	None	0	2	7.500591188856504
242	98.0000	198.0000	80	None	None	0	5	5.38357223841918
243	98.2500	98.5000	69	None	None	0	1	6.294605401684487
244	98.5000	98.7500	71	None	None	0	4	3.35773303368968
245	98.7500	99.0000	73	None	None	0	5	3.301792800453526
246	99.0000	99.2500	71	None	None	0	4	3.800035430839009
247	99.2500	99.5000	69	None	None	0	3	3.9173823696145162
248	99.5000	99.7500	68	None	None	0	1	6.639576247165546
249	99.7500	100.0000	71	None	None	0	2	8.09161706349207
250	100.0000	101.0000	69	None	None	0	1	7.62064673091459
251	100.5000	100.7500	78	None	None	0	5	8.049998711605854
252	100.7500	101.0000	76	None	None	0	4	7.869159709338277
253	101.0000	102.0000	74	None	None	0	3	7.634465831787254
254	101.2500	101.5000	73	None	None	0	2	7.0608736171236135
255	101.5000	101.7500	71	None	None	0	1	6.943526678348106
256	101.7500	102.0000	69	None	None	0	3	2.3324155672370033
257	102.0000	103.0000	68	None	None	0	1	1.1256688912939012
258	102.5000	103.0000	73	None	None	0	3	1.6965254157218521
259	103.0000	103.5000	78	None	None	0	5	1.770717592592597
260	103.5000	104.0000	78	None	None	0	5	1.9747992252456599
261	104.0000	104.5000	78	None	None	0	5	4.899341845323995
262	104.5000	104.7500	76	None	None	0	4	4.852884304548271
263	104.7500	105.0000	74	None	None	0	3	4.968190426997247
264	105.0000	106.0000	76	None	None	0	5	3.382499332377579
265	106.5000	106.7500	74	None	None	0	4	3.347033062536308
266	106.7500	107.0000	73	None	None	0	3	2.8328864948183132
267	107.0000	215.0000	69	None	None	0	2	2.45329465808362
268	107.0000	215.0000	74	None	None	0	3	5.348391766190936
269	108.0000	109.0000	68	None	None	0	1	5.449814153327612
270	109.0000	219.0000	73	None	None	0	2	5.847945864689851
271	109.0000	219.0000	73	None	None	0	3	5.793383543893766
272	110.0000	222.0000	71	None	None	0	1	5.903825978443342
273	110.0000	221.0000	78	None	None	0	5	6.122847829608048
274	111.0000	112.0000	76	None	None	0	4	6.213267330741832
275	112.5000	113.0000	64	None	None	0	1	6.357475999057651
276	112.7500	113.0000	78	None	None	0	5	2.6229643372500684
277	113.0000	226.5000	69	None	None	0	2	2.0227465986394506
278	113.0000	226.2500	76	None	None	0	5	2.6188350340136086
279	113.2500	113.5000	74	None	None	0	4	2.5105583900226747
280	113.5000	227.5000	69	None	None	0	2	3.1975198412698385
281	113.5000	227.2500	73	None	None	0	4	3.4648809523809514
282	113.7500	114.0000	76	None	None	0	5	3.749702380952381
283	114.0000	228.5000	69	None	None	0	3	3.9244331065759694
284	114.0000	228.2500	74	None	None	0	5	4.196626984126988
285	114.2500	114.5000	73	None	None	0	4	3.6054988662131566
286	114.5000	229.2500	68	None	None	0	2	3.3136621315192802
287	114.5000	229.2500	74	None	None	0	4	3.7634778911564575
288	114.7500	229.7500	66	None	None	0	1	7.620918367346929
289	114.7500	229.7500	76	None	None	0	5	8.029209183673464
290	115.0000	231.0000	68	None	None	0	2	8.158290816326526
291	115.0000	230.2500	74	None	None	0	5	7.8481883030990165
292	115.2500	115.5000	73	None	None	0	4	9.33014198103484
293	115.5000	115.7500	71	None	None	0	3	9.558670892599464
294	115.7500	116.0000	74	None	None	0	5	9.240591716484579
295	116.0000	118.0000	73	None	None	0	4	8.510780852745143
296	116.5000	116.7500	61	None	None	0	1	5.654204889026321
297	116.7500	117.0000	63	None	None	0	2	5.40726611351611
298	117.0000	117.5000	64	None	None	0	1	4.411475297189574
299	117.5000	118.0000	66	None	None	0	2	5.154970195148764
300	118.0000	236.2500	68	None	None	0	3	5.900409279873558
301	118.0000	237.0000	72	None	None	0	4	5.976694238301376
302	118.2500	118.5000	66	None	None	0	2	5.988150639043485
303	118.5000	118.7500	68	None	None	0	3	7.398334842595036
304	118.7500	119.0000	69	None	None	0	4	7.118289491121113
305	119.0000	238.2500	68	None	None	0	3	6.944309899284379
306	119.0000	239.0000	76	None	None	0	5	5.172336337132246
307	119.2500	119.5000	66	None	None	0	2	4.1003975616220405
308	119.5000	119.7500	64	None	None	0	1	4.1003975616220405
309	119.7500	120.0000	68	None	None	0	3	6.673379936390134
310	120.0000	240.2500	66	None	None	0	2	6.897591439173071
311	120.0000	242.0000	75	None	None	0	5	5.421691555410042
312	120.2500	120.5000	64	None	None	0	1	6.148890995792257
313	120.5000	120.7500	66	None	None	0	4	3.7615303588968017
314	120.7500	121.0000	68	None	None	0	5	3.3005245279930158
315	121.0000	121.2500	66	None	None	0	4	3.0474538552794903
316	121.2500	121.5000	64	None	None	0	3	3.1341885491570416
317	121.5000	121.7500	63	None	None	0	1	1.0876312898897023
318	121.7500	122.0000	66	None	None	0	2	1.8061223226664456
319	122.5000	123.0000	68	None	None	0	3	3.152215608465616
320	123.0000	123.5000	73	None	None	0	5	3.2003873771730973
321	123.5000	124.0000	73	None	None	0	5	3.8177343159486066
322	124.0000	124.5000	73	None	None	0	5	4.496815948601666
323	124.5000	124.7500	71	None	None	0	4	5.001658163265312
324	124.7500	125.0000	69	None	None	0	3	5.062882653061233
325	125.0000	126.0000	71	None	None	0	5	4.044260204081637
326	126.0000	126.2500	61	None	None	0	2	5.049333900226765
327	126.2500	126.5000	59	None	None	0	1	5.431986961451255
328	126.5000	126.7500	61	None	None	0	2	5.543608276644003
329	126.7500	127.0000	62	None	None	0	3	5.297689909297066
330	127.0000	254.2500	61	None	None	0	2	4.686494935439756
331	127.0000	255.0000	69	None	None	0	0	-1
332	127.2500	127.5000	64	None	None	0	0	-1
333	127.5000	127.7500	63	None	None	0	0	-1
334	127.7500	128.0000	61	None	None	0	0	-1
335	128.0000	257.0000	60	None	None	0	0	-1
336	128.0000	257.0000	68	None	None	0	0	-1
337	129.0000	130.0000	61	None	None	0	1	5.3472222222222285
338	130.0000	260.5000	63	None	None	0	2	6.005128667628671
339	130.0000	262.0000	75	None	None	0	5	5.1399075791932995
340	130.5000	131.0000	63	None	None	0	1	3.7221586614443805
341	131.0000	131.2500	68	None	None	0	2	3.2114443757300926
342	131.2500	131.5000	70	None	None	0	3	3.1035757232185825
343	131.5000	132.0000	71	None	None	0	1	1.8468524531024646
344	132.0000	133.0000	74	None	None	0	4	1.823089633580709
345	132.5000	133.0000	70	None	None	0	1	1.755141444203942
346	133.0000	266.5000	75	None	None	0	3	1.827755338246404
347	133.0000	267.0000	78	None	None	0	5	2.5807315287226027
348	133.5000	134.0000	75	None	None	0	4	2.321206001339932
349	134.0000	268.5000	75	None	None	0	4	2.679766092042884
350	134.0000	269.0000	77	None	None	0	5	3.4099425376211117
351	134.5000	134.7500	73	None	None	0	3	3.65986523397238
352	134.7500	135.0000	72	None	None	0	2	3.572073688782879
353	135.0000	271.0000	73	None	None	0	3	3.7172757089849044
354	135.0000	271.0000	76	None	None	0	5	2.6936787702093947
355	136.0000	136.2500	75	None	None	0	4	2.5639512839768073
356	136.2500	136.5000	73	None	None	0	2	2.260049474335197
357	136.5000	136.7500	75	None	None	0	3	2.529066171923323
358	136.7500	137.0000	76	None	None	0	4	2.1572356215213393
359	137.0000	275.0000	71	None	None	0	2	2.057774170274177
360	137.0000	274.2500	75	None	None	0	4	2.3862686633094916
361	137.2500	137.5000	73	None	None	0	3	2.5264820213799934
362	137.5000	137.7500	71	None	None	0	2	2.4962382572076556
363	137.7500	138.0000	75	None	None	0	4	2.567170796890192
364	138.0000	277.0000	70	None	None	0	2	3.18482952704892
365	138.0000	276.2500	73	None	None	0	4	2.68106741614396
366	138.2500	138.5000	71	None	None	0	3	2.791271497776608
367	138.5000	138.7500	73	None	None	0	4	7.089032268751662
368	138.7500	139.0000	75	None	None	0	5	6.736251546072973
369	139.0000	279.0000	69	None	None	0	2	6.488169535490957
370	139.0000	278.2500	73	None	None	0	4	6.434121401085679
371	139.2500	139.5000	76	None	None	0	5	6.439837576444717
372	139.5000	139.7500	75	None	None	0	4	5.778053923589637
373	139.7500	140.0000	73	None	None	0	3	6.2437774857417665
374	140.0000	141.0000	72	None	None	0	2	6.546838710231563
375	140.5000	141.0000	63	None	None	0	1	2.203868188689616
376	141.0000	282.5000	68	None	None	0	3	2.1551668899883176
377	141.0000	283.0000	71	None	None	0	4	2.2120151343365633
378	141.5000	142.0000	68	None	None	0	3	3.769499415927983
379	142.0000	143.0000	70	None	None	0	5	3.9120984504913077
380	142.5000	142.7500	66	None	None	0	4	3.652572923108641
381	142.7500	143.0000	65	None	None	0	3	3.7897611317254207
382	143.0000	287.0000	66	None	None	0	4	3.846592197485059
383	143.0000	287.0000	69	None	None	0	5	4.3222299525870955
384	144.0000	288.2500	61	None	None	0	2	4.7842197485054605
385	144.0000	289.0000	68	None	None	0	4	4.6250644197072805
386	144.2500	144.5000	60	None	None	0	1	4.780908575551438
387	144.5000	144.7500	61	None	None	0	2	4.45879457843744
388	144.7500	145.0000	63	None	None	0	3	4.458794578437436
389	145.0000	291.0000	64	None	None	0	4	4.062819521748093
390	145.0000	290.2500	64	None	None	0	3	3.9116715625644187
391	145.2500	145.5000	63	None	None	0	2	3.720855236033811
392	145.5000	145.7500	64	None	None	0	1	2.5981498660070006
393	145.7500	146.0000	66	None	None	0	2	2.469068233353938
394	146.0000	293.0000	63	None	None	0	1	2.6451247165532776
395	146.0000	292.2500	68	None	None	0	3	2.592107297464426
396	146.2500	146.5000	66	None	None	0	2	2.659454236239944
397	146.5000	146.7500	68	None	None	0	3	2.9284709338280743
398	146.7500	147.0000	69	None	None	0	4	2.5566403834260902
399	147.0000	295.0000	61	None	None	0	1	2.5956143063285917
400	147.0000	294.2500	68	None	None	0	4	2.3862686633094765
401	147.2500	147.5000	66	None	None	0	3	2.5314706835114955
402	147.5000	147.7500	64	None	None	0	2	2.516674765144148
403	147.7500	148.0000	68	None	None	0	4	3.063245059928734
404	148.0000	298.0000	63	None	None	0	2	3.2201096239361524
405	148.0000	296.2500	66	None	None	0	4	2.6657445445710817
406	148.2500	148.5000	64	None	None	0	3	4.278317430868446
407	148.5000	148.7500	66	None	None	0	4	4.973041272786191
408	148.7500	149.0000	68	None	None	0	5	5.741117074535467
409	149.0000	149.2500	66	None	None	0	4	5.517065332626587
410	149.2500	149.5000	64	None	None	0	3	5.531861250993934
411	149.5000	149.7500	63	None	None	0	2	6.496871042789442
412	149.7500	150.0000	66	None	None	0	3	7.635285066407537
413	150.0000	300.2500	64	None	None	0	2	7.6204891480401855
414	150.0000	302.0000	73	None	None	0	5	5.924388564949797
415	150.2500	150.5000	63	None	None	0	1	6.754745707806933
416	150.5000	150.7500	64	None	None	0	4	3.5032990252378124
417	150.7500	151.0000	66	None	None	0	5	9.055843726379463
418	151.0000	151.2500	64	None	None	0	3	8.322478505291027
419	151.2500	151.5000	63	None	None	0	2	7.7752586451247385
420	151.5000	151.7500	61	None	None	0	1	5.326279053287987
421	151.7500	152.0000	64	None	None	0	2	5.207954223356014
422	152.0000	305.0000	63	None	None	0	1	1.7572739512471687
423	152.0000	305.0000	72	None	None	0	4	1.6163442460317452
424	152.5000	153.0000	68	None	None	0	2	1.5498476473922869
425	153.0000	306.5000	73	None	None	0	4	1.6446841931216865
426	153.0000	307.0000	76	None	None	0	5	1.9870144287873885
427	153.5000	154.0000	73	None	None	0	4	1.941887350178169
428	154.0000	308.5000	73	None	None	0	4	2.1046424522189833
429	154.0000	310.0000	75	None	None	0	5	3.0951173543010215
430	154.5000	154.7500	72	None	None	0	3	3.0346659009924237
431	154.7500	155.0000	70	None	None	0	2	3.5310377830785917
432	155.0000	155.2500	72	None	None	0	3	3.8575683953234905
433	155.2500	155.5000	73	None	None	0	4	4.080276526194891
434	155.5000	155.7500	75	None	None	0	5	3.6866176340666077
435	155.7500	156.0000	71	None	None	0	4	2.9224452984657017
436	156.0000	156.2500	68	None	None	0	3	3.242528786406336
437	156.2500	156.5000	66	None	None	0	2	3.3213321259239565
438	156.5000	156.7500	68	None	None	0	3	3.460014871749561
439	156.7500	157.0000	69	None	None	0	4	3.0927246223164557
440	157.0000	314.2500	68	None	None	0	3	2.744858203021464
441	157.0000	315.0000	73	None	None	0	5	2.4217532467532394
442	157.2500	157.5000	66	None	None	0	2	2.7160843125128746
443	157.5000	157.7500	64	None	None	0	1	2.420165945165936
444	157.7500	158.0000	68	None	None	0	3	4.99314831993403
445	158.0000	158.2500	66	None	None	0	2	5.217359822716967
446	158.2500	158.5000	64	None	None	0	1	5.028074108431255
447	158.5000	158.7500	66	None	None	0	2	4.773340548340546
448	158.7500	159.0000	68	None	None	0	3	6.0122474747474834
449	159.0000	318.2500	66	None	None	0	2	6.60090408457756
450	159.0000	319.0000	72	None	None	0	4	6.420065082309989
451	159.2500	159.5000	64	None	None	0	1	7.205516167505967
452	159.5000	159.7500	63	None	None	0	2	4.4576987071885075
453	159.7500	160.0000	66	None	None	0	3	4.178767816650469
454	160.0000	160.2500	64	None	None	0	1	5.501897068351151
455	160.2500	160.5000	68	None	None	0	2	5.563631762228701
456	160.5000	321.2500	69	None	None	0	3	5.06654721412375
457	160.5000	321.2500	73	None	None	0	4	4.303444981888865
458	160.7500	321.7500	71	None	None	0	2	3.7247601746326366
459	160.7500	321.7500	75	None	None	0	3	4.620646700238557
460	161.0000	322.2500	73	None	None	0	1	4.210782754660314
461	161.0000	322.5000	76	None	None	0	3	3.3197477692375665
462	161.2500	161.5000	75	None	None	0	0	-1
463	161.5000	323.2500	72	None	None	0	0	-1
464	161.5000	323.5000	78	None	None	0	0	-1
465	161.7500	162.0000	73	None	None	0	1	4.000313079777372
466	162.0000	324.5000	75	None	None	0	2	3.324661152339718
467	162.0000	324.2500	80	None	None	0	4	3.085921717171702
468	162.2500	162.5000	78	None	None	0	3	3.035318748711595
469	162.5000	162.7500	80	None	None	0	4	2.8112670068027157
470	162.7500	163.0000	81	None	None	0	5	2.3209750566893352
471	163.0000	163.2500	80	None	None	0	4	1.5911641929499003
472	163.2500	163.5000	78	None	None	0	3	1.5405612244897935
473	163.5000	163.7500	76	None	None	0	2	3.4569602732867875
474	163.7500	164.0000	80	None	None	0	5	2.861549533233208
475	164.0000	164.2500	78	None	None	0	4	2.6657445445710817
476	164.2500	164.5000	76	None	None	0	3	3.4168164885001557
477	164.5000	164.7500	78	None	None	0	4	3.8081146744411942
478	164.7500	165.0000	80	None	None	0	5	3.5731575963718782
479	165.0000	165.2500	78	None	None	0	4	3.3625566893424055
480	165.2500	165.5000	76	None	None	0	3	3.472760770975059
481	165.5000	165.7500	75	None	None	0	2	4.90616699060577
482	165.7500	166.0000	78	None	None	0	5	3.0298064463880867
483	166.0000	166.2500	76	None	None	0	4	3.1071307094266363
484	166.2500	166.5000	75	None	None	0	3	4.094942500809859
485	166.5000	166.7500	76	None	None	0	4	6.650625607385823
486	166.7500	167.0000	78	None	None	0	5	6.428585600907035
487	167.0000	167.2500	76	None	None	0	4	6.570450680272115
488	167.2500	167.5000	74	None	None	0	3	6.631675170068031
489	167.5000	167.7500	73	None	None	0	2	6.598001700680273
490	167.7500	168.0000	76	None	None	0	5	4.994614512471652
491	168.0000	168.2500	74	None	None	0	4	4.855725623582764
492	168.2500	168.5000	73	None	None	0	3	4.864824263038549
493	168.5000	337.5000	66	None	None	0	1	3.5385487528344566
494	168.5000	337.2500	74	None	None	0	2	2.890816326530615
495	168.7500	169.0000	76	None	None	0	3	3.008163265306122
496	169.0000	338.5000	71	None	None	0	2	3.0341553287981906
497	169.0000	338.2500	74	None	None	0	4	2.59297052154196
498	169.2500	169.5000	73	None	None	0	3	2.357256235827676
499	169.5000	170.0000	71	None	None	0	2	2.6364654195011403
500	169.7500	170.0000	74	None	None	0	5	2.2974631519274418
501	170.0000	340.5000	71	None	None	0	3	1.9984471169420237
502	170.0000	340.2500	73	None	None	0	4	1.9532373663751295
503	170.2500	170.5000	71	None	None	0	3	2.0399720602526807
504	170.5000	341.2500	69	None	None	0	2	1.9521805150631741
505	170.5000	341.2500	73	None	None	0	4	2.0886858747828194
506	170.7500	341.7500	68	None	None	0	2	1.9440146729687575
507	170.7500	341.7500	74	None	None	0	4	2.5982426303854993
508	171.0000	343.0000	69	None	None	0	2	2.559580498866228
509	171.0000	342.2500	73	None	None	0	4	2.717703271784924
510	171.2500	171.5000	71	None	None	0	3	2.750583090379029
511	171.5000	171.7500	69	None	None	0	2	2.7271137026239267
512	171.7500	172.0000	73	None	None	0	4	3.2736839974085052
513	172.0000	346.0000	68	None	None	0	2	3.0961329770003396
514	172.0000	344.2500	71	None	None	0	4	2.3129130223518146
515	172.2500	172.5000	69	None	None	0	3	3.627255425979932
516	172.5000	172.7500	71	None	None	0	4	5.038040573372217
517	172.7500	173.0000	73	None	None	0	5	5.864753401360551
518	173.0000	173.2500	71	None	None	0	4	6.912996031746037
519	173.2500	173.5000	69	None	None	0	3	6.746188812990763
520	173.5000	173.7500	68	None	None	0	2	6.25205615992954
521	173.7500	174.0000	71	None	None	0	5	3.7752451072256283
522	174.0000	175.0000	69	None	None	0	4	3.746560299969387
523	174.2500	174.5000	68	None	None	0	3	3.5373766265
524	174.5000	174.7500	66	None	None	0	2	7.213168177688385
525	174.7500	175.0000	65	None	None	0	1	6.494914209434418
526	175.0000	176.0000	66	None	None	0	2	5.413791760454823
527	176.0000	353.0000	68	None	None	0	3	6.024986734312134
528	176.0000	354.0000	73	None	None	0	5	6.540151133405097
529	177.2500	177.5000	68	None	None	0	4	6.3788909503195175
530	177.5000	177.7500	66	None	None	0	3	7.34410430839002
531	177.7500	178.0000	64	None	None	0	2	7.669614512471648
532	178.0000	356.2500	63	None	None	0	1	4.3972222222222115
533	178.0000	357.0000	72	None	None	0	5	3.6191609977324215
534	178.2500	178.5000	69	None	None	0	4	3.696485260770976
535	178.5000	178.7500	68	None	None	0	3	3.766638321995473
536	178.7500	179.0000	66	None	None	0	2	5.217683025591182
537	179.0000	358.2500	64	None	None	0	1	5.482989148040161
538	179.0000	359.0000	76	None	None	0	5	4.467172821509552
539	179.2500	179.5000	68	None	None	0	3	3.390516314751006
540	179.5000	179.7500	73	None	None	0	5	6.91910607993198
541	179.7500	180.0000	71	None	None	0	3	6.265928899969089
542	180.0000	360.2500	69	None	None	0	2	6.265928899969085
543	180.0000	362.0000	75	None	None	0	4	5.442580621263667
544	180.2500	180.5000	68	None	None	0	1	5.3721698582030255
545	180.5000	180.7500	69	None	None	0	2	4.143088225549963
546	180.7500	181.0000	66	None	None	0	1	2.9696188377948634
547	181.0000	182.0000	68	None	None	0	2	2.340027001060176
548	182.5000	365.5000	73	None	None	0	3	2.3733212531044297
549	182.5000	365.2500	73	None	None	0	2	2.280655436777901
550	182.7500	183.0000	72	None	None	0	1	2.2250431918799407
551	183.0000	367.0000	73	None	None	0	2	1.8992546946628748
552	183.0000	366.5000	80	None	None	0	5	2.1194684944685087
553	183.5000	184.0000	80	None	None	0	5	2.1194684944685087
554	184.0000	184.5000	80	None	None	0	5	2.4795875420875557
555	184.5000	369.5000	70	None	None	0	1	3.1034232632446903
556	184.5000	369.2500	78	None	None	0	4	3.1644587885659283
557	184.7500	185.0000	76	None	None	0	3	3.403744502851639
558	185.0000	370.5000	75	None	None	0	2	2.8366758572115662
559	185.0000	371.0000	78	None	None	0	5	1.811098978732916
560	185.5000	186.0000	75	None	None	0	4	1.3685725237064585
561	186.0000	372.5000	75	None	None	0	4	1.730179666563603
562	186.0000	374.0000	76	None	None	0	5	1.5434575345289685
563	186.5000	186.7500	73	None	None	0	3	1.2503478664193004
564	186.7500	187.0000	71	None	None	0	2	2.1747809729952596
565	187.0000	188.0000	73	None	None	0	3	2.1461889301174994
566	188.0000	377.0000	71	None	None	0	2	2.1982993197278886
567	188.0000	377.0000	75	None	None	0	4	2.1834183673469356
568	189.0000	379.0000	71	None	None	0	1	4.276575061842919
569	189.0000	379.0000	79	None	None	0	5	4.090157312925172
570	190.0000	381.0000	70	None	None	0	1	3.887205172473036
571	190.0000	381.0000	78	None	None	0	5	3.544750008589303
572	191.0000	383.0000	66	None	None	0	2	2.719750008589303
573	191.0000	383.0000	74	None	None	0	5	2.734713632927924
574	192.0000	385.0000	65	None	None	0	2	2.5010826805469675
575	192.0000	386.0000	73	None	None	0	5	2.300957491582487
576	192.5000	193.0000	61	None	None	0	1	1.7215720126434324
577	193.0000	386.5000	66	None	None	0	4	2.0612729119425417
578	193.0000	387.0000	69	None	None	0	5	5.485497958202036
579	193.5000	194.0000	66	None	None	0	3	5.033658131362211
580	194.0000	388.5000	66	None	None	0	3	5.072943845647926
581	194.0000	388.5000	68	None	None	0	4	4.933936853962367
582	194.5000	389.2500	64	None	None	0	2	5.31842759470311
583	194.5000	389.5000	68	None	None	0	3	4.968628584189813
584	194.7500	195.0000	63	None	None	0	1	4.575204547908642
585	195.0000	391.0000	64	None	None	0	2	5.910070456754147
586	195.0000	390.5000	73	None	None	0	5	4.809040048198213
587	195.5000	196.0000	73	None	None	0	4	4.276396435197462
588	196.0000	393.5000	66	None	None	0	1	4.465495884501
589	196.0000	392.5000	73	None	None	0	3	4.473999285861541
590	196.5000	197.0000	72	None	None	0	2	5.306949966133651
591	196.7500	197.0000	70	None	None	0	1	6.508662794121991
592	197.0000	394.2500	72	None	None	0	2	5.879070957387294
593	197.0000	394.5000	78	None	None	0	5	5.867033674941845
594	197.2500	197.5000	73	None	None	0	3	5.703506395343135
595	197.5000	395.5000	75	None	None	0	4	6.892252379848052
596	197.5000	395.5000	78	None	None	0	5	6.0540599600229745
597	197.7500	198.0000	68	None	None	0	1	6.558595107415266
598	198.0000	396.5000	69	None	None	0	2	5.508214478973414
599	198.0000	396.5000	78	None	None	0	5	3.585129768898909
600	198.5000	397.2500	68	None	None	0	2	3.2007685117697906
601	198.5000	397.2500	73	None	None	0	4	3.5025211572724393
602	198.5000	397.2500	76	None	None	0	5	3.6748508530396347
603	198.7500	397.7500	66	None	None	0	1	3.660631276320057
604	198.7500	397.7500	72	None	None	0	3	4.02779599935212
605	198.7500	397.7500	75	None	None	0	5	3.411906786524141
606	199.0000	398.5000	68	None	None	0	2	3.3782333171363894
607	199.0000	399.0000	73	None	None	0	4	4.549678085519932
608	199.0000	398.5000	76	None	None	0	5	4.620043731778439
609	199.5000	399.2500	66	None	None	0	1	4.191802991037692
610	199.5000	399.2500	75	None	None	0	5	3.6852978889968737
611	199.7500	399.7500	64	None	None	0	1	3.474531638052052
612	199.7500	399.7500	73	None	None	0	5	3.0756238895269616
613	200.0000	401.0000	63	None	None	0	1	2.7751136854453176
614	200.0000	401.0000	66	None	None	0	2	3.4538654891971228
615	200.0000	400.5000	75	None	None	0	5	2.30175178657322
616	200.5000	201.0000	72	None	None	0	4	2.5863913368377744
617	201.0000	403.0000	64	None	None	0	1	2.949486574933014
618	201.0000	403.0000	68	None	None	0	3	3.58150832302619
619	201.0000	403.0000	73	None	None	0	0	-1
620	203.0000	406.5000	63	None	None	0	0	-1
621	203.0000	407.0000	66	None	None	0	0	-1
622	203.5000	204.0000	61	None	None	0	0	-1
623	204.0000	408.5000	63	None	None	0	1	2.1922311980347655
624	204.0000	409.0000	72	None	None	0	5	2.260617441421006
625	204.5000	204.7500	65	None	None	0	2	2.3180909863945516
626	204.7500	205.0000	66	None	None	0	3	1.9048256802721069
627	205.0000	410.5000	68	None	None	0	4	2.225347222222222
628	205.0000	411.0000	71	None	None	0	5	2.504278112760261
629	205.5000	206.0000	68	None	None	0	4	2.5532553425410676
630	206.0000	412.5000	68	None	None	0	4	2.66238232666805
631	206.0000	413.0000	70	None	None	0	5	2.5016873668659443
632	206.5000	413.5000	61	None	None	0	2	2.2987111763897543
633	206.5000	413.2500	66	None	None	0	4	2.332606679035256
634	206.7500	207.0000	64	None	None	0	3	2.3938075482718357
635	207.0000	414.5000	63	None	None	0	2	1.7703806775235347
636	207.0000	414.5000	66	None	None	0	3	2.1152073455644844
637	207.0000	415.0000	69	None	None	0	4	4.383347935133658
638	207.5000	415.5000	61	None	None	0	1	4.661465848965864
639	207.5000	415.5000	66	None	None	0	4	4.6827050264550385
640	208.0000	417.0000	60	None	None	0	1	4.675670394420408
641	208.0000	416.5000	66	None	None	0	4	4.643192125334993
642	208.0000	418.0000	68	None	None	0	5	4.699782261389423
643	208.5000	208.7500	64	None	None	0	3	5.218559317666473
644	208.7500	209.0000	63	None	None	0	2	4.720316687280984
645	209.0000	419.0000	61	None	None	0	1	2.5725275716347102
646	209.0000	419.0000	64	None	None	0	2	3.5068774479488827
647	210.0000	211.0000	70	None	None	0	5	4.2881274479488845
648	210.5000	210.7500	66	None	None	0	3	5.551709699031136
649	210.7500	211.0000	68	None	None	0	4	5.279459132137714
650	211.0000	423.0000	63	None	None	0	2	5.085810700542851
651	211.0000	422.5000	69	None	None	0	4	4.375121216415861
652	211.0000	423.0000	72	None	None	0	5	4.303539111351618
653	211.5000	212.0000	68	None	None	0	3	4.173296957671965
654	212.0000	424.5000	61	None	None	0	1	3.3210708273208382
655	212.0000	426.0000	73	None	None	0	5	2.4444173881674005
656	212.5000	425.5000	61	None	None	0	1	0.8964263167388271
657	212.5000	425.5000	64	None	None	0	2	0.9553548881673979
658	213.0000	426.5000	66	None	None	0	2	0.8522156084656153
659	213.0000	426.5000	69	None	None	0	4	1.174210751219688
660	213.5000	427.5000	66	None	None	0	2	1.430879801415508
661	213.5000	427.5000	69	None	None	0	4	1.6353879998969392
662	214.0000	428.5000	66	None	None	0	3	1.6894361343022082
663	214.0000	428.5000	69	None	None	0	4	3.018714247062454
664	214.0000	429.0000	72	None	None	0	5	3.4655148423005544
665	214.5000	429.2500	64	None	None	0	1	3.0271760977118025
666	214.5000	429.2500	68	None	None	0	3	3.446351267779832
667	214.7500	429.7500	63	None	None	0	1	2.8720882292310894
668	214.7500	429.7500	66	None	None	0	2	2.972923108637399
669	215.0000	430.5000	64	None	None	0	1	3.4315398886827553
670	215.0000	430.5000	68	None	None	0	2	3.185704714786346
671	215.0000	431.0000	76	None	None	0	5	2.7377107444709488
672	215.5000	431.2500	66	None	None	0	2	2.1467668669199296
673	215.5000	431.2500	70	None	None	0	3	2.0745416384447046
674	215.7500	431.7500	68	None	None	0	2	2.006259325519532
675	215.7500	431.7500	72	None	None	0	4	2.2097740647485553
676	216.0000	433.0000	70	None	None	0	3	2.118255133943909
677	216.0000	433.0000	73	None	None	0	5	1.3408863292791942
678	217.0000	435.0000	63	None	None	0	1	1.3873329382257993
679	217.0000	435.0000	70	None	None	0	2	2.436652705159206
680	217.0000	434.5000	75	None	None	0	5	2.406472931229434
681	217.5000	218.0000	73	None	None	0	4	2.2300509735574736
682	218.0000	437.0000	68	None	None	0	1	2.31848634770713
683	218.0000	437.0000	72	None	None	0	5	2.094930637544282
684	219.0000	439.0000	64	None	None	0	2	2.296575916868129
685	219.0000	439.0000	68	None	None	0	3	4.213974843184039
686	219.0000	439.0000	73	None	None	0	5	4.137250971817311
687	220.0000	221.5000	63	None	None	0	1	4.2559198029861385
688	221.0000	222.0000	72	None	None	0	5	4.764848374414705
689	221.5000	221.7500	64	None	None	0	2	4.588252054068383
690	221.7500	222.0000	66	None	None	0	3	4.559233123263738
691	222.0000	444.5000	65	None	None	0	2	3.9586146940738822
692	222.0000	446.0000	73	None	None	0	5	3.086712361712361
693	222.5000	224.0000	61	None	None	0	1	1.6292057479557454
694	223.0000	224.0000	66	None	None	0	5	1.3500190038136477
695	224.0000	225.0000	65	None	None	0	4	1.2048801149247608
696	224.5000	225.0000	61	None	None	0	2	1.2048801149247608
697	225.0000	450.5000	66	None	None	0	4	1.2048801149247608
698	225.0000	451.0000	69	None	None	0	5	1.2048801149247608
699	225.5000	226.0000	66	None	None	0	4	1.2048801149247608
700	226.0000	453.0000	66	None	None	0	4	1.2048801149247608
701	226.0000	454.0000	68	None	None	0	5	1.2048801149247608
702	227.0000	227.5000	65	None	None	0	3	1.2048801149247608
703	227.5000	228.0000	63	None	None	0	2	1.2048801149247608
704	228.0000	230.0000	65	None	None	0	0	1.2048801149247608
