0	0.0000	0.4348	59	None	None	1	0	-1
1	0.0000	1.3043	69	None	None	1	0	-1
2	0.4348	0.8696	60	None	None	1	0	-1
3	0.8696	1.3043	62	None	None	1	0	-1
4	1.3043	1.7391	63	None	None	1	0	-1
5	1.7391	2.2378	53	None	None	1	0	-1
6	2.2378	2.8092	47	None	None	1	0	-1
7	2.8092	3.2440	40	None	None	1	0	-1
8	3.2440	6.9227	59	None	None	1	-5	4.219339304149852
9	3.2440	7.3575	69	None	None	1	-1	4.349565784986087
10	3.6787	4.1135	62	None	None	1	-4	4.259780006175916
11	4.1135	9.0966	62	None	None	1	-4	4.41338047075199
12	4.1135	8.6618	69	None	None	1	-1	4.5706539899157566
13	4.5483	4.9831	68	None	None	1	-2	4.8543974568147075
14	4.9831	10.4010	60	None	None	1	-5	7.880218310278479
15	4.9831	10.4010	64	None	None	1	-1	7.916406591690165
16	5.4179	11.2705	54	None	None	1	-5	7.9893506175101425
17	5.4179	12.1401	64	None	None	1	-1	11.183118687789628
18	5.8527	6.2874	55	None	None	1	-3	12.088025772574763
19	6.2874	6.7222	57	None	None	1	0	-1
20	6.7222	7.1570	58	None	None	1	0	-1
21	7.1570	7.6556	48	None	None	1	0	-1
22	7.6556	8.2271	42	None	None	1	0	-1
23	8.2271	16.8889	35	None	None	1	0	-1
24	8.2271	16.8889	47	None	None	1	-5	6.184117782059859
25	8.6618	17.7585	54	None	None	1	-5	3.2170485707833327
26	8.6618	18.1932	64	None	None	1	-1	3.2571182571944837
27	9.0966	9.5314	57	None	None	1	-3	3.240793570138093
28	9.5314	19.9324	57	None	None	1	-3	3.44485215834302
29	9.5314	19.4976	63	None	None	1	-1	3.266486401471165
30	9.9662	10.8358	62	None	None	1	-2	2.5136923459332037
31	10.4010	10.8358	56	None	None	1	-4	2.4529385389903666
32	10.8358	22.1063	55	None	None	1	-5	2.668730496017079
33	10.8358	22.9758	61	None	None	1	-2	3.362733754502046
34	10.8358	22.9758	64	None	None	1	-1	3.3637354966623247
35	11.2705	11.7053	57	None	None	1	-3	4.287372124262365
36	11.7053	12.1401	55	None	None	1	0	-1
37	12.1401	12.5749	53	None	None	1	0	-1
38	12.5749	25.5845	58	None	None	1	0	-1
39	12.5749	25.5845	65	None	None	1	0	-1
40	13.0097	13.4444	53	None	None	1	0	-1
41	13.4444	27.3237	52	None	None	1	0	-1
42	13.4444	28.1932	58	None	None	1	0	-1
43	13.4444	28.1932	67	None	None	1	0	-1
44	13.8792	14.3140	53	None	None	1	0	-1
45	14.3140	14.7488	52	None	None	1	0	-1
46	14.7488	15.1836	50	None	None	1	0	-1
47	15.1836	30.8019	58	None	None	1	0	-1
48	15.1836	30.8019	65	None	None	1	0	-1
49	15.6184	16.0531	50	None	None	1	0	-1
50	16.0531	16.4879	48	None	None	1	0	-1
51	16.4879	33.4106	53	None	None	1	0	-1
52	16.4879	33.4106	60	None	None	1	0	-1
53	16.4879	33.4106	65	None	None	1	0	-1
54	16.9227	17.3575	48	None	None	1	0	-1
55	17.3575	17.7923	47	None	None	1	0	-1
56	17.7923	36.0193	54	None	None	1	0	-1
57	17.7923	36.0193	63	None	None	1	-3	7.588981487268443
58	17.7923	36.0193	69	None	None	1	0	-1
59	18.6618	19.0966	53	None	None	1	0	-1
60	19.0966	38.6280	59	None	None	1	0	-1
61	19.0966	39.0628	69	None	None	1	0	-1
62	19.5314	19.9662	62	None	None	1	0	-1
63	19.9662	20.4010	52	None	None	1	0	-1
64	20.4010	41.6715	62	None	None	1	-4	4.187189476061432
65	20.4010	41.2367	69	None	None	1	-1	7.43284335075495
66	20.8358	21.2705	68	None	None	1	-2	8.8773555458769
67	21.2705	42.9758	59	None	None	1	0	-1
68	21.2705	43.8454	69	None	None	1	0	-1
69	21.7053	22.1401	60	None	None	1	0	-1
70	22.1401	22.5749	62	None	None	1	0	-1
71	22.5749	23.0097	63	None	None	1	0	-1
72	23.0097	23.4444	53	None	None	1	0	-1
73	23.4444	23.8792	47	None	None	1	0	-1
74	23.8792	24.3140	40	None	None	1	0	-1
75	24.3140	49.0628	59	None	None	1	-5	2.7694143972037546
76	24.3140	49.4976	69	None	None	1	-1	3.0432239210132783
77	24.7488	25.1836	60	None	None	1	-4	3.226468533221299
78	25.1836	51.6715	62	None	None	1	-3	4.096815513476813
79	25.1836	51.2367	69	None	None	1	-1	5.8882644101086425
80	26.0531	26.4879	68	None	None	1	-2	7.792039468226322
81	26.4879	26.9227	63	None	None	1	-3	8.717952782554272
82	26.9227	54.2802	59	None	None	1	-5	10.84373312517911
83	26.9227	54.7150	68	None	None	1	-1	16.95436030287943
84	27.3575	27.7923	61	None	None	1	-2	18.667106668979468
85	27.7923	28.2271	62	None	None	1	-1	19.906550101563123
86	28.2271	28.6618	52	None	None	1	-2	21.086602366371448
87	28.6618	29.0966	46	None	None	1	0	-1
88	29.0966	58.6280	39	None	None	1	0	-1
89	29.0966	58.6280	51	None	None	1	0	-1
90	29.5314	59.4976	58	None	None	1	0	-1
91	29.5314	59.9324	68	None	None	1	0	-1
92	29.9662	30.4010	59	None	None	1	0	-1
93	30.4010	62.1063	61	None	None	1	0	-1
94	30.4010	61.6715	68	None	None	1	-2	12.571154239744683
95	31.2705	31.7053	67	None	None	1	-1	13.070376712831026
96	31.7053	63.8454	49	None	None	1	-5	10.673708594364108
97	31.7053	64.7150	55	None	None	1	0	-1
98	31.7053	64.7150	63	None	None	1	0	-1
99	32.1401	32.5749	51	None	None	1	0	-1
100	32.5749	33.0097	49	None	None	1	0	-1
101	33.0097	33.4444	48	None	None	1	0	-1
102	33.4444	67.3237	55	None	None	1	0	-1
103	33.4444	67.3237	64	None	None	1	0	-1
104	33.8792	34.3140	48	None	None	1	0	-1
105	34.3140	69.0628	47	None	None	1	0	-1
106	34.3140	69.9324	55	None	None	1	0	-1
107	34.3140	69.9324	64	None	None	1	0	-1
108	34.7488	35.1836	48	None	None	1	0	-1
109	35.1836	35.6184	47	None	None	1	0	-1
110	35.6184	36.0531	45	None	None	1	0	-1
111	36.0531	72.5411	52	None	None	1	0	-1
112	36.0531	72.5411	60	None	None	1	0	-1
113	36.4879	36.9227	45	None	None	1	0	-1
114	36.9227	37.3575	43	None	None	1	0	-1
115	37.3575	75.1498	48	None	None	1	0	-1
116	37.3575	75.1498	55	None	None	1	0	-1
117	37.3575	75.1498	60	None	None	1	0	-1
118	37.7923	38.2271	43	None	None	1	0	-1
119	38.2271	38.6618	42	None	None	1	0	-1
120	38.6618	77.7585	49	None	None	1	0	-1
121	38.6618	77.7585	58	None	None	1	-3	9.097969450524655
122	38.6618	77.7585	64	None	None	1	-1	9.025992421230558
123	39.5314	39.9662	48	None	None	1	-5	8.178735672638092
124	39.9662	80.3672	54	None	None	1	-4	7.1509208551139265
125	39.9662	80.8019	64	None	None	1	-1	6.711091659736768
126	40.4010	40.8358	57	None	None	1	-2	6.740300238364296
127	40.8358	82.1063	47	None	None	1	-5	6.101451101148447
128	40.8358	82.1063	57	None	None	1	-2	7.269482460033455
129	40.8358	82.1063	63	None	None	1	-1	4.720382576177497
130	41.2705	82.9758	55	None	None	1	-2	4.986106871139311
131	41.2705	82.9758	59	None	None	1	0	-1
132	42.1401	84.7150	52	None	None	1	0	-1
133	42.1401	85.5845	59	None	None	1	0	-1
134	42.5749	43.0097	50	None	None	1	0	-1
135	43.0097	43.4444	49	None	None	1	0	-1
136	43.4444	43.8792	67	None	None	1	-2	10.394984295114247
137	43.8792	44.3140	64	None	None	1	-1	7.99172378676595
138	44.7488	45.1836	52	None	None	1	-3	6.960333652236802
139	45.1836	45.6184	50	None	None	1	-4	6.93576022075559
140	45.4010	45.6184	55	None	None	1	-2	13.253727441890575
141	45.6184	91.6715	49	None	None	1	-5	13.560075289248697
142	45.6184	91.4541	58	None	None	1	-3	11.762752748775485
143	45.8358	46.0531	59	None	None	1	-2	13.156285873685993
144	46.0531	46.7053	67	None	None	1	-1	10.96459262856297
145	46.7053	46.9227	66	None	None	1	-2	12.335077568258072
146	46.9227	47.1401	66	None	None	1	-2	12.379154223310337
147	47.1401	47.3575	64	None	None	1	-1	9.0316017994006
148	47.3575	96.0193	50	None	None	1	-5	7.558585694361866
149	47.3575	95.5845	59	None	None	1	-3	6.348796782138125
150	47.3575	95.1498	62	None	None	1	0	-1
151	47.7923	48.6618	67	None	None	1	0	-1
152	48.2271	48.6618	58	None	None	1	0	-1
153	48.6618	98.6280	50	None	None	1	0	-1
154	48.6618	97.7585	57	None	None	1	0	-1
155	49.0966	99.0628	60	None	None	1	0	-1
156	49.0966	98.6280	67	None	None	1	0	-1
157	49.5314	49.9662	66	None	None	1	0	-1
158	49.9662	50.4010	43	None	None	1	0	-1
159	50.4010	101.2367	50	None	None	1	-5	9.227087722353415
160	50.4010	101.2367	59	None	None	1	-2	9.802036063004348
161	50.4010	101.2367	62	None	None	1	0	-1
162	52.5749	105.5845	55	None	None	1	0	-1
163	52.5749	106.4541	62	None	None	1	0	-1
164	53.0097	53.4444	53	None	None	1	0	-1
165	53.4444	53.8792	52	None	None	1	0	-1
166	53.8792	54.3140	70	None	None	1	0	-1
167	54.3140	55.1836	67	None	None	1	0	-1
168	55.1836	55.6184	55	None	None	1	0	-1
169	55.6184	56.0531	53	None	None	1	0	-1
170	55.8358	56.0531	58	None	None	1	0	-1
171	56.0531	112.5411	52	None	None	1	0	-1
172	56.0531	112.3237	61	None	None	1	-5	11.3965087519026
173	56.2705	56.4879	62	None	None	1	-4	11.567045825179427
174	56.4879	56.7053	70	None	None	1	-1	11.394508317025466
175	56.7053	56.9227	69	None	None	1	-2	12.562196613526844
176	56.9227	57.1401	72	None	None	1	-1	12.854933016102875
177	57.1401	57.3575	70	None	None	1	-2	14.17576652069119
178	57.3575	57.5749	69	None	None	1	-3	13.539070181614296
179	57.5749	57.7923	67	None	None	1	-1	8.894879172434171
180	57.7923	116.8889	53	None	None	1	-5	8.235652090025882
181	57.7923	116.4541	62	None	None	1	-3	7.0258631778020835
182	57.7923	116.0193	65	None	None	1	0	-1
183	58.2271	59.0966	70	None	None	1	0	-1
184	58.6618	59.0966	61	None	None	1	0	-1
185	59.0966	119.4976	53	None	None	1	0	-1
186	59.0966	118.6280	60	None	None	1	0	-1
187	59.5314	119.9324	63	None	None	1	0	-1
188	59.5314	119.4976	70	None	None	1	0	-1
189	59.9662	60.4010	69	None	None	1	0	-1
190	60.4010	61.2705	46	None	None	1	0	-1
191	60.8358	122.1063	53	None	None	1	0	-1
192	60.8358	122.1063	62	None	None	1	-2	5.134775044385898
193	60.8358	122.1063	65	None	None	1	-1	5.559179806290667
194	61.7053	62.1401	52	None	None	1	-5	5.842009127316892
195	62.1401	124.7150	62	None	None	1	-2	8.228836056598091
196	62.1401	124.7150	68	None	None	1	-1	7.9066089950417355
197	63.0097	126.4541	59	None	None	1	0	-1
198	63.0097	127.3237	69	None	None	1	0	-1
199	63.4444	63.8792	60	None	None	1	0	-1
200	63.8792	64.3140	62	None	None	1	0	-1
201	64.3140	64.7488	63	None	None	1	0	-1
202	64.7488	65.1836	53	None	None	1	0	-1
203	65.1836	65.6184	47	None	None	1	0	-1
204	65.6184	66.0531	40	None	None	1	0	-1
205	66.0531	132.5411	59	None	None	1	0	-1
206	66.0531	132.9758	69	None	None	1	0	-1
207	66.4879	66.9227	62	None	None	1	0	-1
208	66.9227	134.7150	62	None	None	1	0	-1
209	66.9227	134.2802	68	None	None	1	-2	6.750588036705187
210	67.3575	68.2271	67	None	None	1	-1	7.326666270721188
211	67.7923	68.2271	61	None	None	1	-2	8.902399099883864
212	68.2271	136.8889	52	None	None	1	-5	8.375232288037179
213	68.2271	137.7585	62	None	None	1	-1	11.654936120789827
214	68.6618	69.0966	53	None	None	1	-3	12.810278745644693
215	69.0966	69.5314	55	None	None	1	-2	15.230487804878196
216	69.5314	69.9662	56	None	None	1	-1	12.792915214866527
217	69.9662	70.4010	46	None	None	1	-2	11.611082075106562
218	70.4010	70.8358	40	None	None	1	-3	11.316903794038062
219	70.8358	142.1063	33	None	None	1	-5	10.77512824235398
220	70.8358	142.1063	45	None	None	1	-1	11.034978303652208
221	71.2705	142.9758	52	None	None	1	-4	3.7035613466253863
222	71.2705	143.4106	62	None	None	1	-1	3.286871179858982
223	71.7053	72.1401	55	None	None	1	-3	3.2868711798589922
224	72.1401	145.1498	55	None	None	1	-3	3.4746050810075246
225	72.1401	144.7150	61	None	None	1	-1	3.2962393241356733
226	72.5749	73.4444	60	None	None	1	-2	2.5359170244840867
227	73.0097	73.4444	54	None	None	1	-3	2.058116369854166
228	73.4444	147.3237	53	None	None	1	-4	2.335636049812888
229	73.4444	148.1932	59	None	None	1	-2	3.0480045812363095
230	73.4444	148.1932	62	None	None	1	-1	3.259372177055123
231	73.8792	74.3140	55	None	None	1	-3	3.1224674151503518
232	74.3140	74.7488	53	None	None	1	-4	3.2857142857142976
233	74.7488	75.1836	52	None	None	1	-5	3.2785722351271196
234	75.1836	150.8019	59	None	None	1	-3	3.6407974300831722
235	75.1836	150.8019	64	None	None	1	-1	3.563997197795135
236	75.6184	76.0531	52	None	None	1	-4	2.9652521984403477
237	76.0531	152.5411	50	None	None	1	-5	3.7758285631325617
238	76.0531	153.4106	56	None	None	1	-2	7.105977268956333
239	76.0531	153.4106	59	None	None	1	0	-1
240	76.4879	76.9227	52	None	None	1	0	-1
241	76.9227	77.3575	50	None	None	1	0	-1
242	77.3575	77.7923	49	None	None	1	0	-1
243	77.7923	156.0193	53	None	None	1	0	-1
244	77.7923	156.0193	59	None	None	1	0	-1
245	77.7923	156.0193	65	None	None	1	0	-1
246	78.2271	78.6618	49	None	None	1	0	-1
247	78.6618	79.0966	48	None	None	1	0	-1
248	79.0966	158.6280	53	None	None	1	0	-1
249	79.0966	158.6280	60	None	None	1	0	-1
250	79.0966	158.6280	65	None	None	1	0	-1
251	79.5314	79.9662	48	None	None	1	0	-1
252	79.9662	80.4010	47	None	None	1	0	-1
253	80.4010	161.2367	54	None	None	1	0	-1
254	80.4010	161.2367	63	None	None	1	-3	4.132828943220203
255	80.4010	161.2367	69	None	None	1	-1	4.201664135081614
256	81.2705	81.7053	53	None	None	1	-5	3.27529262665269
257	81.7053	163.8454	59	None	None	1	-4	3.039863906048324
258	81.7053	163.8454	69	None	None	1	-1	3.1986255539018025
259	83.4444	167.3237	53	None	None	1	-5	2.6765004163396235
260	83.4444	167.3237	59	None	None	1	-2	4.039398615416451
261	83.8792	168.4106	52	None	None	1	-4	6.544231036189634
262	83.8792	168.4106	60	None	None	1	0	-1
263	84.5314	84.7488	52	None	None	1	0	-1
264	84.7488	84.9694	53	None	None	1	0	-1
265	84.9694	85.1933	60	None	None	1	0	-1
266	85.1933	85.8932	59	None	None	1	0	-1
267	85.8932	86.1432	57	None	None	1	0	-1
268	86.1432	86.6650	47	None	None	1	0	-1
269	86.6650	87.2450	40	None	None	1	0	-1
270	87.2450	175.1391	52	None	None	1	0	-1
271	87.2450	175.1391	60	None	None	1	0	-1
272	87.2450	175.1391	63	None	None	1	0	-1
273	87.8941	176.5300	52	None	None	1	0	-1
274	87.8941	176.5300	62	None	None	1	0	-1
275	88.2513	88.6359	59	None	None	1	0	-1
276	88.6359	89.5071	33	None	None	1	0	-1
277	89.5071	181.0142	45	None	None	1	0	-1
278	89.5071	181.0142	52	None	None	1	0	-1
279	89.5071	181.0142	57	None	None	1	0	-1
