0	0.0000	0.3061	29	None	None	1	-5	10.92704069291835
1	0.3061	0.6122	41	None	None	1	-2	8.90771739987118
2	0.6122	0.9184	48	None	None	1	-1	7.808532385817863
3	0.9184	1.2245	48	None	None	1	-5	2.605114342209994
4	1.2245	3.6735	55	None	None	1	-3	1.7861158658356535
5	1.2245	3.6735	58	None	None	1	-2	1.732138641501349
6	1.2245	3.6735	62	None	None	1	-1	1.5242879473526378
7	4.8980	11.0204	41	None	None	1	-5	0.9719761159458304
8	4.8980	11.0204	48	None	None	1	-4	0.9098171156616641
9	4.8980	12.2449	57	None	None	1	-1	1.2435520458825529
10	6.1224	13.4694	46	None	None	1	-5	1.1512273155281632
11	6.1224	13.4694	53	None	None	1	-2	1.9327580262093527
12	7.3469	15.9184	48	None	None	1	-4	2.234318308749189
13	7.3469	17.1429	57	None	None	1	-1	2.263361226882002
14	8.5714	9.7959	50	None	None	1	-3	2.337543579322172
15	9.7959	20.2041	46	None	None	1	-5	2.365072644137773
16	9.7959	20.2041	53	None	None	1	-3	2.914975720831452
17	9.7959	20.2041	58	None	None	1	-2	3.9916467159107243
18	10.4082	22.6531	58	None	None	1	-4	4.734475829675237
19	10.4082	21.4286	65	None	None	1	-1	5.44860850264768
20	11.0204	11.6327	64	None	None	1	-2	5.8030207506476
21	11.6327	11.9388	62	None	None	1	-3	6.26809324780387
22	11.9388	12.2449	64	None	None	1	-2	8.8750656096129
23	12.2449	13.4694	57	None	None	1	0	-1
24	12.3980	12.5510	65	None	None	1	0	-1
25	12.5510	12.7041	67	None	None	1	0	-1
26	12.7041	12.8571	69	None	None	1	0	-1
27	12.8571	13.4694	62	None	None	1	0	-1
28	13.4694	14.0816	55	None	None	1	0	-1
29	13.7755	14.0816	64	None	None	1	0	-1
30	14.0816	14.6939	48	None	None	1	-1	13.020499442295478
31	14.6939	15.0000	29	None	None	1	-5	10.388030970218102
32	15.0000	15.3061	41	None	None	1	-2	8.262325849155788
33	15.3061	15.6122	48	None	None	1	-1	7.113895209184475
34	15.6122	15.9184	48	None	None	1	-5	2.720998686033227
35	15.9184	33.0612	55	None	None	1	-3	1.8242224318811073
36	15.9184	33.0612	58	None	None	1	-2	1.7931650842802391
37	15.9184	33.0612	62	None	None	1	-1	3.138810152843394
38	19.5918	40.4082	58	None	None	1	-3	3.1071328459078167
39	19.5918	41.6327	60	None	None	1	-2	3.7052109620927203
40	19.5918	41.6327	63	None	None	1	-1	6.623381056325969
41	20.8163	22.0408	57	None	None	1	-4	7.043249229583971
42	22.0408	45.3061	51	None	None	1	-5	7.847208112984031
43	22.0408	45.3061	58	None	None	1	0	-1
44	22.0408	45.3061	62	None	None	1	0	-1
45	23.2653	47.7551	41	None	None	1	0	-1
46	23.2653	47.7551	48	None	None	1	0	-1
47	23.2653	47.7551	57	None	None	1	0	-1
48	24.4898	49.2857	34	None	None	1	0	-1
49	24.4898	49.2857	46	None	None	1	0	-1
50	24.7959	25.1020	53	None	None	1	-5	3.347797950415334
51	25.1020	50.8163	62	None	None	1	-2	2.8759526126152206
52	25.1020	50.8163	65	None	None	1	-1	3.2945455774393437
53	26.0204	52.1939	64	None	None	1	-2	3.341386840610848
54	26.0204	52.1939	67	None	None	1	-1	4.129422876028886
55	26.1735	52.5000	65	None	None	1	-2	3.3774383791718607
56	26.1735	52.5000	69	None	None	1	-1	4.142357734010565
57	26.3265	52.9592	64	None	None	1	-2	3.329099912645678
58	26.3265	52.9592	67	None	None	1	-1	3.731736077340116
59	26.6327	53.4184	62	None	None	1	-2	3.249612984276209
60	26.6327	53.4184	65	None	None	1	-1	3.2496129842762094
61	26.7857	53.7245	64	None	None	1	-2	2.271775114575787
62	26.7857	53.7245	67	None	None	1	-1	3.0428786159536396
63	26.9388	54.1837	62	None	None	1	-2	2.175933451061081
64	26.9388	54.1837	65	None	None	1	-1	2.5785696157555256
65	27.2449	54.7959	60	None	None	1	-2	1.850428912237939
66	27.2449	54.7959	64	None	None	1	-1	2.1679889345718317
67	27.5510	55.4082	60	None	None	1	-2	2.254889345718477
68	27.5510	55.4082	64	None	None	1	-1	2.7341607025023995
69	27.8571	56.0204	58	None	None	1	-4	2.011303042992736
70	27.8571	56.0204	65	None	None	1	-1	2.1577470686767093
71	28.1633	56.6327	57	None	None	1	-4	1.8960287548855286
72	28.1633	56.6327	60	None	None	1	-2	2.3159274909902994
73	28.1633	56.6327	64	None	None	1	-1	2.7345204558144243
74	28.4694	57.2449	55	None	None	1	-5	2.2471768565047436
75	28.4694	57.2449	58	None	None	1	-4	12.279073397289446
76	28.4694	57.2449	62	None	None	1	-1	18.301605248464504
77	28.7755	57.8571	55	None	None	1	-3	19.493188163037367
78	28.7755	57.8571	58	None	None	1	0	-1
79	28.7755	57.8571	62	None	None	1	0	-1
80	29.0816	58.4694	53	None	None	1	0	-1
81	29.0816	58.4694	57	None	None	1	0	-1
82	29.0816	58.4694	61	None	None	1	0	-1
83	29.3878	59.0816	34	None	None	1	0	-1
84	29.3878	59.0816	46	None	None	1	0	-1
85	29.6939	30.0000	53	None	None	1	-5	3.34779795041534
86	30.0000	60.6122	62	None	None	1	-2	2.8759526126152224
87	30.0000	60.6122	65	None	None	1	-1	3.294545577439349
88	30.9184	61.9898	64	None	None	1	-2	3.34138684061085
89	30.9184	61.9898	67	None	None	1	-1	4.129422876028877
90	31.0714	62.2959	65	None	None	1	-2	3.3774383791718505
91	31.0714	62.2959	69	None	None	1	-1	4.142357734010554
92	31.2245	62.7551	64	None	None	1	-2	3.3290999126456673
93	31.2245	62.7551	67	None	None	1	-1	3.731736077340105
94	31.5306	63.2143	62	None	None	1	-2	3.249612984276193
95	31.5306	63.2143	65	None	None	1	-1	3.2496129842761934
96	31.6837	63.5204	64	None	None	1	-2	2.271775114575787
97	31.6837	63.5204	67	None	None	1	-1	3.04287861595364
98	31.8367	63.9796	62	None	None	1	-2	2.1759334510610815
99	31.8367	63.9796	65	None	None	1	-1	2.578569615755526
100	32.1429	64.5918	60	None	None	1	-2	1.8504289122379394
101	32.1429	64.5918	64	None	None	1	-1	2.16798893457183
102	32.4490	65.2041	60	None	None	1	-2	2.254889345718473
103	32.4490	65.2041	64	None	None	1	-1	2.7341607025023915
104	32.7551	65.8163	58	None	None	1	-4	2.0113030429927266
105	32.7551	65.8163	65	None	None	1	-1	2.1577470686767
106	33.0612	66.4286	57	None	None	1	-4	1.896028754885519
107	33.0612	66.4286	60	None	None	1	-2	2.315927490990294
108	33.0612	66.4286	64	None	None	1	-1	2.7345204558144225
109	33.3673	67.0408	55	None	None	1	-5	2.2471768565047547
110	33.3673	67.0408	58	None	None	1	-4	13.841996123293221
111	33.3673	67.0408	62	None	None	1	-1	14.232808137911771
112	33.6735	67.6531	55	None	None	1	-3	17.909566931881606
113	33.6735	67.6531	58	None	None	1	-2	20.99053426856502
114	33.6735	67.6531	62	None	None	1	-1	21.645685022333872
115	33.9796	68.2653	53	None	None	1	-4	21.786730527638152
116	33.9796	68.2653	57	None	None	1	-2	24.37141150829903
117	33.9796	68.2653	61	None	None	1	-1	25.097220477386855
118	34.2857	68.8776	31	None	None	1	-5	15.25182160804015
119	34.2857	68.8776	43	None	None	1	-2	13.136560668672836
120	34.5918	34.8980	53	None	None	1	-1	10.719196067891165
121	34.8980	35.2041	55	None	None	1	-3	6.9444111047691095
122	35.2041	35.5102	58	None	None	1	-2	8.99877891357701
123	35.5102	35.8163	62	None	None	1	-1	9.3741715015167
124	35.8163	36.1224	65	None	None	1	-2	7.898233453008346
125	36.1224	36.4286	67	None	None	1	-1	9.355269785274208
126	36.4286	36.7347	65	None	None	1	-2	9.477610571868457
127	37.0408	37.3469	64	None	None	1	-1	14.592510375326977
128	37.3469	37.5000	62	None	None	1	-2	14.317231401662086
129	37.5000	37.6531	60	None	None	1	-1	12.433387084872049
130	37.6531	37.9592	58	None	None	1	-2	14.132350146146157
131	37.9592	38.2653	57	None	None	1	-1	12.270996502930084
132	38.2653	38.5714	55	None	None	1	-2	12.313207558206477
133	38.5714	38.8776	53	None	None	1	-3	12.127493529610774
134	38.8776	39.1837	50	None	None	1	-1	7.652668113130108
135	39.4898	79.2857	33	None	None	1	-5	6.218688490806461
136	39.4898	79.2857	45	None	None	1	-1	5.9997463589437094
137	39.7959	79.8980	34	None	None	1	-5	5.699526509697478
138	39.7959	79.8980	46	None	None	1	-1	3.70953107799352
139	40.1020	80.5102	36	None	None	1	-5	3.8344110016014645
140	40.1020	80.5102	48	None	None	1	-2	3.035751675041878
141	40.7143	81.7347	45	None	None	1	-5	3.406094974634397
142	40.7143	81.7347	52	None	None	1	-2	5.295582077051922
143	41.0204	41.3265	50	None	None	1	-3	5.151360971524283
144	41.3265	82.9592	48	None	None	1	-4	7.1784687325516385
145	41.3265	82.9592	52	None	None	1	-2	6.83916123106114
146	41.6327	83.5714	46	None	None	1	-4	6.201881650268963
147	41.6327	83.5714	53	None	None	1	-1	11.645142681427599
148	41.9388	84.1837	45	None	None	1	-5	11.268293356003921
149	41.9388	84.1837	57	None	None	1	-1	12.728014238352621
150	42.2449	85.7143	43	None	None	1	-5	13.883226276336261
151	42.2449	85.7143	50	None	None	1	-4	12.445187387207403
152	42.2449	85.7143	58	None	None	1	-1	13.513477500620692
153	43.4694	87.5510	48	None	None	1	-5	13.751752059620964
154	43.4694	87.5510	58	None	None	1	-1	14.007739764366223
155	44.0816	90.6122	29	None	None	1	-5	10.515860642755321
156	44.0816	88.4694	41	None	None	1	-2	10.595711284812564
157	44.3878	45.0000	48	None	None	1	-1	9.26240460388422
158	45.0000	45.3061	53	None	None	1	-4	13.280942884976866
159	45.6122	46.2245	60	None	None	1	-2	13.210318991872377
160	46.2245	46.5306	65	None	None	1	-1	13.452367342508078
161	46.5306	94.8980	57	None	None	1	-5	20.925043221905035
162	46.5306	94.8980	64	None	None	1	-4	19.20670151336233
163	46.5306	94.8980	72	None	None	1	-1	20.92504322190503
164	48.3673	97.0408	50	None	None	1	-5	20.925043221905035
165	48.3673	97.0408	57	None	None	1	-3	20.749858817268578
166	48.6735	97.6531	77	None	None	1	-3	14.965747987330946
167	48.6735	97.6531	81	None	None	1	-2	14.495827467827985
168	48.6735	97.6531	83	None	None	1	-1	15.002919518338409
169	48.9796	99.7959	57	None	None	1	-5	6.841016252006779
170	48.9796	99.7959	64	None	None	1	-4	5.122674543464075
171	48.9796	99.7959	72	None	None	1	-1	7.119434219350673
172	50.8163	102.2449	50	None	None	1	-5	5.798537732021223
173	50.8163	102.2449	60	None	None	1	-1	7.743443498933707
174	51.4286	103.1633	43	None	None	1	-5	5.891090761032171
175	51.4286	103.1633	50	None	None	1	-4	5.023612251003524
176	51.4286	103.1633	59	None	None	1	-1	5.891090761032183
177	51.7347	103.7755	48	None	None	1	-5	6.130394365039481
178	51.7347	103.7755	55	None	None	1	-3	5.290600107859392
179	52.3469	105.0000	41	None	None	1	-3	2.406207940976743
180	52.3469	105.0000	48	None	None	1	-1	8.330168719079266
181	52.9592	53.2653	40	None	None	1	-4	10.08807293292147
182	53.2653	53.8776	38	None	None	1	-5	11.814988762067195
183	53.8776	109.5918	43	None	None	1	-4	12.53216032102988
184	53.8776	109.5918	53	None	None	1	-1	12.007798075746802
185	56.0204	112.3469	40	None	None	1	-5	19.753852075088147
186	56.0204	112.3469	47	None	None	1	-3	20.15400090842682
187	56.0204	112.3469	52	None	None	1	-1	20.755319603814588
188	56.3265	114.4898	57	None	None	1	-4	21.878309553563327
189	56.3265	114.4898	64	None	None	1	-2	20.93031960381459
190	56.3265	114.4898	72	None	None	1	-1	20.92504322190504
191	58.1633	116.6327	50	None	None	1	-5	19.60442082276946
192	58.1633	116.6327	57	None	None	1	-3	19.43043661102114
193	58.4694	117.2449	77	None	None	1	-3	12.129037860721134
194	58.4694	117.2449	81	None	None	1	-2	13.605895666700182
195	58.4694	117.2449	83	None	None	1	-1	12.99699794233103
196	58.7755	118.7755	57	None	None	1	-5	5.871926078775992
197	58.7755	118.7755	64	None	None	1	-4	4.113340779397755
198	58.7755	118.7755	72	None	None	1	-1	4.445107858243444
199	60.0000	121.2245	62	None	None	1	-5	4.517200607772634
200	60.0000	121.2245	69	None	None	1	-4	4.136026579352842
201	60.0000	121.2245	77	None	None	1	-1	5.1953967642526955
202	61.2245	123.6735	55	None	None	1	-5	3.233320493066255
203	61.2245	123.6735	65	None	None	1	-1	3.822226502311251
204	62.4490	126.1224	48	None	None	1	-5	5.306336671802769
205	62.4490	126.1224	55	None	None	1	-4	4.784572419106315
206	62.4490	126.1224	64	None	None	1	-1	5.251059322033894
207	63.6735	128.5714	55	None	None	1	-5	6.152012711864396
208	63.6735	128.5714	65	None	None	1	-1	6.145541217257309
209	64.8980	131.0204	48	None	None	1	-5	6.272491867830828
210	64.8980	131.0204	55	None	None	1	-4	6.569968755350089
211	64.8980	131.0204	64	None	None	1	-1	6.506602037322354
212	66.1224	133.4694	42	None	None	1	-5	4.429608585858581
213	66.1224	133.4694	47	None	None	1	-4	4.196365134394791
214	66.1224	133.4694	57	None	None	1	-1	4.506996875535006
215	67.3469	135.9184	40	None	None	1	-5	4.799509929806535
216	67.3469	135.9184	47	None	None	1	-4	4.180972864235575
217	67.3469	135.9184	56	None	None	1	-1	3.70459895565828
218	68.5714	138.3673	42	None	None	1	-5	2.8789852166460856
219	68.5714	138.3673	47	None	None	1	-4	2.9829301219665876
220	68.5714	138.3673	57	None	None	1	-1	2.756461612997529
221	69.7959	140.8163	52	None	None	1	-5	1.9887087112443405
222	69.7959	140.8163	59	None	None	1	-4	1.5252449706960256
223	69.7959	140.8163	68	None	None	1	-1	2.1412628355895476
224	71.0204	142.6531	62	None	None	1	-5	2.1719582673090545
225	71.0204	142.6531	69	None	None	1	-2	2.6391490943254863
226	71.6327	143.8776	65	None	None	1	-3	2.6334292342802734
227	71.6327	143.8776	71	None	None	1	-1	2.8838022490676916
228	72.2449	145.1020	60	None	None	1	-4	2.9819302557838556
229	72.2449	144.7959	67	None	None	1	-1	3.8186592685650718
230	72.5510	72.8571	65	None	None	1	-2	3.7025788665550197
231	72.8571	73.4694	59	None	None	1	-3	2.225851479620316
232	73.1633	73.4694	64	None	None	1	-1	2.1080122836404134
233	73.4694	74.0816	57	None	None	1	-3	2.6037723338916683
234	73.7755	74.0816	62	None	None	1	-1	2.5070386655499624
235	74.0816	74.3878	57	None	None	1	-2	2.9720198213288533
236	74.3878	74.6939	55	None	None	1	-3	3.174281127861514
237	74.6939	149.6939	53	None	None	1	-4	3.277732412060288
238	74.6939	149.6939	62	None	None	1	-1	3.4171168341708396
239	75.0000	150.3061	52	None	None	1	-5	3.368977506125488
240	75.0000	150.3061	59	None	None	1	-1	3.178110516051021
241	75.3061	150.9184	50	None	None	1	-5	2.4227984116847656
242	75.3061	150.9184	60	None	None	1	-1	2.411537534001126
243	75.6122	151.5306	48	None	None	1	-4	4.47739287534784
244	75.6122	151.5306	52	None	None	1	0	-1
245	75.9184	154.2857	47	None	None	1	0	-1
246	75.9184	154.2857	54	None	None	1	0	-1
247	78.3673	159.1837	48	None	None	1	0	-1
248	78.3673	159.1837	54	None	None	1	0	-1
249	83.2653	166.8367	47	None	None	1	0	-1
250	83.2653	166.8367	56	None	None	1	0	-1
251	83.5714	83.8776	40	None	None	1	0	-1
252	85.7143	173.2653	57	None	None	1	-5	19.239865742149583
253	85.7143	173.2653	64	None	None	1	-4	18.976249892199196
254	85.7143	173.2653	72	None	None	1	-1	20.92504322190504
255	87.5510	175.4082	50	None	None	1	-5	20.92504322190504
256	87.5510	175.4082	57	None	None	1	-3	20.749858817268578
257	87.8571	176.0204	77	None	None	1	-3	14.965747987330946
258	87.8571	176.0204	81	None	None	1	-2	14.495827467827985
259	87.8571	176.0204	83	None	None	1	-1	15.002919518338409
260	88.1633	178.1633	57	None	None	1	-5	6.841016252006779
261	88.1633	178.1633	64	None	None	1	-4	5.122674543464075
262	88.1633	178.1633	72	None	None	1	-1	7.119434219350662
263	90.0000	180.6122	50	None	None	1	-5	5.798537732021212
264	90.0000	180.6122	60	None	None	1	-1	7.743443498933671
265	90.6122	181.5306	43	None	None	1	-5	5.891090761032135
266	90.6122	181.5306	50	None	None	1	-4	5.023612251003486
267	90.6122	181.5306	59	None	None	1	-1	5.891090761032134
268	90.9184	182.4490	48	None	None	1	-5	5.9952527392583566
269	90.9184	182.4490	55	None	None	1	-3	5.198426272511383
270	91.5306	183.3673	41	None	None	1	-3	2.4649387836776513
271	91.5306	183.3673	48	None	None	1	0	-1
272	92.1429	92.4490	40	None	None	1	0	-1
273	92.4490	93.0612	38	None	None	1	0	-1
274	93.0612	187.9592	43	None	None	1	0	-1
275	93.0612	187.9592	53	None	None	1	0	-1
276	94.8980	190.1020	41	None	None	1	0	-1
277	94.8980	190.4082	47	None	None	1	0	-1
278	95.2041	95.5102	40	None	None	1	0	-1
279	95.5102	192.8571	57	None	None	1	-5	20.925043221905028
280	95.5102	192.8571	64	None	None	1	-4	19.206701513362322
281	95.5102	192.8571	72	None	None	1	-1	20.925043221905025
282	97.3469	195.0000	50	None	None	1	-5	22.385141161752525
283	97.3469	195.0000	57	None	None	1	-3	22.21115695000421
284	97.6531	195.6122	77	None	None	1	-3	15.569191515917193
285	97.6531	195.6122	81	None	None	1	-2	16.628941271048774
286	97.6531	195.6122	83	None	None	1	-1	16.013572052072536
287	97.9592	197.1429	57	None	None	1	-5	8.05454078462421
288	97.9592	197.1429	64	None	None	1	-4	6.658901598494976
289	97.9592	197.1429	72	None	None	1	-1	6.514657778638625
290	99.1837	199.5918	45	None	None	1	-5	3.8513703987941748
291	99.1837	199.5918	52	None	None	1	-4	3.4413496553511744
292	99.1837	199.5918	61	None	None	1	-1	2.916957194979396
293	100.4082	201.1224	41	None	None	1	-5	1.416244656734539
294	100.4082	201.1224	48	None	None	1	-3	1.3664722495486987
295	100.7143	202.3469	43	None	None	1	-5	1.215758976881639
296	100.7143	202.3469	53	None	None	1	-1	1.3672722740263892
297	101.6327	203.5714	45	None	None	1	-5	1.296219014520224
298	101.6327	203.5714	52	None	None	1	-2	1.7180475963069273
299	101.9388	102.2449	50	None	None	1	-3	1.9730727219350699
300	102.5510	102.8571	55	None	None	1	-1	2.094213366258246
301	103.1633	206.6327	45	None	None	1	-2	2.56308021887465
302	103.1633	206.6327	48	None	None	1	-1	3.43916950346101
303	103.7755	207.8571	43	None	None	1	-2	3.9666239745946017
304	103.7755	207.8571	47	None	None	1	-1	4.372784433047324
305	104.0816	208.4694	45	None	None	1	-2	4.772559184310776
306	104.0816	208.4694	48	None	None	1	-1	5.167380713158449
307	104.3878	209.0816	45	None	None	1	-2	6.234617775979738
308	104.3878	209.0816	48	None	None	1	-1	6.629439304827421
309	105.3061	211.2245	34	None	None	1	-5	6.3720516785720465
310	105.3061	211.2245	46	None	None	1	-1	5.811291189111755
311	105.9184	212.4490	33	None	None	1	-5	6.069842406876798
312	105.9184	212.4490	45	None	None	1	-1	6.069842406876798
313	106.5306	213.6735	31	None	None	1	-5	6.069842406876798
314	106.5306	213.6735	43	None	None	1	-1	6.069842406876798
315	107.1429	214.8980	29	None	None	1	-5	5.035637535816609
316	107.1429	214.8980	41	None	None	1	-1	5.0356375358166
317	107.7551	216.1224	28	None	None	1	-5	4.162768624641823
318	107.7551	216.1224	40	None	None	1	-1	6.694233524355322
319	108.3673	217.3469	26	None	None	1	-5	6.565553366762197
320	108.3673	217.3469	38	None	None	1	-1	6.565553366762197
321	108.9796	218.5714	24	None	None	1	-5	6.565553366762197
322	108.9796	218.5714	36	None	None	1	-1	6.565553366762197
323	109.5918	219.7959	26	None	None	1	-5	7.599758237822365
324	109.5918	219.7959	38	None	None	1	-2	6.746821275071652
325	110.2041	221.0204	34	None	None	1	-5	6.794099212034381
326	110.2041	221.0204	46	None	None	1	-1	5.811291189111724
327	110.8163	222.2449	33	None	None	1	-5	6.0698424068767896
328	110.8163	222.2449	45	None	None	1	-1	6.069842406876798
329	111.4286	223.4694	31	None	None	1	-5	6.069842406876799
330	111.4286	223.4694	43	None	None	1	-1	6.069842406876799
331	112.0408	224.6939	29	None	None	1	-5	7.721937679083095
332	112.0408	224.6939	41	None	None	1	0	-1
333	112.6531	225.9184	28	None	None	1	0	-1
334	112.6531	225.9184	40	None	None	1	0	-1
335	113.2653	227.1429	26	None	None	1	0	-1
336	113.2653	227.1429	38	None	None	1	0	-1
337	113.8776	228.3673	24	None	None	1	0	-1
338	113.8776	228.3673	36	None	None	1	0	-1
339	114.4898	115.1020	48	None	None	1	-5	5.142456622094852
340	115.1020	117.5510	63	None	None	1	-1	2.0034881407195115
341	115.7143	116.3265	62	None	None	1	-2	1.4794910060490227
342	116.3265	116.9388	60	None	None	1	-3	1.5672417223814004
343	116.9388	117.5510	58	None	None	1	-4	2.5524176217764927
344	117.5510	235.7143	57	None	None	1	-5	2.6567782951289276
345	117.5510	235.7143	60	None	None	1	-3	2.506097779369614
346	117.5510	235.7143	63	None	None	1	-2	3.005273997134658
347	118.1633	236.9388	55	None	None	1	-5	3.8016117478510125
348	118.1633	236.9388	60	None	None	1	-3	3.801611747851015
349	118.1633	236.9388	63	None	None	1	-2	3.801611747851017
350	118.1633	236.9388	67	None	None	1	-1	3.8016117478510205
351	118.7755	238.1633	53	None	None	1	-5	2.9287428366762396
352	118.7755	238.1633	60	None	None	1	-4	2.2053350481896588
353	118.7755	238.1633	63	None	None	1	-3	2.2801953995543074
354	118.7755	238.1633	69	None	None	1	-1	2.335263451130239
355	119.3878	239.3878	55	None	None	1	-5	2.873591574773528
356	119.3878	239.3878	60	None	None	1	-3	2.981901030360923
357	119.3878	239.3878	63	None	None	1	-2	2.988921087667512
358	119.3878	239.3878	67	None	None	1	-1	3.085760271048593
359	120.0000	122.4490	63	None	None	1	-2	3.007787491678965
360	120.6122	121.2245	62	None	None	1	-1	1.7000511019941573
361	121.2245	121.8367	60	None	None	1	-2	1.505996660733414
362	121.8367	122.4490	58	None	None	1	-3	2.536155881884751
363	122.4490	245.5102	57	None	None	1	-5	2.656778295128934
364	122.4490	245.5102	60	None	None	1	-3	2.506097779369616
365	122.4490	245.5102	63	None	None	1	-2	3.005273997134658
366	123.0612	246.7347	55	None	None	1	-5	2.945581668908629
367	123.0612	246.7347	60	None	None	1	-3	3.4333320252749866
368	123.0612	246.7347	63	None	None	1	-2	6.574584671025222
369	123.0612	246.7347	67	None	None	1	0	-1
370	123.6735	248.5714	53	None	None	1	0	-1
371	123.6735	248.5714	60	None	None	1	-5	28.63083940755801
372	123.6735	248.5714	63	None	None	1	0	-1
373	123.6735	247.6531	69	None	None	1	0	-1
374	123.9796	124.2857	65	None	None	1	0	-1
375	124.2857	124.5918	67	None	None	1	0	-1
376	124.5918	124.8980	69	None	None	1	0	-1
377	124.8980	252.2449	34	None	None	1	0	-1
378	124.8980	252.2449	41	None	None	1	-5	11.238587816170234
379	126.1224	126.4286	53	None	None	1	-2	17.073646280556694
380	126.4286	126.7347	65	None	None	1	-1	13.917336298784116
381	127.3469	257.1429	55	None	None	1	-5	14.893197400803249
382	127.3469	257.1429	62	None	None	1	0	-1
383	127.3469	255.0000	65	None	None	1	0	-1
384	127.6531	127.9592	77	None	None	1	0	-1
385	128.5714	128.8776	53	None	None	1	0	-1
386	128.8776	129.1837	65	None	None	1	0	-1
387	129.7959	262.0408	34	None	None	1	0	-1
388	129.7959	262.0408	41	None	None	1	-5	10.877659114032538
389	131.0204	131.3265	53	None	None	1	-2	11.06587024946111
390	131.3265	131.6327	65	None	None	1	0	-1
391	132.2449	266.9388	55	None	None	1	0	-1
392	132.2449	266.9388	62	None	None	1	0	-1
393	132.2449	264.7959	65	None	None	1	0	-1
394	132.5510	132.8571	77	None	None	1	0	-1
395	134.6939	271.8367	33	None	None	1	0	-1
396	134.6939	271.8367	40	None	None	1	0	-1
397	135.9184	136.2245	52	None	None	1	0	-1
398	136.2245	136.5306	64	None	None	1	0	-1
399	137.1429	137.4490	90	None	None	1	0	-1
400	137.7551	138.0612	87	None	None	1	0	-1
401	138.3673	138.6735	84	None	None	1	0	-1
402	138.9796	139.2857	81	None	None	1	0	-1
403	139.5918	281.6327	33	None	None	1	0	-1
404	139.5918	281.6327	40	None	None	1	-5	14.682083939516861
405	140.8163	141.1224	52	None	None	1	-2	14.260445170691218
406	141.1224	141.4286	64	None	None	1	-1	11.84893201753277
407	142.0408	142.3469	66	None	None	1	-2	10.447602819021114
408	142.6531	142.9592	63	None	None	1	-3	11.614573384272475
409	143.2653	143.5714	60	None	None	1	-4	11.789239095829306
410	143.8776	144.1837	57	None	None	1	-1	8.993751989812123
411	144.4898	289.5918	31	None	None	1	-5	4.378064310729051
412	144.4898	289.5918	43	None	None	1	-2	3.323272843043603
413	145.1020	290.8163	36	None	None	1	-5	3.484984877427557
414	145.1020	290.8163	48	None	None	1	-2	3.382393493872347
415	145.7143	292.0408	43	None	None	1	-5	3.3037939236717735
416	145.7143	292.0408	55	None	None	1	-2	2.9813812571694354
417	146.3265	293.2653	48	None	None	1	-5	3.1903573640185154
418	146.3265	293.2653	60	None	None	1	-2	2.3221789582418286
419	146.9388	296.3265	55	None	None	1	-5	2.2035011691670605
420	146.9388	296.3265	58	None	None	1	-4	2.2756916346290534
421	146.9388	294.1837	62	None	None	1	-2	2.311031298564773
422	147.2449	147.5510	65	None	None	1	-1	14.561251147811307
423	147.8571	148.0102	64	None	None	1	-2	14.902809944660909
424	148.0102	148.1633	65	None	None	1	-1	14.150211635102595
425	148.1633	148.4694	62	None	None	1	-2	15.016246504314168
426	148.4694	148.6224	60	None	None	1	-3	14.914271730732803
427	148.6224	148.7755	62	None	None	1	-1	15.395378317093686
428	148.7755	149.0816	58	None	None	1	-2	15.030179201083765
429	149.0816	149.3878	62	None	None	1	-1	15.586630872046035
430	149.3878	299.3878	31	None	None	1	-5	4.695554339670342
431	149.3878	299.3878	43	None	None	1	-2	3.323272843043603
432	150.0000	300.6122	36	None	None	1	-5	3.484984877427557
433	150.0000	300.6122	48	None	None	1	-2	3.382393493872347
434	150.6122	301.8367	43	None	None	1	-5	3.3037939236717735
435	150.6122	301.8367	55	None	None	1	-2	2.9813812571694354
436	151.2245	303.0612	48	None	None	1	-5	3.19035736401851
437	151.2245	303.0612	60	None	None	1	-2	2.3221789582418375
438	151.8367	306.1224	55	None	None	1	-5	2.2035011691670694
439	151.8367	306.1224	58	None	None	1	-4	2.2756916346290423
440	151.8367	303.9796	62	None	None	1	-2	2.311031298564768
441	152.1429	152.4490	65	None	None	1	-1	2.398848858587102
442	152.7551	152.9082	64	None	None	1	-2	2.083937806190448
443	152.9082	153.0612	65	None	None	1	-1	1.0941906834800934
444	153.0612	153.3673	62	None	None	1	-3	1.6331624801876643
445	153.3673	153.5204	60	None	None	1	-4	1.7830888871348414
446	153.5204	153.6735	62	None	None	1	-3	2.2708494241530484
447	153.6735	153.9796	58	None	None	1	-5	2.285558645199413
448	153.9796	154.2857	62	None	None	1	-3	2.4130712080134757
449	154.2857	311.0204	58	None	None	1	-5	2.623299770179152
450	154.2857	311.0204	62	None	None	1	-4	3.224381793197487
451	154.2857	308.8776	65	None	None	1	-2	3.282421994202477
452	154.5918	154.8980	69	None	None	1	-1	3.6205588027974414
453	155.2041	155.3571	67	None	None	1	-2	3.4706323958502647
454	155.3571	155.5102	69	None	None	1	-1	2.9117897957529912
455	155.5102	155.8163	65	None	None	1	-2	3.0877046522937617
456	155.8163	155.9694	64	None	None	1	-3	3.896749878424468
457	155.9694	156.1224	65	None	None	1	0	-1
458	156.1224	156.4286	62	None	None	1	0	-1
459	156.4286	156.7347	65	None	None	1	0	-1
460	156.7347	314.0816	60	None	None	1	0	-1
461	156.7347	314.0816	62	None	None	1	0	-1
462	156.7347	314.0816	65	None	None	1	0	-1
463	156.7347	314.0816	67	None	None	1	0	-1
464	156.7347	314.0816	70	None	None	1	0	-1
465	157.3469	157.9592	55	None	None	1	0	-1
466	157.9592	158.5714	60	None	None	1	0	-1
467	158.5714	159.1837	48	None	None	1	-1	13.568358543037846
468	159.1837	159.4898	29	None	None	1	-5	10.96608206663382
469	159.4898	159.7959	41	None	None	1	-2	8.895542514183457
470	159.7959	160.1020	48	None	None	1	-1	7.7963575001300995
471	160.1020	160.4082	48	None	None	1	-5	2.592939456522438
472	160.4082	322.0408	55	None	None	1	-3	1.77394098014807
473	160.4082	322.0408	58	None	None	1	-2	1.7199637558137626
474	160.4082	322.0408	62	None	None	1	-1	1.5121130616650396
475	164.0816	329.3878	41	None	None	1	-5	0.9598012302582347
476	164.0816	329.3878	49	None	None	1	-3	0.967077797111096
477	164.0816	329.3878	57	None	None	1	-1	1.2435520458825517
478	165.3061	331.8367	46	None	None	1	-5	1.1512273155281625
479	165.3061	331.8367	53	None	None	1	-2	1.9327580262093478
480	166.5306	334.2857	48	None	None	1	-4	2.2343183087491814
481	166.5306	335.5102	57	None	None	1	-1	2.2633612268819925
482	167.7551	168.9796	50	None	None	1	-3	2.33754357932217
483	168.9796	338.5714	46	None	None	1	-5	2.3650726441377676
484	168.9796	338.5714	53	None	None	1	-3	2.9149757208314684
485	168.9796	338.5714	58	None	None	1	-2	3.991646715910778
486	169.5918	341.0204	58	None	None	1	-4	4.734475829675324
487	169.5918	339.7959	65	None	None	1	-1	5.448608502647788
488	170.2041	170.8163	64	None	None	1	-2	5.803020750647707
489	170.8163	171.1224	62	None	None	1	-3	6.268093247803954
490	171.1224	171.4286	64	None	None	1	-2	8.875065609613076
491	171.4286	172.6531	57	None	None	1	0	-1
492	171.5816	171.7347	65	None	None	1	0	-1
493	171.7347	171.8878	67	None	None	1	0	-1
494	171.8878	172.0408	69	None	None	1	0	-1
495	172.0408	172.6531	62	None	None	1	0	-1
496	172.6531	173.2653	55	None	None	1	0	-1
497	172.9592	173.2653	64	None	None	1	0	-1
498	173.2653	173.8776	48	None	None	1	-1	13.080341371593668
499	173.8776	174.1837	29	None	None	1	-5	10.439023521474121
500	174.1837	174.4898	41	None	None	1	-2	8.921192388641897
501	174.4898	174.7959	48	None	None	1	-1	7.593511611876674
502	174.7959	175.1020	48	None	None	1	-5	2.958431609700273
503	175.1020	351.4286	55	None	None	1	-3	2.061984922403117
504	175.1020	351.4286	58	None	None	1	-2	2.03766871501796
505	175.1020	351.4286	62	None	None	1	-1	2.2710256479878788
506	178.7755	358.7755	50	None	None	1	-4	2.086753572381273
507	178.7755	358.7755	57	None	None	1	-1	2.6592300119842376
508	180.0000	361.2245	43	None	None	1	-5	4.0495901814757564
509	180.0000	361.2245	50	None	None	1	-4	3.610367445642854
510	180.0000	361.2245	58	None	None	1	-1	6.0880093397920305
511	181.2245	363.6735	50	None	None	1	-4	6.084926142710242
512	181.2245	363.6735	57	None	None	1	-1	9.190209686778694
513	182.4490	366.1224	43	None	None	1	-5	8.627078884462025
514	182.4490	366.1224	50	None	None	1	-4	8.15628852945983
515	182.4490	366.1224	59	None	None	1	-1	8.15222555278911
516	183.6735	369.7959	36	None	None	1	-5	6.89785518399597
517	183.6735	369.7959	48	None	None	1	-2	6.23906760201829
518	184.2857	368.8776	57	None	None	1	-2	4.632829830863827
519	184.2857	368.8776	60	None	None	1	-1	5.062761725293006
520	184.5918	369.4898	62	None	None	1	-2	2.0763295644890936
521	184.5918	369.4898	65	None	None	1	-1	2.0763295644890976
522	184.8980	370.1020	58	None	None	1	-5	1.9541178112786393
523	184.8980	370.1020	62	None	None	1	-3	2.3243439419319216
524	185.2041	370.7143	64	None	None	1	-2	2.33665549972086
525	185.2041	370.7143	67	None	None	1	-1	2.8875977107761157
526	185.5102	371.3265	60	None	None	1	-5	2.619051856504751
527	185.5102	371.3265	64	None	None	1	-4	2.4646688302624216
528	185.8163	371.9388	65	None	None	1	-4	2.4268547599106727
529	185.8163	371.9388	69	None	None	1	-2	2.008261795086571
530	186.1224	372.5510	62	None	None	1	-5	2.397883514796207
531	186.1224	372.5510	65	None	None	1	-4	2.28395274986038
532	186.4286	373.1633	67	None	None	1	-3	2.393797427795532
533	186.4286	373.1633	70	None	None	1	-2	2.6603346594081563
534	186.7347	373.7755	64	None	None	1	-5	2.5542329704076243
535	186.7347	373.7755	67	None	None	1	-4	2.1901381909547735
536	187.0408	374.3878	69	None	None	1	-4	2.0573492462311576
537	187.0408	374.3878	72	None	None	1	-2	2.0272587685904084
538	187.3469	375.0000	65	None	None	1	-4	7.894015849449017
539	187.3469	375.0000	69	None	None	1	-2	8.693387708745474
540	187.6531	375.6122	70	None	None	1	-2	8.553123889649978
541	187.6531	375.6122	74	None	None	1	-1	9.542445497690114
542	187.9592	376.2245	67	None	None	1	0	-1
543	187.9592	376.2245	70	None	None	1	0	-1
544	188.2653	376.8367	72	None	None	1	0	-1
545	188.2653	376.8367	76	None	None	1	0	-1
546	188.5714	379.5918	58	None	None	1	0	-1
547	188.5714	379.5918	65	None	None	1	0	-1
548	188.5714	379.5918	67	None	None	1	0	-1
549	188.5714	379.5918	74	None	None	1	0	-1
550	189.1837	189.3367	79	None	None	1	0	-1
551	189.3367	189.4898	74	None	None	1	0	-1
552	189.4898	189.6429	72	None	None	1	0	-1
553	189.6429	189.7959	70	None	None	1	0	-1
554	191.0204	384.4898	55	None	None	1	0	-1
555	191.0204	384.4898	60	None	None	1	0	-1
556	191.0204	384.4898	62	None	None	1	0	-1
557	191.0204	384.4898	70	None	None	1	0	-1
558	191.6327	191.7857	79	None	None	1	0	-1
559	191.7857	191.9388	74	None	None	1	0	-1
560	191.9388	192.0918	72	None	None	1	0	-1
561	192.0918	192.2449	70	None	None	1	0	-1
562	193.4694	389.3878	48	None	None	1	0	-1
563	193.4694	389.3878	55	None	None	1	0	-1
564	193.4694	389.3878	58	None	None	1	0	-1
565	193.4694	389.3878	64	None	None	1	0	-1
566	194.0816	194.2347	79	None	None	1	0	-1
567	194.2347	194.3878	74	None	None	1	0	-1
568	194.3878	194.5408	72	None	None	1	0	-1
569	194.5408	194.6939	70	None	None	1	0	-1
570	195.9184	392.1429	29	None	None	1	0	-1
571	195.9184	392.1429	41	None	None	1	0	-1
572	196.2245	196.5306	48	None	None	1	-5	1.7954890439193854
573	196.5306	394.2857	57	None	None	1	-2	1.5013353655116424
574	196.5306	394.2857	60	None	None	1	0	-1
575	198.0612	396.4286	53	None	None	1	0	-1
576	198.0612	396.4286	57	None	None	1	0	-1
577	199.5918	400.4082	48	None	None	1	0	-1
578	199.5918	400.4082	55	None	None	1	0	-1
579	199.5918	400.4082	58	None	None	1	0	-1
580	199.5918	399.7959	64	None	None	1	0	-1
581	200.2041	200.8163	62	None	None	1	0	-1
582	200.8163	401.9388	29	None	None	1	0	-1
583	200.8163	401.9388	41	None	None	1	0	-1
584	201.1224	201.4286	48	None	None	1	-5	1.7954890439193325
585	201.4286	404.0816	57	None	None	1	-2	1.5013353655116444
586	201.4286	404.0816	60	None	None	1	0	-1
587	202.9592	406.2245	53	None	None	1	0	-1
588	202.9592	406.2245	57	None	None	1	0	-1
589	204.4898	410.2041	48	None	None	1	0	-1
590	204.4898	410.2041	55	None	None	1	0	-1
591	204.4898	410.2041	58	None	None	1	0	-1
592	204.4898	409.5918	64	None	None	1	0	-1
593	205.1020	205.7143	62	None	None	1	0	-1
594	205.7143	411.7347	34	None	None	1	0	-1
595	205.7143	411.7347	46	None	None	1	-5	4.692582254809976
596	206.0204	206.3265	53	None	None	1	-3	4.993871785307042
597	206.3265	413.2653	58	None	None	1	-2	4.524834844329799
598	206.3265	413.8776	62	None	None	1	-1	4.354712789775518
599	207.2449	207.3980	57	None	None	1	-3	4.387352031827456
600	207.3980	207.5510	58	None	None	1	-2	3.695346585689936
601	207.5510	207.8571	57	None	None	1	-3	3.0437772470613744
602	207.8571	415.8673	55	None	None	1	-4	3.381807676988803
603	207.8571	416.0204	58	None	None	1	-2	2.8774735061344923
604	208.0102	208.1633	57	None	None	1	-3	5.244874016752179
605	208.1633	416.6327	55	None	None	1	-4	4.874526535618899
606	208.1633	416.9388	58	None	None	1	-3	6.659416876047036
607	208.4694	208.7755	53	None	None	1	-5	7.013923785594791
608	208.7755	209.0816	55	None	None	1	-4	7.632481853713182
609	209.0816	209.3878	57	None	None	1	-3	7.733612506979531
610	209.3878	209.6939	58	None	None	1	-2	7.459814491478273
611	209.6939	210.0000	60	None	None	1	-1	7.234619758181601
612	210.0000	210.3061	62	None	None	1	-4	2.501901434926757
613	210.3061	210.6122	65	None	None	1	-3	2.0527043710248307
614	210.6122	422.4490	62	None	None	1	-5	3.4319263224725898
615	210.6122	422.4490	65	None	None	1	-4	2.9156424596692205
616	210.6122	422.4490	70	None	None	1	-2	3.120238325819451
617	210.6122	422.4490	72	None	None	1	-1	3.177877884645087
618	211.8367	424.2857	60	None	None	1	-5	3.9626943700027653
619	211.8367	424.2857	65	None	None	1	-4	4.388190504677665
620	211.8367	424.2857	69	None	None	1	-2	4.952251259376318
621	211.8367	424.2857	72	None	None	1	-1	4.9592048710601535
622	212.4490	425.5102	58	None	None	1	-5	5.497443269802092
623	212.4490	425.5102	62	None	None	1	-4	5.430974335342206
624	212.4490	425.5102	65	None	None	1	-2	5.430974335342206
625	212.4490	425.5102	67	None	None	1	-1	5.430974335342206
626	213.0612	426.7347	53	None	None	1	-5	5.430974335342206
627	213.0612	426.7347	60	None	None	1	-3	5.430974335342206
628	213.0612	426.7347	65	None	None	1	-2	5.430974335342206
629	213.0612	426.7347	69	None	None	1	-1	5.430974335342206
630	215.5102	431.6327	29	None	None	1	-5	5.430974335342206
631	215.5102	431.6327	36	None	None	1	-2	5.430974335342206
632	215.5102	431.6327	41	None	None	1	0	5.430974335342206
