0	3.3333	6.8750	74	None	None	0	1	5.582255429046947
1	3.3333	6.8750	86	None	None	0	3	5.643353344768439
2	5.0000	10.2083	80	None	None	0	1	7.831628277382992
3	5.0000	10.2083	92	None	None	0	0	-1
4	6.6667	13.5417	86	None	None	0	0	-1
5	6.6667	13.5417	98	None	None	0	0	-1
6	8.3333	16.8750	80	None	None	0	0	-1
7	8.3333	16.8750	92	None	None	0	0	-1
8	10.0000	20.4167	60	None	None	0	0	-1
9	10.0000	20.4167	62	None	None	0	0	-1
10	11.6667	23.7500	86	None	None	0	0	-1
11	11.6667	23.7500	96	None	None	0	0	-1
12	11.6667	23.7500	98	None	None	0	0	-1
13	13.3333	27.0833	60	None	None	0	0	-1
14	13.3333	27.0833	62	None	None	0	1	4.892328607411565
15	15.0000	30.4167	86	None	None	0	1	3.488674806697453
16	15.0000	30.4167	96	None	None	0	4	6.593211582814411
17	15.0000	30.4167	98	None	None	0	5	8.211387712614526
18	17.0833	34.3750	74	None	None	0	1	8.541097363650515
19	17.0833	34.3750	86	None	None	0	3	8.52504638218923
20	17.9167	36.0417	80	None	None	0	1	8.43442138218923
21	17.9167	36.0417	92	None	None	0	3	8.811862244897949
22	18.7500	37.7083	86	None	None	0	1	8.87748724489795
23	18.7500	37.7083	98	None	None	0	5	9.154510667903512
24	19.5833	39.3750	80	None	None	0	1	8.103780148423006
25	19.5833	39.3750	92	None	None	0	5	9.154510667903532
26	20.4167	41.0417	74	None	None	0	1	8.221895121685046
27	20.4167	41.0417	86	None	None	0	3	12.20901464255126
28	21.2500	42.7083	80	None	None	0	1	19.706409002999585
29	21.2500	42.7083	92	None	None	0	3	19.179289067401008
30	22.0833	44.3750	86	None	None	0	1	19.645580059749467
31	22.0833	44.3750	98	None	None	0	5	19.861807311944006
32	22.9167	46.0417	80	None	None	0	1	24.187883937615197
33	22.9167	46.0417	92	None	None	0	5	24.29713871723749
34	24.3750	24.4444	82	None	None	0	2	24.344568226013166
35	24.4444	24.5139	80	None	None	0	1	20.03707055940888
36	24.5139	24.5833	78	None	None	0	2	12.757168754620436
37	24.7917	24.8611	82	None	None	0	3	12.843517968030087
38	24.8611	24.9306	80	None	None	0	2	12.757168728394745
39	24.9306	25.0000	78	None	None	0	1	8.231876162943907
40	25.2083	25.2778	94	None	None	0	5	4.544704523643435
41	25.2778	25.3472	92	None	None	0	4	4.250978231428136
42	25.3472	25.4167	90	None	None	0	2	4.25686702528809
43	25.6250	25.6944	94	None	None	0	4	4.2506678020091595
44	25.6944	25.7639	92	None	None	0	3	4.806341645480924
45	25.7639	25.8333	90	None	None	0	2	4.853953730210029
46	26.0417	26.1111	94	None	None	0	4	5.154502626634284
47	26.1111	26.1806	92	None	None	0	3	4.94338761789496
48	26.1806	26.2500	90	None	None	0	2	12.820081195472174
49	26.4583	26.5278	94	None	None	0	4	12.385282279218835
50	26.5278	26.5972	92	None	None	0	3	20.14705679655013
51	26.5972	26.6667	90	None	None	0	2	22.010740219366856
52	26.6667	26.7222	94	None	None	0	4	20.759067403015884
53	26.7222	26.7778	92	None	None	0	3	28.688960582375284
54	26.7778	26.8333	90	None	None	0	2	28.337685047326104
55	26.8333	26.8889	87	None	None	0	1	36.31057481053218
56	26.8889	26.9444	85	None	None	0	2	30.297564955344264
57	26.9444	27.0000	82	None	None	0	1	30.2975649430447
58	27.0000	27.0556	80	None	None	0	3	28.688961526198497
59	27.0556	27.1111	78	None	None	0	2	28.337686022267224
60	27.1111	27.1667	75	None	None	0	1	36.3105755641595
61	27.1667	27.2222	73	None	None	0	2	30.297565412395883
62	27.2222	27.2778	70	None	None	0	1	30.29756541239586
63	27.2778	27.3333	68	None	None	0	3	28.6889610083092
64	27.3333	27.3889	66	None	None	0	2	28.33768551667746
65	27.3889	27.4444	63	None	None	0	1	36.3105750427482
66	27.4444	27.5000	61	None	None	0	2	30.297564437455172
67	27.5000	27.5556	58	None	None	0	1	30.297564449754724
68	27.5556	27.6111	56	None	None	0	3	28.688960582375497
69	27.6111	27.6667	54	None	None	0	2	28.3376850473263
70	27.6667	27.7222	51	None	None	0	1	36.31057481053224
71	27.7222	27.7778	49	None	None	0	2	30.29756495534408
72	27.7778	27.8333	46	None	None	0	1	30.297564943044506
73	27.8333	27.8889	44	None	None	0	3	28.688961526198263
74	27.8889	27.9444	42	None	None	0	2	28.337686022266983
75	27.9444	28.0000	39	None	None	0	0	-1
76	28.0000	28.0556	37	None	None	0	0	-1
77	28.0556	28.1111	34	None	None	0	0	-1
78	28.1111	28.1667	32	None	None	0	0	-1
79	28.1667	28.2222	30	None	None	0	0	-1
80	28.2222	28.2778	27	None	None	0	0	-1
81	28.2778	28.3333	25	None	None	0	0	-1
82	28.3333	28.7500	22	None	None	0	0	-1
83	39.2361	78.5417	96	None	None	0	1	4.287228505424249
84	39.2361	78.5417	97	None	None	0	2	5.849252479445941
85	39.3750	78.8194	96	None	None	0	1	4.991248846375567
86	39.3750	78.8194	97	None	None	0	2	3.7158335788139203
87	39.5139	79.0972	97	None	None	0	2	5.469200118096254
88	39.5139	79.0972	99	None	None	0	3	5.8020138911094215
89	39.6528	79.3750	96	None	None	0	2	6.091619979411416
90	39.6528	79.3750	97	None	None	0	3	5.635559797129061
91	39.7917	79.6528	96	None	None	0	2	5.432718076471001
92	39.7917	79.6528	97	None	None	0	0	-1
93	39.9306	79.9306	97	None	None	0	0	-1
94	39.9306	79.9306	99	None	None	0	0	-1
95	40.0000	40.0556	100	None	None	0	0	-1
96	40.0556	40.1111	98	None	None	0	0	-1
97	40.1111	40.1667	96	None	None	0	0	-1
98	40.1667	40.2222	94	None	None	0	0	-1
99	40.2222	40.2778	91	None	None	0	5	21.47854032200786
100	40.5556	40.6250	76	None	None	0	1	20.276053064144136
101	40.6250	40.6944	74	None	None	0	4	20.444937424781003
102	40.6944	40.7639	72	None	None	0	0	-1
103	40.7639	40.8333	70	None	None	0	0	-1
104	40.8333	40.8889	67	None	None	0	0	-1
105	40.8889	40.9444	70	None	None	0	0	-1
106	40.9444	41.0000	72	None	None	0	0	-1
107	41.0000	41.0556	74	None	None	0	0	-1
108	41.0556	41.1111	76	None	None	0	0	-1
109	41.3889	41.4583	91	None	None	0	1	4.696338654688599
110	41.4583	41.5278	94	None	None	0	0	-1
111	41.5278	41.5972	96	None	None	0	0	-1
112	41.5972	41.6667	98	None	None	0	0	-1
113	41.6667	41.7222	100	None	None	0	0	-1
114	41.7222	41.7778	98	None	None	0	0	-1
115	41.7778	41.8333	96	None	None	0	0	-1
116	41.8333	41.8889	94	None	None	0	0	-1
117	41.8889	41.9444	91	None	None	0	5	21.478540322007845
118	42.2222	42.2917	76	None	None	0	1	20.27605306414412
119	42.2917	42.3611	74	None	None	0	4	20.444937424780402
120	42.3611	42.4306	72	None	None	0	0	-1
121	42.4306	42.5000	70	None	None	0	0	-1
122	42.5000	42.5556	67	None	None	0	0	-1
123	42.5556	42.6111	70	None	None	0	0	-1
124	42.6111	42.6667	72	None	None	0	0	-1
125	42.6667	42.7222	74	None	None	0	0	-1
126	42.7222	42.7778	76	None	None	0	0	-1
127	43.0556	43.1250	91	None	None	0	1	4.6963386546886134
128	43.1250	43.1944	94	None	None	0	0	-1
129	43.1944	43.2639	96	None	None	0	0	-1
130	43.2639	43.3333	98	None	None	0	0	-1
131	43.3333	43.3889	100	None	None	0	0	-1
132	43.3889	43.4444	98	None	None	0	0	-1
133	43.4444	43.5000	96	None	None	0	0	-1
134	43.5000	43.5556	94	None	None	0	0	-1
135	43.5556	43.6111	91	None	None	0	5	17.04758081790005
136	43.8889	43.9583	76	None	None	0	1	28.14579491834658
137	43.9583	44.0278	74	None	None	0	0	-1
138	44.0278	44.0972	72	None	None	0	0	-1
139	44.0972	44.1667	70	None	None	0	0	-1
140	44.2222	44.2778	70	None	None	0	0	-1
141	44.2778	44.3333	72	None	None	0	0	-1
142	44.3333	44.3889	74	None	None	0	0	-1
143	44.3889	44.4444	76	None	None	0	0	-1
144	44.7222	44.7917	91	None	None	0	1	4.696338654688602
145	44.7917	44.8611	94	None	None	0	0	-1
146	44.8611	44.9306	96	None	None	0	0	-1
147	44.9306	45.0000	98	None	None	0	0	-1
148	45.0000	45.0556	100	None	None	0	0	-1
149	45.0556	45.1111	98	None	None	0	0	-1
150	45.1111	45.1667	96	None	None	0	0	-1
151	45.1667	45.2222	94	None	None	0	0	-1
152	45.2222	45.2778	91	None	None	0	5	21.47854032200786
153	45.5556	45.6250	76	None	None	0	1	20.276053064144136
154	45.6250	45.6944	74	None	None	0	4	20.444937424781003
155	45.6944	45.7639	72	None	None	0	0	-1
156	45.7639	45.8333	70	None	None	0	0	-1
157	45.8333	45.8889	67	None	None	0	0	-1
158	45.8889	45.9444	70	None	None	0	0	-1
159	45.9444	46.0000	72	None	None	0	0	-1
160	46.0000	46.0556	74	None	None	0	0	-1
161	46.0556	46.1111	76	None	None	0	0	-1
162	46.3889	46.4583	91	None	None	0	1	4.696338654688599
163	46.4583	46.5278	94	None	None	0	0	-1
164	46.5278	46.5972	96	None	None	0	0	-1
165	46.5972	46.6667	98	None	None	0	0	-1
166	46.6667	46.7222	100	None	None	0	0	-1
167	46.7222	46.7778	98	None	None	0	0	-1
168	46.7778	46.8333	96	None	None	0	0	-1
169	46.8333	46.8889	94	None	None	0	0	-1
170	46.8889	46.9444	91	None	None	0	5	17.04758081790017
171	47.2222	47.2917	76	None	None	0	1	28.145794918346745
172	47.2917	47.3611	74	None	None	0	0	-1
173	47.3611	47.4306	72	None	None	0	0	-1
174	47.4306	47.5000	70	None	None	0	0	-1
175	47.5556	47.6111	70	None	None	0	0	-1
176	47.6111	47.6667	72	None	None	0	0	-1
177	47.6667	47.7222	74	None	None	0	0	-1
178	47.7222	47.7778	76	None	None	0	0	-1
179	48.0556	48.1111	91	None	None	0	2	21.700037728633657
180	48.1111	48.1667	94	None	None	0	3	37.44387142814571
181	48.1667	48.2222	96	None	None	0	4	37.5572054676546
182	48.2222	48.2778	98	None	None	0	5	37.89206622286252
183	48.3333	48.3854	65	None	None	0	1	24.742879169102135
184	48.3854	48.4375	71	None	None	0	2	23.144183800543793
185	48.4375	48.4896	73	None	None	0	3	23.37474775713513
186	48.4896	48.5417	75	None	None	0	4	23.143697528824642
187	48.5417	48.5938	77	None	None	0	1	16.13978363449988
188	48.5938	48.6458	83	None	None	0	2	24.453567845610213
189	48.6458	48.6979	85	None	None	0	3	26.05270371297602
190	48.6979	48.7500	87	None	None	0	4	29.78531759583359
191	48.7500	48.8021	90	None	None	0	5	37.09985268374513
192	48.8021	48.8542	88	None	None	0	3	64.7433539390087
193	48.8542	48.9063	86	None	None	0	2	64.79463293223618
194	48.9062	48.9583	84	None	None	0	1	63.63189182724864
195	48.9583	48.9931	78	None	None	0	3	47.74653413778591
196	48.9931	49.0278	76	None	None	0	2	48.11579828131805
197	49.0278	49.0625	74	None	None	0	0	-1
198	49.0625	49.0972	72	None	None	0	0	-1
199	49.0972	49.1319	66	None	None	0	0	-1
200	49.1667	49.2222	100	None	None	0	0	-1
201	49.2222	49.2778	98	None	None	0	0	-1
202	49.2778	49.3333	96	None	None	0	0	-1
203	49.3333	49.3889	94	None	None	0	0	-1
204	49.3889	49.4444	91	None	None	0	5	17.04758081790017
205	49.7222	49.7917	76	None	None	0	1	28.145794918346745
206	49.7917	49.8611	74	None	None	0	0	-1
207	49.8611	49.9306	72	None	None	0	0	-1
208	49.9306	50.0000	70	None	None	0	0	-1
209	50.0556	50.1111	70	None	None	0	0	-1
210	50.1111	50.1667	72	None	None	0	0	-1
211	50.1667	50.2222	74	None	None	0	0	-1
212	50.2222	50.2778	76	None	None	0	0	-1
213	50.5556	50.6250	91	None	None	0	1	4.924942609614759
214	50.6250	50.6944	94	None	None	0	2	9.1255698966024
215	50.6944	50.7639	96	None	None	0	3	10.50317257200869
216	50.7639	50.8333	98	None	None	0	4	11.725792787054283
217	50.8333	50.8750	100	None	None	0	5	15.899959983993813
218	50.8750	50.9167	98	None	None	0	4	22.014615846338767
219	50.9167	50.9583	96	None	None	0	3	22.493337334934246
220	50.9583	51.0000	94	None	None	0	2	27.716416566626915
221	51.0000	51.0417	91	None	None	0	1	28.66179471788747
222	51.2500	51.2917	88	None	None	0	3	27.45661264505823
223	51.2917	51.3333	86	None	None	0	1	33.53562424969971
224	51.3333	51.3750	84	None	None	0	3	21.83387688408719
225	51.3750	51.4167	82	None	None	0	2	22.011607976524168
226	51.4167	51.4583	79	None	None	0	1	21.779675203414914
227	51.6667	51.7083	76	None	None	0	3	16.733653461384787
228	51.7083	51.7500	74	None	None	0	1	16.85907362945198
229	51.7500	51.7917	72	None	None	0	4	4.431259321910564
230	51.7917	51.8333	70	None	None	0	3	4.990138315600179
231	51.8333	51.8750	67	None	None	0	1	5.487701045549011
232	52.0833	52.1250	76	None	None	0	5	6.298145086178928
233	52.1250	52.1667	74	None	None	0	4	6.332123060930449
234	52.1667	52.2083	72	None	None	0	3	6.460974601546739
235	52.2083	52.2500	70	None	None	0	2	6.638705693983705
236	52.2500	52.2917	67	None	None	0	1	6.171058635160208
237	52.7083	52.7604	67	None	None	0	1	7.040806534319853
238	52.7604	52.8125	70	None	None	0	2	6.149612796550777
239	52.8125	52.8646	73	None	None	0	3	5.930683780361483
240	52.8646	52.9167	74	None	None	0	4	5.304342085526658
241	52.9167	52.9583	76	None	None	0	5	6.298145086178946
242	52.9583	53.0000	74	None	None	0	4	6.332123060930503
243	53.0000	53.0417	72	None	None	0	3	6.460974601546764
244	53.0417	53.0833	70	None	None	0	2	6.63870569398373
245	53.0833	53.1250	67	None	None	0	1	6.171058635160193
246	53.5417	53.5938	67	None	None	0	1	7.040806534319882
247	53.5938	53.6458	70	None	None	0	2	6.149612796550763
248	53.6458	53.6979	73	None	None	0	3	5.93068378036148
249	53.6979	53.7500	74	None	None	0	4	5.304342085526654
250	53.7500	53.7917	76	None	None	0	5	6.298145086178989
251	53.7917	53.8333	74	None	None	0	4	6.33212306093051
252	53.8333	53.8750	72	None	None	0	3	6.460974601546771
253	53.8750	53.9167	70	None	None	0	2	6.638705693983778
254	53.9167	53.9583	67	None	None	0	1	6.171058635160199
255	54.3750	54.4271	67	None	None	0	1	7.040806534319887
256	54.4271	54.4792	70	None	None	0	2	6.14961279655081
257	54.4792	54.5313	73	None	None	0	3	5.930683780361527
258	54.5312	54.5833	74	None	None	0	4	5.304342085526672
259	54.5833	54.6250	76	None	None	0	5	6.29814508617896
260	54.6250	54.6667	74	None	None	0	4	6.340929323161396
261	54.6667	54.7083	72	None	None	0	0	-1
262	54.7083	54.7500	70	None	None	0	0	-1
263	54.7500	54.7917	67	None	None	0	0	-1
264	55.2083	55.2604	67	None	None	0	0	-1
265	55.2604	55.3125	70	None	None	0	0	-1
266	55.3125	55.3646	73	None	None	0	0	-1
267	55.3646	55.4167	74	None	None	0	0	-1
268	55.4167	110.9375	65	None	None	0	0	-1
269	55.4167	112.5000	71	None	None	0	0	-1
270	55.4167	112.5000	73	None	None	0	0	-1
271	55.4167	110.9375	77	None	None	0	0	-1
272	55.5208	111.3542	71	None	None	0	0	-1
273	55.5208	111.3542	83	None	None	0	0	-1
274	57.0833	114.2708	65	None	None	0	0	-1
275	57.0833	115.8333	71	None	None	0	0	-1
276	57.0833	115.8333	73	None	None	0	0	-1
277	57.0833	114.2708	77	None	None	0	0	-1
278	57.1875	114.4792	73	None	None	0	0	-1
279	57.1875	114.4792	85	None	None	0	0	-1
280	57.2917	114.7917	71	None	None	0	0	-1
281	57.2917	114.7917	83	None	None	0	0	-1
282	58.7500	117.7778	65	None	None	0	0	-1
283	58.7500	118.3333	71	None	None	0	1	20.123877982022982
284	58.7500	118.3333	73	None	None	0	0	-1
285	58.7500	117.7778	77	None	None	0	0	-1
286	59.0278	118.3333	73	None	None	0	0	-1
287	59.0278	118.3333	85	None	None	0	0	-1
288	59.3056	118.8889	71	None	None	0	0	-1
289	59.3056	118.8889	83	None	None	0	0	-1
290	59.5833	119.4444	75	None	None	0	0	-1
291	59.5833	120.0000	77	None	None	0	0	-1
292	59.5833	120.0000	83	None	None	0	0	-1
293	59.5833	119.4444	87	None	None	0	0	-1
294	59.8611	120.0000	73	None	None	0	0	-1
295	59.8611	120.0000	85	None	None	0	0	-1
296	60.1389	120.5556	67	None	None	0	0	-1
297	60.1389	120.5556	79	None	None	0	0	-1
298	60.4167	120.9375	65	None	None	0	0	-1
299	60.4167	122.5000	71	None	None	0	0	-1
300	60.4167	122.5000	73	None	None	0	0	-1
301	60.4167	120.9375	77	None	None	0	0	-1
302	60.5208	121.3542	71	None	None	0	0	-1
303	60.5208	121.3542	83	None	None	0	0	-1
304	62.2396	62.2917	77	None	None	0	0	-1
305	62.2917	62.3438	83	None	None	0	0	-1
306	62.3438	62.3958	85	None	None	0	0	-1
307	62.3958	62.4479	87	None	None	0	0	-1
308	62.4479	62.5000	89	None	None	0	0	-1
309	62.6771	62.7361	89	None	None	0	0	-1
310	62.7361	62.7951	95	None	None	0	0	-1
311	62.7951	62.8542	97	None	None	0	0	-1
312	62.8542	62.9132	99	None	None	0	0	-1
313	62.9167	62.9583	101	None	None	0	0	-1
314	62.9583	63.0000	99	None	None	0	0	-1
315	63.0000	63.0417	97	None	None	0	0	-1
316	63.0417	63.0833	95	None	None	0	0	-1
317	63.0833	63.1250	89	None	None	0	0	-1
318	63.3333	63.3750	89	None	None	0	0	-1
319	63.3750	63.4167	87	None	None	0	0	-1
320	63.4167	63.4583	85	None	None	0	0	-1
321	63.4583	63.5000	83	None	None	0	0	-1
322	63.5000	63.5417	77	None	None	0	0	-1
323	63.7500	63.7917	77	None	None	0	0	-1
324	63.7917	63.8333	75	None	None	0	0	-1
325	63.8333	63.8750	73	None	None	0	0	-1
326	63.8750	63.9167	71	None	None	0	0	-1
327	63.9167	63.9583	65	None	None	0	0	-1
328	64.1667	64.2083	65	None	None	0	0	-1
329	64.2083	64.2500	63	None	None	0	0	-1
330	64.2500	64.2917	61	None	None	0	0	-1
331	64.2917	64.3333	59	None	None	0	0	-1
332	64.3333	64.3750	53	None	None	0	0	-1
333	64.5833	64.6250	65	None	None	0	0	-1
334	64.6250	64.6667	63	None	None	0	0	-1
335	64.6667	64.7083	61	None	None	0	0	-1
336	64.7083	64.7500	59	None	None	0	0	-1
337	64.7500	64.7917	53	None	None	0	0	-1
338	65.2361	65.2951	59	None	None	0	0	-1
339	65.2951	65.3542	61	None	None	0	0	-1
340	65.3542	65.4132	63	None	None	0	0	-1
341	65.4132	65.4549	65	None	None	0	0	-1
342	65.4549	65.4965	63	None	None	0	0	-1
343	65.4965	65.5382	61	None	None	0	0	-1
344	65.5382	65.5799	59	None	None	0	0	-1
345	65.5799	65.6215	53	None	None	0	0	-1
346	66.0660	66.1250	59	None	None	0	0	-1
347	66.1250	66.1840	61	None	None	0	0	-1
348	66.1840	66.2431	63	None	None	0	0	-1
349	67.9167	68.5417	75	None	None	0	1	41.25894761753417
350	69.1667	69.2708	99	None	None	0	5	57.27734031380192
351	69.2708	69.3750	82	None	None	0	1	57.277340313803165
352	69.3750	69.4792	87	None	None	0	5	50.17348207291834
353	69.4792	69.5833	72	None	None	0	1	57.27734031380266
354	69.5833	69.6528	70	None	None	0	2	54.746954607396795
355	69.6528	69.7222	70	None	None	0	1	47.20230091257516
356	69.7222	69.7917	77	None	None	0	2	43.095566044880094
357	69.7917	70.0000	75	None	None	0	1	41.922407280296085
358	70.8333	70.9375	99	None	None	0	5	38.671967479766906
359	70.9375	71.0417	82	None	None	0	1	21.406661357317134
360	71.0417	71.1458	87	None	None	0	5	18.74338592028088
361	71.1458	71.2500	72	None	None	0	1	15.490343320299582
362	71.3542	71.4583	70	None	None	0	2	10.937801492757654
363	71.4583	71.5625	78	None	None	0	5	9.412485136209535
364	71.5625	71.6667	76	None	None	0	3	9.093331500729343
365	71.6667	71.7708	79	None	None	0	5	17.08429750980797
366	71.7708	71.8750	77	None	None	0	4	17.006843671129662
367	71.8750	72.0833	71	None	None	0	2	15.625236719021679
368	72.0833	144.2708	60	None	None	0	1	12.419817013602083
369	72.0833	144.2708	66	None	None	0	2	11.888443107228225
370	72.0833	144.2708	68	None	None	0	3	11.78142381653547
371	72.0833	144.2708	72	None	None	0	4	19.325974204453065
372	72.1875	144.6875	68	None	None	0	1	14.358150191730841
373	72.1875	144.6875	80	None	None	0	4	11.009082252866847
374	72.5000	145.1042	72	None	None	0	1	11.370750887262759
375	72.5000	145.1042	78	None	None	0	2	10.371941363453235
376	72.5000	145.1042	80	None	None	0	3	12.567986657650936
377	72.5000	145.1042	84	None	None	0	4	11.8587402595924
378	72.6042	145.5208	80	None	None	0	1	7.831870627502761
379	72.6042	145.5208	92	None	None	0	5	5.243642184820696
380	72.9167	145.9722	83	None	None	0	1	10.045208302918487
381	72.9167	145.9722	87	None	None	0	2	10.080659986687559
382	72.9167	145.9722	90	None	None	0	3	10.118278343100004
383	72.9167	145.9722	95	None	None	0	5	10.127578939150531
384	73.0556	146.2500	81	None	None	0	1	10.127578939150673
385	73.0556	146.2500	87	None	None	0	2	9.990535751375427
386	73.0556	146.2500	90	None	None	0	4	10.127578939150759
387	73.0556	146.2500	93	None	None	0	5	10.127578939150775
388	73.3333	146.8056	71	None	None	0	1	9.418545320491923
389	73.3333	146.8056	75	None	None	0	2	9.147780421633172
390	73.3333	146.8056	78	None	None	0	3	9.033069763799636
391	73.3333	146.8056	83	None	None	0	5	9.949246241124456
392	73.4722	147.0833	69	None	None	0	1	7.707340808302092
393	73.4722	147.0833	75	None	None	0	2	16.22180534639138
394	73.4722	147.0833	78	None	None	0	4	15.585426621066834
395	73.4722	147.0833	81	None	None	0	5	15.906916916305786
396	73.7500	147.6042	60	None	None	0	1	11.871863974346407
397	73.7500	147.6042	66	None	None	0	2	11.611008739586028
398	73.7500	147.6042	68	None	None	0	3	11.548509712548311
399	73.7500	147.6042	72	None	None	0	4	19.3259742044525
400	73.8542	148.0208	68	None	None	0	1	14.35815019173064
401	73.8542	148.0208	80	None	None	0	4	11.009082252866847
402	74.1667	148.4375	72	None	None	0	1	11.370750887262759
403	74.1667	148.4375	78	None	None	0	2	10.371941363453235
404	74.1667	148.4375	80	None	None	0	3	12.567986657651078
405	74.1667	148.4375	84	None	None	0	4	11.858740259592555
406	74.2708	148.8542	80	None	None	0	1	7.831870627502989
407	74.2708	148.8542	92	None	None	0	5	5.24364218482094
408	74.5833	149.3056	83	None	None	0	1	10.04520830291873
409	74.5833	149.3056	87	None	None	0	2	10.080659986687804
410	74.5833	149.3056	90	None	None	0	3	10.118278343100249
411	74.5833	149.3056	95	None	None	0	5	10.127578939150776
412	74.7222	149.5833	81	None	None	0	1	10.127578939150634
413	74.7222	149.5833	87	None	None	0	2	9.990535751375353
414	74.7222	149.5833	90	None	None	0	4	10.127578939150553
415	74.7222	149.5833	93	None	None	0	5	10.127578939150533
416	75.0000	150.1389	71	None	None	0	1	7.322046123709653
417	75.0000	150.1389	75	None	None	0	2	6.978704300294768
418	75.0000	150.1389	78	None	None	0	3	6.614378724994814
419	75.0000	150.1389	83	None	None	0	5	6.524304481197699
420	75.1389	150.4167	69	None	None	0	1	6.5243044811978415
421	75.1389	150.4167	75	None	None	0	2	4.862729447664379
422	75.1389	150.4167	78	None	None	0	3	5.343701957927985
423	75.1389	150.4167	81	None	None	0	4	5.376820728307021
424	77.0833	154.3056	83	None	None	0	1	9.329837296638823
425	77.0833	154.3056	87	None	None	0	2	9.673179120053709
426	77.0833	154.3056	90	None	None	0	3	10.037504695353661
427	77.0833	154.3056	95	None	None	0	5	10.127578939150776
428	77.2222	154.5833	81	None	None	0	1	10.127578939150634
429	77.2222	154.5833	87	None	None	0	2	9.990535751375353
430	77.2222	154.5833	90	None	None	0	4	10.127578939150553
431	77.2222	154.5833	93	None	None	0	5	10.127578939150533
432	77.5000	155.1389	71	None	None	0	1	7.096297586789428
433	77.5000	155.1389	75	None	None	0	2	6.73410933696952
434	77.5000	155.1389	78	None	None	0	3	6.35252931441934
435	77.5000	155.1389	83	None	None	0	5	6.444085707791274
436	77.6389	155.4167	69	None	None	0	1	10.121826528814221
437	77.6389	155.4167	75	None	None	0	2	10.008567695942107
438	77.6389	155.4167	78	None	None	0	4	9.289090960122074
439	77.6389	155.4167	81	None	None	0	5	10.518074690492222
440	78.7500	157.6389	55	None	None	0	1	8.770469453092655
441	78.7500	157.6389	60	None	None	0	2	8.938621005219826
442	78.7500	157.6389	63	None	None	0	3	9.036829159291443
443	78.7500	157.6389	67	None	None	0	5	9.37933359495008
444	78.8889	157.9167	54	None	None	0	1	5.701592773927141
445	78.8889	157.9167	60	None	None	0	2	5.367492700148808
446	78.8889	157.9167	63	None	None	0	3	5.435372493983488
447	78.8889	157.9167	66	None	None	0	5	5.153455079131572
448	79.1667	158.4722	57	None	None	0	1	5.678139956939123
449	79.1667	158.4722	61	None	None	0	2	5.446049619098125
450	79.1667	158.4722	64	None	None	0	3	5.5183973087057225
451	79.1667	158.4722	69	None	None	0	5	5.789168175860914
452	79.3056	158.7500	55	None	None	0	1	9.466908996884214
453	79.3056	158.7500	61	None	None	0	2	9.319181725874701
454	79.3056	158.7500	64	None	None	0	3	9.433592023547689
455	79.3056	158.7500	67	None	None	0	5	10.015046691679908
456	79.5833	159.3056	55	None	None	0	1	10.32843955112712
457	79.5833	159.3056	60	None	None	0	2	10.28649913829009
458	79.5833	159.3056	63	None	None	0	3	10.32942312638264
459	79.5833	159.3056	67	None	None	0	5	11.50643445092712
460	79.7222	159.5833	54	None	None	0	1	7.828693629903821
461	79.7222	159.5833	60	None	None	0	2	6.404976308964508
462	79.7222	159.5833	63	None	None	0	3	6.4728561027991836
463	79.7222	159.5833	66	None	None	0	4	6.354085340060557
464	80.0000	160.1389	62	None	None	0	1	7.805240812915675
465	80.0000	160.1389	66	None	None	0	2	7.573150475074681
466	80.0000	160.1389	69	None	None	0	3	7.645498164682274
467	80.0000	160.1389	74	None	None	0	5	7.916269031837472
468	80.1389	160.4167	60	None	None	0	1	11.594009852860411
469	80.1389	160.4167	66	None	None	0	2	11.446282581850902
470	80.1389	160.4167	69	None	None	0	3	11.560692879523863
471	80.1389	160.4167	72	None	None	0	5	12.14214754765598
472	80.4167	160.9722	55	None	None	0	1	9.490361813871871
473	80.4167	160.9722	60	None	None	0	2	9.100393323609506
474	80.4167	160.9722	63	None	None	0	3	9.112855126604117
475	80.4167	160.9722	67	None	None	0	5	9.37933359495008
476	80.5556	161.2500	54	None	None	0	1	5.701592773927282
477	80.5556	161.2500	60	None	None	0	2	5.367492700148963
478	80.5556	161.2500	63	None	None	0	3	5.4353724939836585
479	80.5556	161.2500	66	None	None	0	5	5.153455079131806
480	80.8333	161.8056	57	None	None	0	1	5.678139956939358
481	80.8333	161.8056	61	None	None	0	2	5.4460496190983605
482	80.8333	161.8056	64	None	None	0	3	5.518397308705957
483	80.8333	161.8056	69	None	None	0	5	5.78916817586115
484	80.9722	162.0833	55	None	None	0	1	9.466908996883948
485	80.9722	162.0833	61	None	None	0	2	9.319181725874396
486	80.9722	162.0833	64	None	None	0	3	9.433592023547352
487	80.9722	162.0833	67	None	None	0	5	10.015046691679423
488	81.2500	162.6389	55	None	None	0	1	10.328439551126635
489	81.2500	162.6389	60	None	None	0	2	10.286499138289605
490	81.2500	162.6389	63	None	None	0	3	10.329423126382155
491	81.2500	162.6389	67	None	None	0	5	11.506434450926633
492	81.3889	162.9167	54	None	None	0	1	7.828693629903695
493	81.3889	162.9167	60	None	None	0	2	6.404976308964425
494	81.3889	162.9167	63	None	None	0	3	6.472856102799113
495	81.3889	162.9167	66	None	None	0	4	6.354085340060557
496	81.6667	163.4722	62	None	None	0	1	5.60156432612396
497	81.6667	163.4722	66	None	None	0	2	6.381028617569594
498	81.6667	163.4722	69	None	None	0	3	6.453376307177187
499	81.6667	163.4722	74	None	None	0	5	7.037067344700495
500	81.8056	163.7500	60	None	None	0	1	10.714808165723795
501	81.8056	163.7500	66	None	None	0	2	9.645178405925902
502	81.8056	163.7500	69	None	None	0	3	9.759588703598883
503	81.8056	163.7500	72	None	None	0	4	10.336475265471922
504	82.0833	164.3056	67	None	None	0	1	9.660529882350481
505	82.0833	164.3056	72	None	None	0	2	8.880592901825741
506	82.0833	164.3056	75	None	None	0	3	9.247571514149781
507	82.0833	164.3056	79	None	None	0	5	9.51404998249574
508	82.2222	164.5833	66	None	None	0	1	5.8363091614724425
509	82.2222	164.5833	72	None	None	0	2	5.563368857445015
510	82.2222	164.5833	75	None	None	0	3	6.316464590155917
511	82.2222	164.5833	78	None	None	0	5	6.034547175303912
512	82.5000	165.1389	67	None	None	0	1	5.680030365974485
513	82.5000	165.1389	71	None	None	0	2	5.837908518395861
514	82.5000	165.1389	74	None	None	0	3	5.555739398674027
515	82.5000	165.1389	79	None	None	0	5	5.826510265829225
516	82.6389	165.4167	65	None	None	0	1	9.504251086852165
517	82.6389	165.4167	71	None	None	0	2	9.170779329932401
518	82.6389	165.4167	74	None	None	0	3	8.72455840488845
519	82.6389	165.4167	77	None	None	0	5	9.30601307302057
520	82.9167	165.9722	67	None	None	0	1	9.660529882349996
521	82.9167	165.9722	72	None	None	0	2	8.880592901825256
522	82.9167	165.9722	75	None	None	0	3	9.247571514149296
523	82.9167	165.9722	79	None	None	0	5	9.514049982495255
524	83.0556	166.2500	66	None	None	0	1	5.8363091614724585
525	83.0556	166.2500	72	None	None	0	2	5.563368857445082
526	83.0556	166.2500	75	None	None	0	3	6.316464590156052
527	83.0556	166.2500	78	None	None	0	5	6.034547175304191
528	83.3333	166.8056	67	None	None	0	1	5.680030365974765
529	83.3333	166.8056	71	None	None	0	2	5.837908518396141
530	83.3333	166.8056	74	None	None	0	3	5.555739398674307
531	83.3333	166.8056	79	None	None	0	5	5.826510265829504
532	83.4722	167.0833	65	None	None	0	1	9.504251086852303
533	83.4722	167.0833	71	None	None	0	2	9.170779329932504
534	83.4722	167.0833	74	None	None	0	3	8.724558404888507
535	83.4722	167.0833	77	None	None	0	5	9.30601307302057
536	83.7500	167.6389	67	None	None	0	1	9.660529882349996
537	83.7500	167.6389	72	None	None	0	2	8.880592901825256
538	83.7500	167.6389	75	None	None	0	3	9.247571514149296
539	83.7500	167.6389	79	None	None	0	5	9.514049982495255
540	83.8889	167.9167	66	None	None	0	1	5.836309161472316
541	83.8889	167.9167	72	None	None	0	2	5.563368857444923
542	83.8889	167.9167	75	None	None	0	3	6.316464590155837
543	83.8889	167.9167	78	None	None	0	5	6.034547175303912
544	84.1667	168.4722	67	None	None	0	1	5.680030365974485
545	84.1667	168.4722	71	None	None	0	2	5.837908518395861
546	84.1667	168.4722	74	None	None	0	3	5.555739398674027
547	84.1667	168.4722	79	None	None	0	5	5.826510265829225
548	84.3056	168.7500	65	None	None	0	1	9.504251086852523
549	84.3056	168.7500	71	None	None	0	2	9.170779329932776
550	84.3056	168.7500	74	None	None	0	3	8.724558404888846
551	84.3056	168.7500	77	None	None	0	5	9.306013073021054
552	84.5833	169.3056	67	None	None	0	1	9.660529882350481
553	84.5833	169.3056	72	None	None	0	2	8.880592901825741
554	84.5833	169.3056	75	None	None	0	3	9.247571514149781
555	84.5833	169.3056	79	None	None	0	5	9.51404998249574
556	84.7222	169.5833	66	None	None	0	1	5.8363091614724425
557	84.7222	169.5833	72	None	None	0	2	5.563368857445015
558	84.7222	169.5833	75	None	None	0	3	6.316464590155917
559	84.7222	169.5833	78	None	None	0	5	6.034547175303912
560	85.0000	170.1389	67	None	None	0	1	11.593207461620226
561	85.0000	170.1389	71	None	None	0	2	11.808140216238806
562	85.0000	170.1389	74	None	None	0	3	15.908701384013563
563	85.0000	170.1389	79	None	None	0	5	15.887775796980748
564	85.1389	170.4167	65	None	None	0	1	20.64646612528406
565	85.1389	170.4167	71	None	None	0	2	19.784007678212287
566	85.1389	170.4167	74	None	None	0	3	19.006599049378163
567	85.1389	170.4167	77	None	None	0	4	18.35540878340923
568	85.6944	171.5278	92	None	None	0	4	20.902647734997284
569	85.6944	171.5278	94	None	None	0	5	21.076783291662235
570	86.3889	172.9167	60	None	None	0	1	18.464752209727976
571	86.3889	172.9167	62	None	None	0	2	18.421002528721573
572	86.5278	173.1944	72	None	None	0	2	15.612827940752123
573	86.5278	173.1944	74	None	None	0	3	15.625018065711657
574	86.8056	173.7500	74	None	None	0	2	21.74166714626287
575	86.8056	173.7500	76	None	None	0	3	21.94449596517507
576	86.9444	174.0278	86	None	None	0	3	15.216921057889367
577	86.9444	174.0278	88	None	None	0	4	15.095631103324292
578	87.3611	174.8611	92	None	None	0	4	20.96881177370541
579	87.3611	174.8611	94	None	None	0	5	21.076783291662196
580	88.0556	176.2500	60	None	None	0	1	24.255036611024224
581	88.0556	176.2500	62	None	None	0	2	24.649635394643823
582	88.1944	176.5278	72	None	None	0	2	24.679427392524534
583	88.1944	176.5278	74	None	None	0	3	24.680811667173536
584	88.4722	177.0833	74	None	None	0	3	24.680811667173536
585	88.4722	177.0833	76	None	None	0	4	24.683506513511873
586	88.6111	177.3611	86	None	None	0	4	24.24991494869203
587	88.6111	177.3611	88	None	None	0	5	24.2024281439878
588	88.8879	177.9138	60	None	None	0	1	24.86079553464998
589	88.8879	177.9138	62	None	None	0	2	24.86840014467385
590	89.0259	178.1897	72	None	None	0	2	24.898019934470334
591	89.0259	178.1897	74	None	None	0	3	24.899396207531584
592	89.2998	178.7357	74	None	None	0	3	24.899396207531584
593	89.2998	178.7357	76	None	None	0	4	24.898728956051595
594	89.4359	179.0079	86	None	None	0	4	24.31026669445417
595	89.4359	179.0079	88	None	None	0	5	24.25374814038134
596	89.7089	179.5549	60	None	None	0	1	24.70047065518513
597	89.7089	179.5549	62	None	None	0	2	24.687025188405972
598	89.8459	179.8288	72	None	None	0	2	24.537189008309273
599	89.8459	179.8288	74	None	None	0	3	24.530226923173466
600	90.1208	180.3796	74	None	None	0	3	24.530226923173466
601	90.1208	180.3796	76	None	None	0	4	24.52546567182861
602	90.2588	180.6555	86	None	None	0	4	23.930917604541143
603	90.2588	180.6555	88	None	None	0	5	23.874779246592777
604	90.5386	181.2189	60	None	None	0	1	24.43781034882521
605	90.5386	181.2189	62	None	None	0	2	24.435990521307872
606	90.6804	181.5026	72	None	None	0	2	24.466308251323998
607	90.6804	181.5026	74	None	None	0	3	24.467716953930804
608	90.9621	182.0641	74	None	None	0	3	24.467716953930804
609	90.9621	182.0641	76	None	None	0	4	24.467040009958748
610	91.1020	182.3438	86	None	None	0	4	23.881454109419714
611	91.1020	182.3438	88	None	None	0	5	23.825700149252185
612	91.3827	182.9062	60	None	None	0	1	16.9001178490806
613	91.3827	182.9062	62	None	None	0	2	17.749071261376805
614	91.5235	183.1879	72	None	None	0	2	11.868974903098893
615	91.5235	183.1879	74	None	None	0	3	13.38348203295068
616	91.8062	183.7542	74	None	None	0	3	14.451264359130214
617	91.8062	183.7542	76	None	None	0	4	29.200001825070196
618	91.9480	184.0379	86	None	None	0	4	22.455673697026388
619	91.9480	184.0379	88	None	None	0	5	30.68877270885623
620	92.0899	184.6053	85	None	None	0	3	39.225284472173485
621	92.0899	184.2152	85	None	None	0	4	38.08204531891231
622	92.1253	92.1608	80	None	None	0	2	37.96478529318476
623	92.1608	92.1963	78	None	None	0	1	32.47221130639704
624	92.1963	92.2317	74	None	None	0	3	16.418501246176902
625	92.5154	185.4564	73	None	None	0	2	16.88357507715228
626	92.5154	185.0663	73	None	None	0	3	17.192243420867683
627	92.5509	92.5863	68	None	None	0	0	-1
628	92.5863	92.6218	66	None	None	0	0	-1
629	92.6218	92.6573	62	None	None	0	0	-1
630	92.9410	186.3074	72	None	None	0	0	-1
631	92.9410	185.9174	72	None	None	0	0	-1
632	92.9764	93.0119	68	None	None	0	0	-1
633	93.0119	93.0473	66	None	None	0	0	-1
634	93.0473	93.0828	62	None	None	0	0	-1
635	93.3665	187.1585	84	None	None	0	4	8.868908477422744
636	93.3665	186.7684	84	None	None	0	5	8.78853090512526
637	93.4019	93.4374	80	None	None	0	3	23.343056198476187
638	93.4374	93.4729	78	None	None	0	2	24.05381364332496
639	93.4729	93.5083	74	None	None	0	1	30.510917482167017
640	93.7920	188.0096	85	None	None	0	3	38.289996213264715
641	93.7920	187.6195	85	None	None	0	4	38.082045318914055
642	93.8275	93.8629	80	None	None	0	2	39.136377026326485
643	93.8629	93.8984	78	None	None	0	1	33.64380303953877
644	93.8984	93.9339	74	None	None	0	3	17.766193692936653
645	94.2175	188.8606	73	None	None	0	2	18.54651445758023
646	94.2175	188.4706	73	None	None	0	3	18.85518280129566
647	94.2530	94.2885	68	None	None	0	1	24.23251007557542
648	94.2885	94.3239	66	None	None	0	2	14.575011540930994
649	94.3239	94.3594	62	None	None	0	1	14.420776316038493
650	94.6431	189.7117	74	None	None	0	4	13.872772367111946
651	94.6431	189.3216	74	None	None	0	5	13.792394861900119
652	94.6785	94.7140	68	None	None	0	0	-1
653	94.7140	94.7495	66	None	None	0	0	-1
654	94.7495	94.7849	62	None	None	0	0	-1
655	95.0686	95.4941	86	None	None	0	0	-1
656	95.0704	95.1058	86	None	None	0	0	-1
657	95.1058	95.1413	80	None	None	0	0	-1
658	95.1413	95.1768	78	None	None	0	0	-1
659	95.1768	95.2122	74	None	None	0	0	-1
660	95.4977	191.4209	90	None	None	0	4	20.38799923324602
661	95.4977	191.0308	90	None	None	0	5	27.00780245276557
662	95.5332	95.5686	85	None	None	0	3	27.03650858687959
663	95.5686	95.6041	80	None	None	0	2	24.697568459905156
664	95.6041	95.6395	78	None	None	0	1	18.79049119791669
665	95.9232	192.2720	78	None	None	0	4	17.977047098170733
666	95.9232	191.8819	78	None	None	0	5	24.58994116161238
667	95.9587	95.9941	73	None	None	0	0	-1
668	95.9941	96.0296	68	None	None	0	0	-1
669	96.0296	96.0651	66	None	None	0	0	-1
670	96.3488	193.1230	76	None	None	0	0	-1
671	96.3488	192.7330	76	None	None	0	0	-1
672	96.3842	96.4197	73	None	None	0	0	-1
673	96.4197	96.4551	68	None	None	0	0	-1
674	96.4551	96.4906	66	None	None	0	0	-1
675	96.7743	193.9741	88	None	None	0	0	-1
676	96.7743	193.5840	88	None	None	0	0	-1
677	96.8097	96.8452	85	None	None	0	0	-1
678	96.8452	96.8807	80	None	None	0	0	-1
679	96.8807	96.9161	78	None	None	0	0	-1
680	97.1998	194.8252	92	None	None	0	4	20.394908389323575
681	97.1998	194.4351	92	None	None	0	5	27.007802452765205
682	97.2353	97.2707	87	None	None	0	3	27.70561764336133
683	97.2707	97.3062	82	None	None	0	2	25.29076611814073
684	97.3062	97.3417	80	None	None	0	1	19.92134923210688
685	97.6253	195.6762	80	None	None	0	4	18.19895162532888
686	97.6253	195.2862	80	None	None	0	5	16.82237315601426
687	97.6608	97.6963	75	None	None	0	0	-1
688	97.6963	97.7317	70	None	None	0	0	-1
689	97.7317	97.7672	68	None	None	0	0	-1
690	98.0509	196.5273	78	None	None	0	0	-1
691	98.0509	196.1372	78	None	None	0	0	-1
692	98.0863	98.1218	74	None	None	0	0	-1
693	98.1218	98.1573	70	None	None	0	0	-1
694	98.1573	98.1927	66	None	None	0	0	-1
695	98.4764	197.3784	90	None	None	0	4	8.278697377285832
696	98.4764	196.9883	90	None	None	0	5	12.231515006102699
697	98.5119	98.5473	86	None	None	0	3	14.210885347522757
698	98.5473	98.5828	82	None	None	0	2	12.255148887196478
699	98.5828	98.6183	78	None	None	0	1	12.773595764026163
700	98.9019	198.6550	84	None	None	0	2	12.570903940754901
701	98.9019	198.6550	88	None	None	0	3	22.71604413158465
702	98.9019	198.6550	91	None	None	0	4	23.054367335305475
703	98.9019	198.6550	96	None	None	0	5	26.29612292091834
704	99.5261	99.5544	60	None	None	0	1	21.229791823935972
705	99.5544	99.5828	62	None	None	0	2	19.381851601722552
706	99.5828	99.6112	64	None	None	0	1	15.820168587316022
707	99.6112	99.6395	65	None	None	0	2	13.934919388894608
708	99.6395	99.6679	67	None	None	0	1	24.657431165534856
709	99.6679	99.6963	69	None	None	0	2	23.224890009538917
710	99.6963	99.7246	71	None	None	0	3	23.484845324570315
711	99.7246	99.7530	72	None	None	0	4	22.991677851063134
712	100.0722	200.2507	64	None	None	0	0	-1
713	100.0722	200.2507	68	None	None	0	0	-1
714	100.0722	200.2507	71	None	None	0	0	-1
715	100.0722	200.2507	76	None	None	0	0	-1
716	100.1785	200.7826	58	None	None	0	0	-1
717	100.1785	200.7826	62	None	None	0	0	-1
718	100.1785	200.7826	65	None	None	0	1	15.944946964657188
719	100.1785	200.7826	70	None	None	0	2	15.956112281631565
720	100.6041	202.0592	84	None	None	0	2	12.070391404859718
721	100.6041	202.0592	88	None	None	0	3	22.305222828848464
722	100.6041	202.0592	91	None	None	0	4	22.753168650874766
723	100.6041	202.0592	96	None	None	0	5	26.296122920918382
724	101.2282	101.2566	60	None	None	0	1	21.22979182393614
725	101.2566	101.2849	62	None	None	0	2	19.381851601722733
726	101.2849	101.3133	64	None	None	0	1	15.820168587316982
727	101.3133	101.3417	65	None	None	0	2	13.93491938889558
728	101.3417	101.3700	67	None	None	0	1	5.23268179537997
729	101.3700	101.3984	69	None	None	0	2	3.0573273240427072
730	101.3984	101.4268	71	None	None	0	3	2.8605046062847554
731	101.4268	101.4551	72	None	None	0	4	2.4181693749842834
732	101.7743	203.6550	64	None	None	0	0	-1
733	101.7743	203.6550	68	None	None	0	0	-1
734	101.7743	203.6550	71	None	None	0	0	-1
735	101.7743	203.6550	76	None	None	0	0	-1
736	102.0934	204.3996	67	None	None	0	0	-1
737	102.0934	204.3996	71	None	None	0	0	-1
738	102.0934	204.3996	74	None	None	0	1	28.623109875216198
739	102.0934	204.3996	79	None	None	0	2	28.79483973768136
740	102.3062	205.4635	87	None	None	0	2	27.179887527276833
741	102.3062	205.4635	90	None	None	0	0	-1
742	102.3062	205.4635	94	None	None	0	0	-1
743	102.3062	205.4635	99	None	None	0	0	-1
744	102.9268	102.9658	63	None	None	0	0	-1
745	102.9658	103.0048	66	None	None	0	1	7.322627637634662
746	103.0048	103.0438	68	None	None	0	0	-1
747	103.0438	103.0828	70	None	None	0	0	-1
748	103.0828	103.1218	73	None	None	0	0	-1
749	103.1218	103.1608	75	None	None	0	0	-1
750	103.4800	207.0663	67	None	None	0	0	-1
751	103.4800	207.0663	71	None	None	0	0	-1
752	103.4800	207.0663	74	None	None	0	1	24.250356385359144
753	103.4800	207.0663	79	None	None	0	2	24.48432932151794
754	104.0119	208.8748	87	None	None	0	2	25.010412257207484
755	104.0119	208.8748	90	None	None	0	0	-1
756	104.0119	208.8748	94	None	None	0	0	-1
757	104.0119	208.8748	99	None	None	0	0	-1
758	104.6324	104.6714	63	None	None	0	0	-1
759	104.6714	104.7105	66	None	None	0	1	7.3347080448583695
760	104.7105	104.7495	68	None	None	0	0	-1
761	104.7495	104.7885	70	None	None	0	0	-1
762	104.7885	104.8275	73	None	None	0	0	-1
763	104.8275	104.8665	75	None	None	0	0	-1
764	105.1821	210.4706	67	None	None	0	0	-1
765	105.1821	210.4706	71	None	None	0	1	27.54425963535831
766	105.1821	210.4706	74	None	None	0	2	43.22606737523188
767	105.1821	210.4706	79	None	None	0	3	43.8016399900806
768	105.5012	211.2152	85	None	None	0	1	24.456392499195037
769	105.5012	211.2152	97	None	None	0	4	23.149755574566854
770	105.7175	105.7335	99	None	None	0	5	30.53852820315184
771	105.7335	105.7495	97	None	None	0	4	42.218707221968906
772	105.7495	105.7654	95	None	None	0	3	43.34540307375296
773	105.7654	105.7814	92	None	None	0	2	43.67251675635359
774	105.7814	105.7973	85	None	None	0	1	29.027366035517268
775	105.8612	105.8771	87	None	None	0	5	30.538528203155526
776	105.8771	105.8931	85	None	None	0	4	42.218707221972636
777	105.8931	105.9090	83	None	None	0	3	42.0671185895509
778	105.9090	105.9250	80	None	None	0	2	44.95100503815007
779	105.9250	105.9410	73	None	None	0	0	-1
780	106.0048	106.0207	75	None	None	0	0	-1
781	106.0207	106.0367	73	None	None	0	0	-1
782	106.0367	106.0527	71	None	None	0	0	-1
783	106.0527	106.0686	68	None	None	0	0	-1
784	106.0686	106.0846	61	None	None	0	0	-1
785	106.5739	213.9989	68	None	None	0	0	-1
786	106.5739	213.9989	80	None	None	0	1	25.472140293779614
787	107.4250	107.4410	99	None	None	0	5	30.538528203152378
788	107.4410	107.4569	97	None	None	0	4	42.21870722196908
789	107.4569	107.4729	95	None	None	0	3	43.34540307375314
790	107.4729	107.4888	92	None	None	0	2	43.67251675635386
791	107.4888	107.5048	85	None	None	0	1	29.02736603551741
792	107.5686	107.5846	87	None	None	0	5	30.538528203155778
793	107.5846	107.6005	85	None	None	0	4	42.21870722197312
794	107.6005	107.6165	83	None	None	0	3	42.01744663838435
795	107.6165	107.6324	80	None	None	0	2	44.816401301867785
796	107.6324	107.6484	73	None	None	0	1	30.02856442333008
797	107.7122	107.7282	75	None	None	0	5	22.874368285375162
798	107.7282	107.7441	73	None	None	0	4	22.478797256831548
799	107.7441	107.7601	71	None	None	0	3	23.737850059709736
800	107.7601	107.7761	68	None	None	0	2	25.285836936264463
801	107.7761	107.7920	61	None	None	0	1	13.629657073027822
802	108.3878	216.8819	70	None	None	0	2	13.871487642899165
803	108.3878	216.8819	82	None	None	0	5	21.962408519676703
804	109.2743	218.6195	70	None	None	0	1	21.056488577533557
805	109.2743	218.6195	82	None	None	0	5	20.511068251433787
806	109.4161	218.9032	71	None	None	0	1	22.046229674314986
807	109.4161	218.9032	83	None	None	0	2	17.90461828982159
808	111.4729	111.5438	89	None	None	0	3	18.071959303289717
809	111.5438	111.6147	93	None	None	0	1	6.555136702167345
810	111.6147	111.6856	96	None	None	0	3	5.515193578909819
811	111.6856	112.5367	101	None	None	0	5	6.680713589341691
812	112.6431	112.7495	96	None	None	0	4	6.970397643593573
813	112.7495	112.8558	93	None	None	0	2	6.9582842415317065
814	112.8558	112.9622	89	None	None	0	1	7.0846097201767835
815	112.9622	113.0686	101	None	None	0	5	7.084609720176646
816	113.0686	113.1750	96	None	None	0	4	6.970397643593473
817	113.1750	113.2814	93	None	None	0	2	6.9582842415316595
818	113.2814	113.3878	89	None	None	0	1	7.084609720176612
819	113.3878	113.4941	101	None	None	0	5	7.084609720176612
820	113.4941	113.6005	96	None	None	0	4	6.9703976435934045
821	113.6005	113.7069	93	None	None	0	2	6.95828424153154
822	113.7069	113.8133	89	None	None	0	1	7.084609720176613
823	113.8133	113.9197	101	None	None	0	5	7.084609720176749
824	113.9197	114.0261	96	None	None	0	4	6.970397643593482
825	114.0261	114.1324	93	None	None	0	2	6.958284241531623
826	114.1324	114.2388	89	None	None	0	1	7.084609720176814
827	114.2388	114.3452	101	None	None	0	5	7.084609720176813
828	114.3452	114.4516	96	None	None	0	4	6.970397643593607
829	114.4516	114.5580	93	None	None	0	2	6.95828424153174
830	114.5580	114.6644	89	None	None	0	1	7.084609720176814
831	114.6644	114.7707	101	None	None	0	5	7.084609720176813
832	114.7707	114.8771	96	None	None	0	4	6.970397643593634
833	114.8771	114.9835	93	None	None	0	2	6.958284241531703
834	114.9835	115.0899	89	None	None	0	1	7.084609720176719
835	115.0899	115.1963	101	None	None	0	5	5.0858983799705175
836	115.1963	115.3027	96	None	None	0	4	8.6178203240057
837	115.3027	115.4090	93	None	None	0	2	10.303313696612385
838	115.4090	115.5154	89	None	None	0	1	15.11358411061983
839	115.5154	115.6218	101	None	None	0	5	15.11358411061983
840	115.6218	115.7282	96	None	None	0	4	12.929326215021712
841	115.7282	115.8346	93	None	None	0	3	12.892986008836202
842	115.8346	115.9410	89	None	None	0	2	12.081388070691796
843	115.9410	116.0473	89	None	None	0	5	5.085898379970579
844	116.0473	116.1537	84	None	None	0	4	8.617820324006054
845	116.1537	116.2601	81	None	None	0	2	10.303313696612863
846	116.2601	116.3665	77	None	None	0	1	15.113584110620682
847	116.3665	116.4729	89	None	None	0	5	15.113584110620684
848	116.4729	116.5792	84	None	None	0	4	12.929326215022567
849	116.5792	116.6856	81	None	None	0	3	12.892986008836994
850	116.6856	116.7920	77	None	None	0	2	12.081388070692729
851	116.7920	116.8984	77	None	None	0	5	7.084609720176749
852	116.8984	117.0048	72	None	None	0	4	7.114732439395654
853	117.0048	117.1112	69	None	None	0	2	7.35097442380251
854	117.1112	117.2175	65	None	None	0	1	7.528563576142328
855	117.2175	117.3239	77	None	None	0	5	5.603382578577627
856	117.3239	117.4303	72	None	None	0	4	6.145989442564048
857	117.4303	117.5367	69	None	None	0	2	6.158855162344186
858	117.5367	117.6431	65	None	None	0	1	6.106940582079088
859	117.6431	117.7034	77	None	None	0	5	8.370265684463543
860	117.7034	117.7636	72	None	None	0	4	10.69154682155904
861	117.7636	117.8239	69	None	None	0	2	14.13453716325106
862	117.8239	117.8842	65	None	None	0	1	14.067691397213332
863	117.8842	117.9445	69	None	None	0	2	18.256197440044282
864	117.9445	118.0048	72	None	None	0	1	14.684467206998495
865	118.0048	118.0651	77	None	None	0	2	17.34313342565415
866	118.0651	118.1253	77	None	None	0	1	14.21623291393077
867	118.1253	118.1856	81	None	None	0	2	14.786691613678057
868	118.1856	118.2459	84	None	None	0	1	8.591695851859859
869	118.2459	118.3062	89	None	None	0	2	10.221846654845185
870	118.3062	118.3665	89	None	None	0	1	25.132802180315043
871	118.3665	118.4268	93	None	None	0	2	26.63256008788486
872	118.4268	118.4871	96	None	None	0	3	26.292265464101693
873	118.4871	118.6998	101	None	None	0	5	26.46635578452626
874	118.9197	118.9356	99	None	None	0	3	32.04959685495993
875	118.9356	118.9516	97	None	None	0	2	45.83944736749727
876	118.9516	118.9675	95	None	None	0	1	46.350153704209404
877	118.9675	118.9835	92	None	None	0	4	28.833591108959734
878	118.9835	118.9995	85	None	None	0	2	26.37271299624626
879	119.0633	119.0792	87	None	None	0	5	30.53852820315402
880	119.0792	119.0952	85	None	None	0	4	42.21870722197189
881	119.0952	119.1112	83	None	None	0	3	42.0671185895501
882	119.1112	119.1271	80	None	None	0	2	44.951005038149326
883	119.1271	119.1431	73	None	None	0	0	-1
884	119.2069	119.2229	75	None	None	0	0	-1
885	119.2229	119.2388	73	None	None	0	0	-1
886	119.2388	119.2548	71	None	None	0	0	-1
887	119.2548	119.2707	68	None	None	0	0	-1
888	119.2707	119.2867	61	None	None	0	0	-1
889	119.7761	240.4032	68	None	None	0	0	-1
890	119.7761	240.4032	80	None	None	0	1	25.472140293784786
891	120.6271	120.6431	99	None	None	0	5	30.53852820315762
892	120.6431	120.6590	97	None	None	0	4	42.218707221975635
893	120.6590	120.6750	95	None	None	0	3	43.34540307375964
894	120.6750	120.6910	92	None	None	0	2	43.67251675636036
895	120.6910	120.7069	85	None	None	0	1	29.027366035518007
896	120.7707	120.7867	87	None	None	0	5	30.538528203153444
897	120.7867	120.8027	85	None	None	0	4	42.2187072219707
898	120.8027	120.8186	83	None	None	0	3	42.01744663838199
899	120.8186	120.8346	80	None	None	0	2	44.81640130186537
900	120.8346	120.8505	73	None	None	0	1	30.028564423329573
901	120.9144	120.9303	75	None	None	0	5	22.874368285379006
902	120.9303	120.9463	73	None	None	0	4	22.47879725683522
903	120.9463	120.9622	71	None	None	0	3	23.737850059713367
904	120.9622	120.9782	68	None	None	0	2	23.28631921745888
905	120.9782	120.9941	61	None	None	0	1	8.088336798651273
906	121.5899	243.2862	70	None	None	0	2	9.118745681190534
907	121.5899	243.2862	82	None	None	0	5	9.278395776585226
908	122.4764	245.0237	70	None	None	0	1	15.328660868561748
909	122.4764	245.0237	82	None	None	0	5	14.876734855994949
910	122.6183	245.3074	71	None	None	0	1	26.8777645590204
911	122.6183	245.3074	83	None	None	0	5	34.33582935905399
912	123.3275	246.7259	72	None	None	0	1	35.44774700191923
913	123.3275	246.7259	84	None	None	0	5	45.92658294249924
914	123.4693	247.0096	73	None	None	0	2	43.80963685832407
915	123.4693	247.0096	85	None	None	0	5	38.5875263446747
916	124.1431	124.2495	65	None	None	0	1	37.25008792654598
917	124.2495	124.3558	73	None	None	0	2	35.59674182748467
918	124.3558	124.4622	71	None	None	0	1	26.401131452750516
919	124.4622	124.5686	75	None	None	0	5	7.011306658415289
920	124.5686	124.6750	74	None	None	0	4	6.111304114529612
921	124.6750	124.8878	66	None	None	0	1	5.990023690695422
922	124.9941	125.1005	67	None	None	0	2	12.75089637222872
923	125.1005	125.2069	75	None	None	0	5	11.758716725455779
924	125.2069	125.3133	73	None	None	0	3	14.551840950349613
925	125.3133	125.4197	77	None	None	0	5	15.720135317065475
926	125.4197	125.5261	76	None	None	0	4	20.88600883387504
927	125.5261	125.7388	68	None	None	0	1	20.83138669046683
928	125.8452	251.7968	72	None	None	0	3	28.12863536909998
929	125.8452	251.7968	74	None	None	0	4	28.375568792808746
930	125.9516	252.0096	84	None	None	0	4	24.002005750754062
931	125.9516	252.0096	86	None	None	0	5	24.825284469458087
932	126.0580	252.2223	72	None	None	0	1	22.895969149810142
933	126.0580	252.2223	74	None	None	0	3	20.851126558052357
934	126.2707	252.6479	84	None	None	0	3	23.499829632802378
935	126.2707	252.6479	86	None	None	0	4	23.665291824879354
936	126.3771	252.8606	96	None	None	0	4	19.291728782823824
937	126.3771	252.8606	98	None	None	0	5	20.115007501527717
938	126.4835	253.0734	84	None	None	0	1	24.899977896165744
939	126.4835	253.0734	86	None	None	0	4	22.569663973018326
940	126.6963	253.4989	84	None	None	0	3	30.094217387904752
941	126.6963	253.4989	86	None	None	0	4	30.259679579981746
942	126.8027	253.7117	96	None	None	0	4	25.88611653792638
943	126.8027	253.7117	98	None	None	0	5	26.709395256630277
944	126.9090	253.9245	84	None	None	0	1	31.434408823666722
945	126.9090	253.9245	86	None	None	0	5	23.064075466956577
946	127.1218	254.3500	72	None	None	0	1	33.93619583014187
947	127.1218	254.3500	74	None	None	0	2	42.1955326536376
948	127.2282	254.5628	84	None	None	0	2	34.78126534877696
949	127.2282	254.5628	86	None	None	0	3	45.371839722855775
950	127.3346	254.7755	72	None	None	0	3	36.01523802806793
951	127.3346	254.7755	74	None	None	0	4	37.00741767484066
952	127.5473	127.6537	65	None	None	0	1	37.250087926544644
953	127.6537	127.7601	73	None	None	0	2	35.59674182748324
954	127.7601	127.8665	71	None	None	0	1	26.401131452749055
955	127.8665	127.9729	75	None	None	0	5	7.011306658415224
956	127.9729	128.0792	74	None	None	0	4	6.055067711338736
957	128.0792	128.2920	66	None	None	0	1	7.665140735393633
958	128.3984	128.5048	67	None	None	0	2	7.125285221869285
959	128.5048	128.6112	75	None	None	0	5	6.13952622755005
960	128.6112	128.7175	73	None	None	0	3	5.515589883252914
961	128.7175	128.8239	77	None	None	0	5	9.32229858477451
962	128.8239	128.9303	76	None	None	0	4	15.174609990436942
963	128.9303	129.1431	68	None	None	0	1	16.507608606940728
964	129.2495	129.3558	71	None	None	0	2	29.335942955752692
965	129.3558	129.4622	79	None	None	0	5	28.254629545508934
966	129.4622	129.5686	77	None	None	0	4	28.549979558366328
967	129.5686	129.6750	80	None	None	0	5	29.86427806361643
968	129.6750	129.7814	79	None	None	0	0	-1
969	129.7814	129.8878	70	None	None	0	0	-1
970	129.8878	129.9941	68	None	None	0	0	-1
971	129.9941	130.1005	66	None	None	0	0	-1
972	130.1005	130.2069	58	None	None	0	0	-1
973	130.2069	130.3133	66	None	None	0	0	-1
974	130.3133	130.4197	68	None	None	0	0	-1
975	130.4197	130.5261	70	None	None	0	1	9.708975167552794
976	130.5261	130.6324	78	None	None	0	4	15.201730035822779
977	130.6324	130.7388	80	None	None	0	5	16.07017556304944
978	130.9516	131.0580	71	None	None	0	1	28.97903021642994
979	131.0580	131.1644	79	None	None	0	5	28.254629545508486
980	131.1644	131.2707	77	None	None	0	4	28.549979558365948
981	131.2707	131.3771	80	None	None	0	5	29.864278063616116
982	131.3771	131.4835	79	None	None	0	0	-1
983	131.4835	131.5899	70	None	None	0	0	-1
984	131.5899	131.6963	68	None	None	0	0	-1
985	131.6963	131.8027	66	None	None	0	0	-1
986	131.8027	131.9090	58	None	None	0	0	-1
987	131.9090	132.0154	66	None	None	0	0	-1
988	132.0154	132.1218	68	None	None	0	0	-1
989	132.1218	132.2282	70	None	None	0	1	14.359788275666844
990	132.2282	132.3346	78	None	None	0	4	14.121846449451711
991	132.3346	132.4410	80	None	None	0	5	13.435214322374136
992	132.4410	132.5473	70	None	None	0	1	22.46705342399359
993	132.5473	132.6537	68	None	None	0	0	-1
994	132.6537	132.7601	66	None	None	0	0	-1
995	132.7601	132.8665	59	None	None	0	0	-1
996	132.8665	132.9729	66	None	None	0	0	-1
997	132.9729	133.0792	68	None	None	0	0	-1
998	133.0792	133.1856	66	None	None	0	5	11.770785489243124
999	133.1856	133.2920	59	None	None	0	2	13.694220688064686
1000	133.2920	133.3984	54	None	None	0	1	13.356775916341599
1001	138.5048	138.6112	84	None	None	0	5	14.234914811159108
1002	138.6112	277.5415	79	None	None	0	1	11.003486453078695
1003	138.6112	277.5415	91	None	None	0	5	9.684079671305582
1004	140.2122	140.3186	84	None	None	0	2	12.057561545141276
1005	140.3186	280.7436	81	None	None	0	1	14.353677938590076
1006	140.3186	280.7436	93	None	None	0	5	14.060611739666472
1007	140.4250	281.4883	79	None	None	0	1	12.712050623054015
1008	140.4250	281.4883	91	None	None	0	5	13.149975284713015
1009	141.1395	282.3500	72	None	None	0	1	19.293058394786147
1010	141.1395	282.3500	84	None	None	0	2	19.906577195281837
1011	141.2814	282.6337	81	None	None	0	1	32.2602541650447
1012	141.2814	282.6337	93	None	None	0	5	39.49565321183202
1013	141.4232	282.9174	79	None	None	0	1	47.089204531383054
1014	141.4232	282.9174	91	None	None	0	5	52.91623586367074
1015	141.5651	283.2011	82	None	None	0	1	93.9105197755864
1016	141.5651	283.2011	94	None	None	0	5	99.127751713442
1017	141.7069	283.4847	80	None	None	0	1	96.5957318485262
1018	141.7069	283.4847	92	None	None	0	5	95.18016884944315
1019	141.8488	283.7684	73	None	None	0	1	83.93164907624568
1020	141.8488	283.7684	85	None	None	0	2	83.08607661509143
1021	141.9197	284.6904	83	None	None	0	2	74.62600681400566
1022	141.9197	284.6904	95	None	None	0	5	75.64307485104172
1023	142.1679	142.2034	70	None	None	0	1	40.887999795622235
1024	142.2388	142.2743	68	None	None	0	4	37.58914480134594
1025	142.3097	142.3452	61	None	None	0	2	35.70058854952126
1026	142.3807	142.4161	58	None	None	0	1	40.726357932950414
1027	142.4516	142.4871	56	None	None	0	4	29.369871891253016
1028	142.5225	142.5580	49	None	None	0	2	27.03138927713087
1029	142.5934	142.6289	46	None	None	0	1	28.821149824035956
1030	142.6644	142.6998	44	None	None	0	4	21.618966110675952
1031	142.7353	142.7707	37	None	None	0	1	20.622715931108072
1032	143.6218	143.7282	84	None	None	0	5	14.234914811159538
1033	143.7282	287.7755	79	None	None	0	1	11.003486453079143
1034	143.7282	287.7755	91	None	None	0	5	9.684079671305954
1035	145.3292	145.4356	84	None	None	0	2	12.057561545141564
1036	145.4356	290.9776	81	None	None	0	1	14.353677938590375
1037	145.4356	290.9776	93	None	None	0	5	14.060611739667044
1038	145.5420	291.7223	79	None	None	0	1	12.71205062305437
1039	145.5420	291.7223	91	None	None	0	5	13.149975284713385
1040	146.2566	292.5840	72	None	None	0	1	19.29305839478554
1041	146.2566	292.5840	84	None	None	0	2	19.906577195280875
1042	146.3984	292.8677	81	None	None	0	1	32.26025416504359
1043	146.3984	292.8677	93	None	None	0	5	39.49565321183127
1044	146.5402	293.1514	79	None	None	0	1	37.834310565915715
1045	146.5402	293.1514	91	None	None	0	5	37.83431062593852
1046	146.6821	293.4351	82	None	None	0	1	37.110703546933856
1047	146.6821	293.4351	94	None	None	0	5	39.532571972391196
1048	146.8239	293.7188	80	None	None	0	1	34.053833033726384
1049	146.8239	293.7188	92	None	None	0	2	32.086064937831225
1050	146.9658	294.0025	73	None	None	0	2	19.659221799927202
1051	146.9658	294.0025	85	None	None	0	5	14.664118231907715
1052	147.1076	294.2862	74	None	None	0	1	23.650136116578572
1053	147.1076	294.2862	86	None	None	0	2	20.593265458120456
1054	147.2495	294.5698	83	None	None	0	1	32.94694242788201
1055	147.2495	294.5698	95	None	None	0	5	40.182341474668135
1056	147.3913	294.8535	81	None	None	0	1	39.48994867329167
1057	147.3913	294.8535	93	None	None	0	4	37.55764399105422
1058	147.5332	295.1372	84	None	None	0	1	39.37077390657696
1059	147.5332	295.1372	96	None	None	0	5	41.03559487013912
1060	147.6750	295.4209	82	None	None	0	1	35.81416106946871
1061	147.6750	295.4209	94	None	None	0	5	33.50108580322696
1062	147.8168	295.7046	75	None	None	0	1	15.128821329646081
1063	147.8168	295.7046	87	None	None	0	2	9.51566586126109
1064	147.8878	296.2011	84	None	None	0	1	17.49345533977906
1065	147.8878	296.2011	87	None	None	0	2	17.003241522077506
1066	147.8878	296.2011	91	None	None	0	3	15.222713300076256
1067	147.8878	296.2011	96	None	None	0	5	14.77664189924494
1068	148.3133	297.0521	82	None	None	0	1	11.96248631798406
1069	148.3133	297.0521	87	None	None	0	2	11.477943229493597
1070	148.3133	297.0521	91	None	None	0	4	12.336578198325952
1071	148.3133	297.0521	94	None	None	0	5	13.838336543364393
1072	148.7388	297.9032	75	None	None	0	1	6.475048515603065
1073	148.7388	297.9032	79	None	None	0	2	6.308210748107417
1074	148.7388	297.9032	82	None	None	0	3	6.7540467469039465
1075	148.7388	297.9032	87	None	None	0	5	6.5024187930908575
1076	149.1644	298.7542	85	None	None	0	1	5.949764612476006
1077	149.1644	298.7542	88	None	None	0	2	5.994617128381136
1078	149.1644	298.7542	92	None	None	0	3	5.540222838460515
1079	149.1644	298.7542	97	None	None	0	5	5.424086859777528
1080	149.5899	299.6053	83	None	None	0	1	5.725821966775796
1081	149.5899	299.6053	88	None	None	0	2	5.496122718655494
1082	149.5899	299.6053	92	None	None	0	4	5.839784356725038
1083	149.5899	299.6053	95	None	None	0	5	6.415948525158951
1084	150.0154	300.4564	76	None	None	0	1	4.886885482938139
1085	150.0154	300.4564	80	None	None	0	2	4.72004771544249
1086	150.0154	300.4564	83	None	None	0	3	5.053421213289686
1087	150.0154	300.4564	88	None	None	0	5	5.268339518668532
1088	150.4410	301.3074	86	None	None	0	1	5.390664562046207
1089	150.4410	301.3074	89	None	None	0	2	5.390664562046211
1090	150.4410	301.3074	93	None	None	0	3	5.390664562046207
1091	150.4410	301.3074	98	None	None	0	5	5.390664562046207
1092	150.8665	302.1585	84	None	None	0	1	5.666915285007455
1093	150.8665	302.1585	89	None	None	0	2	5.717660957463658
1094	150.8665	302.1585	93	None	None	0	3	5.904168893971593
1095	150.8665	302.1585	96	None	None	0	5	7.169650592723983
1096	151.2920	303.0096	77	None	None	0	1	8.161842611231794
1097	151.2920	303.0096	81	None	None	0	2	8.26297700315566
1098	151.2920	303.0096	84	None	None	0	3	8.449484939663598
1099	151.2920	303.0096	89	None	None	0	5	8.872647068887765
1100	151.7175	303.8606	87	None	None	0	1	14.388864696289204
1101	151.7175	303.8606	90	None	None	0	2	14.388864696289199
1102	151.7175	303.8606	94	None	None	0	3	14.388864696289184
1103	151.7175	303.8606	99	None	None	0	5	14.388864696289163
1104	152.1431	304.7117	85	None	None	0	0	-1
1105	152.1431	304.7117	90	None	None	0	0	-1
1106	152.1431	304.7117	94	None	None	0	0	-1
1107	152.1431	304.7117	97	None	None	0	0	-1
1108	152.5686	305.5628	78	None	None	0	0	-1
1109	152.5686	305.5628	82	None	None	0	0	-1
1110	152.5686	305.5628	85	None	None	0	0	-1
1111	152.5686	305.5628	90	None	None	0	1	16.55524585466785
1112	153.8452	153.8789	104	None	None	0	5	25.530542977709345
1113	153.8789	153.9126	102	None	None	0	4	24.858965977226386
1114	153.9126	153.9463	99	None	None	0	3	33.14026929377715
1115	153.9463	153.9800	97	None	None	0	2	35.25339938822082
1116	153.9800	154.0136	94	None	None	0	1	35.253399388220764
1117	154.0136	154.0473	92	None	None	0	3	33.38167354130066
1118	154.0473	154.0810	90	None	None	0	2	32.972939146541336
1119	154.0810	154.1147	87	None	None	0	1	42.249970852229644
1120	154.1147	154.1484	85	None	None	0	2	35.25340073627657
1121	154.1484	154.1821	82	None	None	0	1	35.253400719269855
1122	154.1821	154.2158	80	None	None	0	3	33.381674130238636
1123	154.2158	154.2495	78	None	None	0	2	32.972939795513
1124	154.2495	154.2832	75	None	None	0	1	42.24997117331323
1125	154.2832	154.3168	73	None	None	0	2	35.25340002018565
1126	154.3168	154.3505	70	None	None	0	1	35.25340003719234
1127	154.3505	154.3842	68	None	None	0	3	33.38167282520979
1128	154.3842	154.4179	66	None	None	0	2	32.972938447457175
1129	154.4179	154.4516	63	None	None	0	1	42.249970131268995
1130	154.4516	154.4853	61	None	None	0	2	35.1673497505731
1131	154.4853	154.5190	58	None	None	0	1	38.61962117068719
1132	154.5190	154.5527	56	None	None	0	3	26.96231345639523
1133	154.5527	154.5863	54	None	None	0	2	26.286432426516836
1134	154.5863	154.6200	51	None	None	0	1	26.398406653511838
1135	154.6200	154.6537	49	None	None	0	4	8.796760597802594
1136	154.6537	154.6874	46	None	None	0	3	7.8844898242383685
1137	154.6874	154.7406	44	None	None	0	2	7.249817585568765
1138	154.7406	154.7938	42	None	None	0	1	1.7477471921937386
1139	164.4622	164.6289	79	None	None	0	5	1.2320535737434013
1140	164.6289	165.9622	79	None	None	0	5	1.3108534076304448
1141	166.2956	166.6289	79	None	None	0	5	2.986422765808496
1142	166.6289	167.1289	76	None	None	0	4	4.161752329655511
1143	167.1289	167.2956	72	None	None	0	2	4.1885739016578025
1144	167.2956	169.9622	74	None	None	0	3	4.1885739016578025
1145	171.9622	172.6289	67	None	None	0	1	4.1885739016578025
1146	172.6289	173.9622	72	None	None	0	2	4.1885739016578025
1147	173.9622	175.2956	74	None	None	0	3	4.1885739016578025
1148	175.2956	176.6289	76	None	None	0	1	4.1885739016578025
1149	176.6289	353.5911	85	None	None	0	2	4.1885739016578025
1150	176.6289	353.5911	97	None	None	0	5	4.1885739016578025
1151	179.2956	358.9245	85	None	None	0	2	4.1885739016578025
1152	179.2956	358.9245	97	None	None	0	0	4.1885739016578025
