0	0.0000	0.3750	63	None	None	0	1	2.532217857579706
1	0.0000	0.3750	75	None	None	0	5	2.473872737353398
2	0.3750	1.8750	63	None	None	0	1	3.50978345867371
3	0.3750	1.5000	75	None	None	0	5	5.043590038123448
4	1.1250	1.3125	74	None	None	0	4	6.0662324135980805
5	1.3125	1.5000	72	None	None	0	3	7.6138514408467595
6	1.8750	2.0000	62	None	None	0	1	7.140309094414643
7	2.0000	2.1250	65	None	None	0	2	7.956349195247285
8	2.1250	2.2500	71	None	None	0	3	6.903484520791119
9	2.6250	2.7500	71	None	None	0	2	7.340663417242916
10	2.7500	2.8750	74	None	None	0	3	10.872858694458317
11	2.8750	3.0000	77	None	None	0	5	10.57603326746537
12	3.0000	6.3750	65	None	None	0	1	9.805310190726201
13	3.0000	6.3750	77	None	None	0	5	8.141513441682685
14	3.3750	7.8750	65	None	None	0	1	10.878895515391893
15	3.3750	7.5000	77	None	None	0	5	17.045973973005665
16	4.1250	4.3125	75	None	None	0	4	19.413212507760303
17	4.3125	4.5000	74	None	None	0	3	21.280707302676333
18	4.8750	5.0000	63	None	None	0	1	18.83364152502465
19	5.0000	5.1250	67	None	None	0	2	19.561837021603594
20	5.1250	5.2500	72	None	None	0	1	11.015384910679202
21	5.6250	5.7500	75	None	None	0	2	10.95324134866164
22	5.7500	5.8750	79	None	None	0	3	9.532606443811549
23	5.8750	6.0000	84	None	None	0	5	9.213955636095502
24	6.0000	12.3750	73	None	None	0	1	6.753638203114907
25	6.0000	12.3750	85	None	None	0	5	5.4948390603727875
26	6.3750	13.5000	73	None	None	0	1	3.3895759024780503
27	6.3750	13.5000	85	None	None	0	5	3.616563331524972
28	7.1250	7.3125	84	None	None	0	4	3.305872388481088
29	7.3125	7.5000	82	None	None	0	3	5.19491812535291
30	7.5000	7.6875	82	None	None	0	5	2.9178743961352698
31	7.6875	7.8750	80	None	None	0	4	3.8416149068323038
32	7.8750	8.0625	80	None	None	0	5	2.7626639061421727
33	8.0625	8.2500	79	None	None	0	4	3.100508187464718
34	8.2500	8.4375	79	None	None	0	5	2.022893531589192
35	8.4375	8.6250	77	None	None	0	4	2.5003952569170114
36	8.6250	8.8125	77	None	None	0	4	2.5003952569170114
37	8.8125	9.0000	75	None	None	0	3	3.231055900621131
38	9.0000	9.1875	75	None	None	0	4	2.9655969634230623
39	9.1875	9.3750	74	None	None	0	3	3.1084541062802016
40	9.3750	9.5625	74	None	None	0	4	3.889238883959395
41	9.5625	9.7500	75	None	None	0	5	4.186611456176677
42	9.7500	9.9375	75	None	None	0	5	7.968288474810222
43	9.9375	10.1250	74	None	None	0	4	7.801276742581092
44	10.1250	10.3125	74	None	None	0	5	7.525051759834367
45	10.3125	10.5000	72	None	None	0	4	7.927398205659076
46	10.5000	10.6875	72	None	None	0	4	9.150379572118709
47	10.6875	10.8750	71	None	None	0	3	12.072325741890953
48	10.8750	11.0625	69	None	None	0	2	13.66856634339471
49	11.0625	11.2500	67	None	None	0	1	14.209494751371173
50	11.2500	11.4375	66	None	None	0	2	10.738508675781514
51	11.4375	11.6250	67	None	None	0	3	10.27267016646474
52	11.6250	11.8125	68	None	None	0	4	10.229585801190058
53	11.8125	12.0000	67	None	None	0	2	8.826480210545949
54	12.0000	24.3750	63	None	None	0	1	7.712071818784923
55	12.0000	24.3750	75	None	None	0	5	6.087977614113061
56	12.3750	25.8750	63	None	None	0	1	6.523609537828265
57	12.3750	25.5000	75	None	None	0	5	6.9799195777657514
58	13.1250	13.3125	74	None	None	0	4	6.669228634721865
59	13.3125	13.5000	72	None	None	0	3	6.5690302199621655
60	13.8750	14.0000	62	None	None	0	1	5.5220087211035285
61	14.0000	14.1250	65	None	None	0	2	5.557503709154218
62	14.1250	14.2500	71	None	None	0	1	3.064152818069482
63	14.6250	14.7500	74	None	None	0	2	3.137588859234425
64	14.7500	14.8750	77	None	None	0	1	1.7018854114466446
65	14.8750	15.0000	80	None	None	0	3	0.8263176059749244
66	15.0000	30.3750	80	None	None	0	3	2.667426943786168
67	15.0000	30.3750	84	None	None	0	5	3.0842920185194163
68	15.3750	31.5000	80	None	None	0	3	3.7294550258017116
69	15.3750	31.5000	84	None	None	0	5	4.3740939638523235
70	16.1250	32.4375	79	None	None	0	4	5.221955782603664
71	16.1250	32.4375	82	None	None	0	5	8.911962876819985
72	16.3125	32.8125	77	None	None	0	4	8.356696581075546
73	16.3125	32.8125	80	None	None	0	5	8.963198591503637
74	16.8750	17.0000	67	None	None	0	1	8.709799379104053
75	17.0000	17.1250	70	None	None	0	2	9.683322302716965
76	17.1250	17.2500	75	None	None	0	3	11.914583271334367
77	17.6250	17.7500	79	None	None	0	1	12.045326239587471
78	17.7500	17.8750	82	None	None	0	3	12.480694194209942
79	17.8750	18.0000	87	None	None	0	5	14.554673795997546
80	18.3750	18.5000	87	None	None	0	5	19.03059987501297
81	18.5000	18.6250	86	None	None	0	4	19.355952563333503
82	18.6250	18.7500	84	None	None	0	3	19.85929424277284
83	18.7500	18.8750	82	None	None	0	2	19.957751031802335
84	18.8750	19.0000	80	None	None	0	1	16.480117603872255
85	19.0000	19.1250	79	None	None	0	3	10.810276172822736
86	19.1250	19.2500	77	None	None	0	2	11.551546005856242
87	19.2500	19.3750	75	None	None	0	1	16.52257792320207
88	19.3750	19.5000	74	None	None	0	2	13.428530177461242
89	19.5000	19.8750	72	None	None	0	1	13.418609574039749
90	19.8750	20.0000	84	None	None	0	5	12.803363130208876
91	20.0000	20.1250	82	None	None	0	4	14.277128545932449
92	20.1250	20.2500	80	None	None	0	3	13.945238206666765
93	20.2500	20.3750	79	None	None	0	2	13.02559441191808
94	20.3750	20.5000	77	None	None	0	1	12.469256610383946
95	20.5000	20.6250	75	None	None	0	4	4.815506032439771
96	20.6250	20.7500	74	None	None	0	3	4.995944885313515
97	20.7500	20.8750	75	None	None	0	4	3.688247007642801
98	20.8750	21.0000	72	None	None	0	3	3.5459415955168736
99	21.0000	21.3750	70	None	None	0	1	2.3745467285797788
100	21.3750	43.1250	70	None	None	0	1	2.4241707887301565
101	21.3750	43.1250	75	None	None	0	2	1.878169421676158
102	21.3750	43.1250	79	None	None	0	4	2.228360375250575
103	21.3750	43.1250	82	None	None	0	5	3.01198784815443
104	22.1250	44.6250	65	None	None	0	1	1.8712315456334223
105	22.1250	44.6250	68	None	None	0	2	1.7117777641208174
106	22.1250	44.6250	70	None	None	0	3	2.3483044615904247
107	22.1250	44.6250	74	None	None	0	4	2.0781152538318497
108	22.5000	45.7500	67	None	None	0	1	1.934931206757646
109	22.5000	45.7500	70	None	None	0	2	2.5485238618647985
110	22.5000	45.7500	75	None	None	0	3	1.680444572732878
111	24.3750	24.7500	79	None	None	0	4	1.4826346470748502
112	24.7500	25.1250	79	None	None	0	4	1.5331776713020842
113	25.1250	25.5000	79	None	None	0	4	1.5885634619819935
114	25.5000	26.0625	82	None	None	0	5	1.4146443699317313
115	26.0625	26.2500	80	None	None	0	4	2.2345145282170895
116	26.2500	27.0000	77	None	None	0	3	2.9729548318747794
117	27.3750	27.7500	70	None	None	0	1	2.757253644567557
118	27.7500	28.1250	70	None	None	0	1	3.6758181718277347
119	28.1250	28.5000	70	None	None	0	1	5.049284293041369
120	28.5000	29.2500	77	None	None	0	3	5.431386500819982
121	29.2500	29.6250	75	None	None	0	1	5.529404574821009
122	30.1875	30.3750	79	None	None	0	3	5.444187450504091
123	30.3750	30.5625	78	None	None	0	2	4.8156160219326685
124	30.5625	30.7500	79	None	None	0	4	5.7813793330504435
125	30.7500	30.9375	78	None	None	0	3	8.879826538019383
126	30.9375	31.1250	79	None	None	0	4	8.644491824423806
127	31.1250	31.3125	80	None	None	0	5	7.994935480146972
128	31.3125	31.5000	79	None	None	0	4	7.759600766551394
129	31.5000	32.0625	82	None	None	0	5	8.2324934018664
130	32.0625	32.2500	80	None	None	0	4	8.726295243084156
131	32.2500	33.0000	77	None	None	0	3	10.963096485320182
132	33.1875	33.3750	70	None	None	0	1	9.994786972760139
133	33.3750	33.5625	69	None	None	0	2	6.26302389560681
134	33.5625	33.7500	70	None	None	0	3	5.894079796227921
135	33.7500	33.9375	69	None	None	0	2	5.35308600740804
136	33.9375	34.1250	70	None	None	0	3	4.984141908029151
137	34.1250	34.3125	69	None	None	0	1	3.5822785539918818
138	34.3125	34.5000	70	None	None	0	2	2.40029097635212
139	34.5000	35.2500	77	None	None	0	5	1.94299283970615
140	35.2500	35.6250	75	None	None	0	4	3.626311457008145
141	36.1875	36.3750	72	None	None	0	3	3.9647611943327936
142	36.3750	36.5625	71	None	None	0	2	3.6826613664498358
143	36.5625	36.7500	72	None	None	0	3	4.499558769727543
144	36.7500	36.9375	71	None	None	0	2	4.936825850472886
145	36.9375	37.1250	72	None	None	0	3	5.477819639292763
146	37.1250	37.3125	71	None	None	0	1	4.939310322522581
147	37.3125	37.5000	72	None	None	0	2	4.782167465379722
148	37.5000	38.2500	79	None	None	0	5	5.431235788361083
149	38.2500	38.6250	78	None	None	0	4	6.819269625084182
150	39.1875	39.3750	74	None	None	0	3	6.722541861901122
151	39.3750	39.5625	73	None	None	0	2	6.028711938627465
152	39.5625	39.7500	74	None	None	0	3	6.353664745837311
153	39.7500	39.9375	73	None	None	0	2	6.728306593423028
154	39.9375	40.1250	74	None	None	0	3	7.467088971362759
155	40.1250	40.3125	73	None	None	0	1	7.539609268573958
156	40.3125	40.5000	74	None	None	0	2	6.961900503908676
157	40.5000	40.8750	81	None	None	0	3	6.491184498208144
158	40.8750	41.6250	79	None	None	0	2	6.576148720357727
159	41.6250	41.8125	81	None	None	0	1	5.9285418515232395
160	41.8125	42.0000	83	None	None	0	2	5.258976634131925
161	42.0000	42.1875	84	None	None	0	3	5.867672286305841
162	42.1875	42.3750	86	None	None	0	4	5.570846888898438
163	42.3750	42.5625	87	None	None	0	5	5.2374396383414155
164	42.5625	42.7500	86	None	None	0	3	6.073533450830444
165	42.7500	42.9375	89	None	None	0	5	7.889230069738907
166	42.9375	43.1250	87	None	None	0	4	10.667170802019253
167	43.1250	43.3125	86	None	None	0	3	13.424568559087392
168	43.3125	43.5000	84	None	None	0	2	13.712663790489504
169	43.5000	43.6250	83	None	None	0	1	14.556349129320914
170	43.6250	43.7500	86	None	None	0	5	10.578459165767894
171	43.7500	43.8750	84	None	None	0	4	12.936022854061765
172	43.8750	44.0000	83	None	None	0	3	15.297020625304775
173	44.0000	44.1250	81	None	None	0	2	30.887610325278843
174	44.1250	44.2500	79	None	None	0	1	32.36380074697192
175	44.2500	44.3750	77	None	None	0	3	26.78676100839051
176	44.3750	44.5000	80	None	None	0	4	27.870467964864126
177	44.5000	44.6250	79	None	None	0	3	27.220841426250146
178	44.6250	44.7500	77	None	None	0	2	27.10496841483922
179	44.7500	44.8750	75	None	None	0	1	26.384692903525135
180	44.8750	45.0000	74	None	None	0	4	15.364322286511415
181	45.0000	90.3750	63	None	None	0	1	8.281429967738202
182	45.0000	90.3750	75	None	None	0	5	5.662382377791135
183	45.3750	91.8750	63	None	None	0	1	4.692039842206801
184	45.3750	91.5000	75	None	None	0	5	5.043590038123465
185	46.1250	46.3125	74	None	None	0	4	6.066232413598087
186	46.3125	46.5000	72	None	None	0	3	7.61385144084675
187	46.8750	47.0000	62	None	None	0	1	7.140309094414635
188	47.0000	47.1250	65	None	None	0	2	7.956349195247277
189	47.1250	47.2500	71	None	None	0	3	6.903484520791104
190	47.6250	47.7500	71	None	None	0	2	7.3406634172429
191	47.7500	47.8750	74	None	None	0	3	10.872858694458309
192	47.8750	48.0000	77	None	None	0	5	10.57603326746534
193	48.0000	96.3750	65	None	None	0	1	9.80531019072619
194	48.0000	96.3750	77	None	None	0	5	8.141513441682688
195	48.3750	97.8750	65	None	None	0	1	10.878895515391905
196	48.3750	97.5000	77	None	None	0	5	17.0459739730058
197	49.1250	49.3125	75	None	None	0	4	19.413212507760413
198	49.3125	49.5000	74	None	None	0	3	21.280707302676422
199	49.8750	50.0000	63	None	None	0	1	18.833641525024746
200	50.0000	50.1250	67	None	None	0	2	19.561837021603694
201	50.1250	50.2500	72	None	None	0	1	11.015384910679158
202	50.6250	50.7500	75	None	None	0	2	10.953241348661601
203	50.7500	50.8750	79	None	None	0	3	9.668994583973245
204	50.8750	51.0000	84	None	None	0	5	9.165112582330337
205	51.0000	102.3750	73	None	None	0	1	7.281614556357849
206	51.0000	102.3750	85	None	None	0	5	4.703560755230651
207	51.3750	103.5000	73	None	None	0	1	3.2182436889801176
208	51.3750	103.5000	85	None	None	0	5	2.5310583342890447
209	52.1250	52.3125	84	None	None	0	4	2.573680671711848
210	52.3125	52.5000	82	None	None	0	3	2.4509251663476452
211	52.8750	53.0625	80	None	None	0	2	2.8558904096445654
212	53.0625	53.2500	84	None	None	0	5	3.5056816273786495
213	53.6250	53.8125	74	None	None	0	2	2.8663285276481885
214	53.8125	54.0000	77	None	None	0	4	2.482201543521201
215	54.3750	54.5625	75	None	None	0	3	2.696854814778242
216	54.5625	54.7500	79	None	None	0	5	2.8659541936602344
217	55.1250	55.3125	71	None	None	0	2	2.671345029239745
218	55.3125	55.5000	74	None	None	0	5	5.759153318077783
219	55.6875	55.8750	72	None	None	0	4	7.597481021394048
220	55.8750	56.0625	71	None	None	0	3	9.222293051469238
221	56.0625	56.2500	72	None	None	0	5	8.805146925284213
222	56.2500	56.4375	71	None	None	0	4	8.76663151912175
223	56.4375	56.6250	72	None	None	0	5	8.53752367044869
224	56.6250	56.8125	71	None	None	0	4	8.378542885152122
225	56.8125	57.0000	72	None	None	0	5	8.245426002035243
226	57.0000	114.3750	61	None	None	0	1	7.238524690786106
227	57.0000	114.3750	73	None	None	0	5	5.581692392649456
228	57.3750	115.5000	61	None	None	0	1	3.5882304769907427
229	57.3750	115.5000	73	None	None	0	5	2.3886227620512144
230	58.1250	58.3125	72	None	None	0	4	2.2416811131914103
231	58.3125	58.5000	70	None	None	0	3	2.579184951839404
232	58.6875	58.8750	68	None	None	0	2	2.942375536997953
233	58.8750	59.0625	70	None	None	0	3	3.3415579462490106
234	59.0625	59.2500	71	None	None	0	4	3.0184821407933438
235	59.2500	59.4375	72	None	None	0	5	3.2715877308554573
236	59.4375	59.6250	62	None	None	0	2	2.5182590746582343
237	59.6250	59.8125	65	None	None	0	4	1.9726702972221237
238	59.8125	60.0000	68	None	None	0	5	2.5620237787694604
239	60.1875	60.3750	63	None	None	0	3	3.2126529958472387
240	60.3750	60.5625	67	None	None	0	5	4.633242671491867
241	60.5625	60.7500	60	None	None	0	2	6.891708317137028
242	60.9375	61.1250	62	None	None	0	3	8.868398097708786
243	61.1250	61.3125	65	None	None	0	4	9.291533872063988
244	61.3125	61.5000	59	None	None	0	1	11.588434048547452
245	61.7500	62.0000	60	None	None	0	2	12.274833980180228
246	62.0000	62.2500	61	None	None	0	3	14.706816972015073
247	62.2500	62.5000	62	None	None	0	1	12.536025993259182
248	62.5000	62.7500	63	None	None	0	2	12.155796398706514
249	62.7500	63.0000	64	None	None	0	1	11.87970518128035
250	63.0000	63.2500	65	None	None	0	2	11.071541910201628
251	63.2500	63.5000	66	None	None	0	3	10.510317416396962
252	63.5000	63.7500	67	None	None	0	1	6.186337886331412
253	63.7500	64.0000	68	None	None	0	2	4.957256244899188
254	64.0000	64.2500	69	None	None	0	1	2.1332766328911505
255	64.2500	64.5000	70	None	None	0	2	0.904195017796406
256	64.5000	64.7500	71	None	None	0	3	0.28684807461127243
257	64.7500	65.0000	72	None	None	0	4	0.2346938792274047
258	65.0000	65.2500	72	None	None	0	3	0.4928571463775499
259	65.2500	65.5000	72	None	None	0	3	0.4928571463775499
260	65.5000	65.7500	72	None	None	0	3	0.4928571463775499
261	65.7500	66.0000	72	None	None	0	3	1.4360260873548372
262	66.0000	66.2500	72	None	None	0	3	1.4360260873548372
263	66.2500	66.5000	72	None	None	0	3	1.4360260873548372
264	66.5000	66.7500	72	None	None	0	3	1.4360260873548372
265	66.7500	67.0000	71	None	None	0	2	1.177862820204692
266	67.0000	67.2500	72	None	None	0	3	0.9431689409772873
267	67.2500	67.5000	72	None	None	0	2	1.3157596465864967
268	67.5000	67.7500	72	None	None	0	2	1.3157596465864967
269	67.7500	68.0000	73	None	None	0	3	0.7545351527818299
270	68.0000	68.2500	73	None	None	0	2	0.6173469431851335
271	68.2500	68.5000	73	None	None	0	2	0.6173469431851335
272	68.5000	68.7500	73	None	None	0	2	0.6173469431851335
273	68.7500	69.0000	73	None	None	0	2	1.765552602260364
274	69.0000	69.2500	73	None	None	0	2	2.0132234097137847
275	69.2500	69.5000	74	None	None	0	3	1.671066252588007
276	69.5000	69.7500	74	None	None	0	2	1.3814166509818824
277	69.7500	70.0000	74	None	None	0	3	2.8815207980425317
278	70.0000	70.2500	74	None	None	0	3	3.0698324863542132
279	70.2500	70.5000	74	None	None	0	3	3.4312610577828218
280	70.5000	70.6875	74	None	None	0	3	3.5741182006399668
281	70.6875	70.8750	75	None	None	0	4	7.658769684421756
282	70.8750	71.0625	77	None	None	0	5	7.411098876968335
283	71.0625	71.2500	75	None	None	0	4	7.13590909090898
284	71.2500	71.4000	73	None	None	0	3	7.699477101845409
285	71.4000	71.5500	72	None	None	0	2	7.341515419564863
286	71.5500	71.7000	75	None	None	0	5	3.3601990046417614
287	71.7000	71.8500	73	None	None	0	4	3.4618366772546167
288	71.8500	72.0000	70	None	None	0	3	2.7865120019299527
289	72.0000	72.7500	68	None	None	0	2	2.4880888213369654
290	72.7500	73.5000	68	None	None	0	4	2.828714279920613
291	73.5000	73.8750	68	None	None	0	4	2.9071492997618837
292	73.8750	74.2500	67	None	None	0	3	7.522584922531674
293	74.2500	74.6250	65	None	None	0	1	7.113620722816706
294	74.6250	75.0000	67	None	None	0	2	6.777872260752458
295	75.0000	75.7500	68	None	None	0	3	7.191046500700153
296	75.7500	76.3125	68	None	None	0	1	5.754291521289321
297	76.3125	76.5000	72	None	None	0	2	5.620432317230342
298	76.5000	78.0000	75	None	None	0	3	6.816931470251237
299	78.0000	78.3750	73	None	None	0	1	7.2886897162304365
300	78.3750	79.1250	89	None	None	0	5	4.9532573854033695
301	79.1250	79.3125	87	None	None	0	4	5.543408300842005
302	79.3125	79.5000	85	None	None	0	3	6.110376115635903
303	79.5000	79.8750	84	None	None	0	2	5.4474173352858175
304	79.8750	80.6250	87	None	None	0	5	3.7121445547916165
305	80.6250	80.8125	85	None	None	0	4	4.391210239036326
306	80.8125	81.0000	84	None	None	0	3	5.068228872576697
307	81.0000	81.1875	82	None	None	0	2	8.383979098885945
308	81.1875	81.3750	84	None	None	0	4	8.395304861074884
309	81.3750	81.5625	85	None	None	0	0	-1
310	81.5625	81.7500	84	None	None	0	0	-1
311	81.7500	81.9375	87	None	None	0	0	-1
312	81.9375	82.1250	85	None	None	0	0	-1
313	82.1250	82.3125	84	None	None	0	0	-1
314	82.3125	82.5000	82	None	None	0	0	-1
315	82.5000	83.2500	80	None	None	0	0	-1
316	83.2500	83.6250	79	None	None	0	5	6.99004003647803
317	83.6250	84.0000	63	None	None	0	1	0.864610395786179
318	84.0000	84.2500	63	None	None	0	2	1.3276077137014168
319	84.2500	84.5000	68	None	None	0	5	1.1519841301834326
320	84.5000	84.7500	68	None	None	0	5	1.2999433149137567
321	84.7500	85.0000	68	None	None	0	5	1.5867913833782799
322	85.0000	85.2500	68	None	None	0	5	2.799437164634792
323	85.2500	85.5000	68	None	None	0	4	4.075093151037686
324	85.5000	85.7500	68	None	None	0	5	7.700722803584201
325	85.7500	86.0000	67	None	None	0	3	7.736515627619514
326	86.0000	86.2500	65	None	None	0	2	12.094480440399497
327	86.2500	86.5000	63	None	None	0	1	11.675546180875672
328	86.5000	86.7500	65	None	None	0	2	12.017893122096517
329	86.7500	87.0000	67	None	None	0	1	8.786496225896018
330	87.0000	87.2500	68	None	None	0	2	7.557414584463794
331	87.2500	87.5000	70	None	None	0	3	7.501267722281668
332	87.5000	87.7500	71	None	None	0	1	8.48857314479364
333	87.7500	88.0000	72	None	None	0	2	7.773488771940878
334	88.0000	88.2500	73	None	None	0	3	7.472004537876474
335	88.2500	88.5000	74	None	None	0	1	6.880211987007844
336	88.5000	88.8750	77	None	None	0	3	5.989941288473661
337	88.8750	89.6250	75	None	None	0	2	5.969127891344473
338	89.6250	90.0000	75	None	None	0	2	6.4695038311941
339	90.0000	90.3750	73	None	None	0	1	5.009837709212999
340	90.3750	91.1250	89	None	None	0	5	2.7443301904160076
341	91.1250	91.3125	87	None	None	0	4	3.537417657470338
342	91.3125	91.5000	85	None	None	0	3	3.2776773977300753
343	91.5000	93.0000	84	None	None	0	2	2.450969323195915
344	93.0000	93.3750	89	None	None	0	5	2.239194769624487
345	93.3750	93.7500	87	None	None	0	4	2.7886224996453426
346	93.7500	94.1250	86	None	None	0	3	2.762306710171661
347	94.1250	94.5000	84	None	None	0	2	3.6973935161077844
348	94.5000	95.2500	83	None	None	0	1	3.7120133991487227
349	96.3750	96.7500	79	None	None	0	4	2.333193708412443
350	96.7500	97.1250	79	None	None	0	4	2.523419272322216
351	97.1250	97.5000	79	None	None	0	4	2.6474084906510558
352	97.5000	98.0625	79	None	None	0	4	2.9966148398574024
353	98.0625	98.2500	75	None	None	0	2	3.0942311812336913
354	98.2500	99.0000	72	None	None	0	1	4.419256874851548
355	99.3750	99.7500	87	None	None	0	5	4.045497300036707
356	99.7500	100.1250	86	None	None	0	4	4.637729692612343
357	100.1250	100.5000	84	None	None	0	3	5.216350156816332
358	100.5000	101.0625	83	None	None	0	2	5.34041030719227
359	101.0625	101.2500	84	None	None	0	4	4.580432703900472
360	101.2500	102.0000	86	None	None	0	5	5.683848852968806
361	102.1875	102.3750	79	None	None	0	3	5.505969634230501
362	102.3750	102.5625	78	None	None	0	2	5.827467218771563
363	102.5625	102.7500	79	None	None	0	3	6.109299516908209
364	102.7500	102.9375	80	None	None	0	4	5.043081435472741
365	102.9375	103.1250	79	None	None	0	3	4.32995959723999
366	103.1250	103.3125	77	None	None	0	2	4.842381957488445
367	103.3125	103.5000	74	None	None	0	1	5.45107760966236
368	103.5000	103.6875	75	None	None	0	2	4.152940963699622
369	103.6875	103.8750	77	None	None	0	3	4.817587428346091
370	103.8750	104.0625	78	None	None	0	4	4.365590625484161
371	104.0625	104.2500	79	None	None	0	5	4.226615470204661
372	104.2500	105.0000	72	None	None	0	3	4.264244849859952
373	105.3750	105.5625	75	None	None	0	4	4.485373777621532
374	105.5625	105.7500	74	None	None	0	3	5.631702848724169
375	105.7500	105.9375	77	None	None	0	5	6.374895902343135
376	105.9375	106.1250	75	None	None	0	4	6.1406999051036495
377	106.1250	106.3125	74	None	None	0	3	6.726414190817943
378	106.3125	106.5000	72	None	None	0	2	7.772376923737207
379	106.5000	107.0625	71	None	None	0	1	8.95462173206897
380	107.0625	107.2500	72	None	None	0	4	7.389076433412969
381	107.2500	108.0000	74	None	None	0	5	7.869235153871523
382	108.3750	108.5625	63	None	None	0	2	8.422402584482185
383	108.5625	108.7500	62	None	None	0	1	7.564138258683727
384	108.7500	108.9375	65	None	None	0	5	7.387768660238592
385	108.9375	109.1250	63	None	None	0	4	11.516452750520351
386	109.1250	109.3125	62	None	None	0	3	12.651237803010686
387	109.3125	109.5000	60	None	None	0	2	16.993052318583146
388	110.6250	110.7500	62	None	None	0	1	19.500485211686453
389	110.7500	110.8750	63	None	None	0	2	18.90901696429006
390	110.8750	111.0000	64	None	None	0	1	18.479541528816462
391	111.0000	111.1250	65	None	None	0	2	19.108736596041247
392	111.1250	111.2500	66	None	None	0	3	22.63959442174709
393	111.2500	111.3750	67	None	None	0	1	17.799741643606996
394	111.3750	111.5000	68	None	None	0	2	20.5439373329796
395	111.5000	111.6250	69	None	None	0	1	18.479541365721097
396	111.6250	111.7500	70	None	None	0	2	18.453974408850918
397	111.7500	111.8750	71	None	None	0	1	18.464991191144446
398	111.8750	112.0000	72	None	None	0	2	19.09418619549125
399	112.0000	112.1250	73	None	None	0	3	22.877270532933185
400	112.1250	112.2500	74	None	None	0	1	19.500485211686453
401	112.2500	112.3750	75	None	None	0	2	18.90901696429006
402	112.3750	112.5000	76	None	None	0	1	18.479541528816462
403	112.5000	112.6250	77	None	None	0	2	19.108736596041247
404	112.6250	112.7500	78	None	None	0	3	22.63959442174709
405	112.7500	112.8750	79	None	None	0	1	17.799741643606996
406	112.8750	113.0000	80	None	None	0	2	20.5439373329796
407	113.0000	113.1250	81	None	None	0	1	18.479541365721097
408	113.1250	113.2500	82	None	None	0	2	16.802330440556926
409	113.2500	113.3750	83	None	None	0	1	13.08855496946123
410	113.3750	113.5000	84	None	None	0	2	12.948759073043206
411	113.5000	113.6250	85	None	None	0	3	15.18212075383581
412	113.6250	113.7500	86	None	None	0	1	9.57327727519424
413	113.7500	113.8750	87	None	None	0	2	8.782314110372564
414	113.8750	114.0000	88	None	None	0	3	10.92837420192354
415	114.0000	114.2500	89	None	None	0	4	11.59951301682004
416	114.2500	114.5000	88	None	None	0	3	14.471196710801477
417	114.5000	114.7500	87	None	None	0	2	14.909462034606157
418	114.7500	115.0000	86	None	None	0	1	16.89849259449314
419	115.0000	115.2500	85	None	None	0	3	14.084948975138495
420	115.2500	115.5000	84	None	None	0	2	14.526808900966751
421	115.5000	115.7500	83	None	None	0	1	16.898492524811466
422	115.7500	116.0000	82	None	None	0	4	11.982165969796865
423	116.0000	116.2500	81	None	None	0	3	14.47119661304944
424	116.2500	116.5000	80	None	None	0	2	14.909461898359194
425	116.5000	116.7500	79	None	None	0	1	14.913056527442318
426	116.7500	117.0000	78	None	None	0	3	14.088543618773384
427	117.0000	117.2500	77	None	None	0	2	14.526808904083142
428	117.2500	117.5000	76	None	None	0	1	14.913056597123996
429	117.5000	117.7500	75	None	None	0	2	12.614842361559164
430	117.7500	118.0000	74	None	None	0	1	11.732189289000846
431	118.0000	118.2500	73	None	None	0	3	8.088146797500906
432	118.2500	118.5000	72	None	None	0	2	7.4090651745490215
433	118.5000	118.7500	71	None	None	0	1	6.674371291750183
434	118.7500	119.0000	70	None	None	0	4	1.9311179664135505
435	119.0000	119.2500	69	None	None	0	3	1.4867033672843553
436	119.2500	119.5000	67	None	None	0	2	1.4399018378117396
437	119.5000	119.7500	69	None	None	0	3	1.4429899134715511
438	119.7500	120.0000	71	None	None	0	4	1.1561418450070224
439	120.0000	120.7500	72	None	None	0	5	1.636164681032956
440	120.7500	121.5000	72	None	None	0	4	2.39003297705249
441	121.5000	121.8750	72	None	None	0	4	2.4527809929255056
442	121.8750	122.2500	71	None	None	0	3	2.8174426470608487
443	122.2500	122.6250	69	None	None	0	1	2.717693273627264
444	122.6250	123.0000	71	None	None	0	2	2.407918837537032
445	123.0000	123.7500	72	None	None	0	1	1.9612195635453609
446	123.7500	124.3125	72	None	None	0	1	2.352197007154386
447	124.3125	124.5000	76	None	None	0	2	2.4407097707503915
448	124.5000	126.0000	79	None	None	0	4	2.078664952823218
449	126.0000	126.3750	77	None	None	0	3	2.9217356049971372
450	126.3750	127.1250	81	None	None	0	5	3.2106639146886766
451	127.1250	127.3125	79	None	None	0	4	3.4417563516634644
452	127.3125	127.5000	77	None	None	0	3	3.441756351663465
453	127.5000	127.8750	76	None	None	0	2	3.913184923092032
454	127.8750	128.6250	79	None	None	0	5	2.7139731254820783
455	128.6250	128.8125	77	None	None	0	4	2.9101449275362317
456	128.8125	129.0000	76	None	None	0	3	2.9698412698412637
457	129.0000	129.1875	74	None	None	0	2	3.549965493443745
458	129.1875	129.3750	76	None	None	0	3	4.803326837981558
459	129.3750	129.5625	77	None	None	0	4	4.476676879752653
460	129.5625	129.7500	76	None	None	0	3	4.19096259403837
461	129.7500	129.9375	79	None	None	0	5	3.6093299424348806
462	129.9375	130.1250	77	None	None	0	4	3.260123593228534
463	130.1250	130.3125	76	None	None	0	3	2.9744093075142506
464	130.3125	130.5000	74	None	None	0	2	2.6601235932285325
465	130.5000	131.2500	72	None	None	0	1	1.7657136553403336
466	131.2500	131.6250	71	None	None	0	2	0.22663802508823097
467	131.6250	132.0000	67	None	None	0	1	0.4622449012609351
468	132.0000	132.2500	67	None	None	0	2	0.8545351479640451
469	132.2500	132.5000	72	None	None	0	5	0.7797052159596685
470	132.5000	132.7500	72	None	None	0	5	1.0143990951870732
471	132.7500	133.0000	72	None	None	0	5	1.301247163651602
472	133.0000	133.2500	72	None	None	0	5	1.511380054994412
473	133.2500	133.5000	72	None	None	0	4	3.933457380037012
474	133.5000	133.7500	72	None	None	0	5	7.3202423508847385
475	133.7500	134.0000	71	None	None	0	4	8.57654381126
476	134.0000	134.2500	69	None	None	0	3	9.37523503022945
477	134.2500	134.5000	67	None	None	0	1	11.763419857721487
478	134.5000	134.7500	69	None	None	0	2	12.431521005453765
479	134.7500	135.0000	71	None	None	0	1	13.294844883440176
480	135.1875	135.3750	72	None	None	0	2	12.941531364643504
481	135.3750	135.5625	73	None	None	0	3	12.25830155097891
482	135.5625	135.7500	74	None	None	0	1	7.184551959609179
483	135.7500	135.9375	75	None	None	0	2	6.07925611129273
484	135.9375	136.1250	76	None	None	0	1	2.7476704335433655
485	136.1250	136.3125	77	None	None	0	2	2.1001873823518658
486	136.3125	136.5000	78	None	None	0	4	1.8256426979639981
487	136.5000	136.8750	81	None	None	0	5	2.2198706479062165
488	136.8750	137.6250	79	None	None	0	3	2.7960611424388517
489	137.6250	138.0000	79	None	None	0	3	3.242269250355756
490	138.0000	138.3750	77	None	None	0	2	3.5583928871690835
491	138.3750	139.1250	81	None	None	0	4	3.183288460491284
492	139.1250	139.3125	79	None	None	0	3	5.166588084434863
493	139.3125	139.5000	77	None	None	0	2	4.904683321948085
494	139.5000	139.6250	76	None	None	0	1	4.219508597944775
495	139.6250	139.7500	79	None	None	0	2	5.340848973492478
496	139.7500	139.8750	83	None	None	0	4	5.251607322161857
497	139.8750	140.0000	84	None	None	0	5	4.797242249432585
498	140.0000	140.1250	79	None	None	0	4	5.960251323273822
499	140.1250	140.2500	76	None	None	0	3	5.353341874492808
500	140.2500	140.3750	74	None	None	0	1	4.866746897204962
501	140.3750	140.5000	77	None	None	0	3	5.755676155166129
502	140.5000	140.6250	80	None	None	0	4	5.698113258648847
503	140.6250	140.7500	81	None	None	0	5	4.435362118005932
504	140.7500	140.8750	77	None	None	0	4	3.693043369352407
505	140.8750	141.0000	74	None	None	0	3	3.4052405105758226
506	141.0000	141.7500	72	None	None	0	2	3.870090139098058
507	141.7500	142.1250	76	None	None	0	5	3.2861358026464966
508	142.1250	142.5000	74	None	None	0	4	3.7179710648517768
509	142.5000	285.7500	64	None	None	0	1	2.9895681486697905
510	142.5000	285.7500	72	None	None	0	4	2.7203116741501545
511	144.3750	144.7500	67	None	None	0	2	3.053603765137118
512	144.7500	145.1250	72	None	None	0	3	2.310078284769534
513	145.1250	145.5000	76	None	None	0	4	2.1049932451264035
514	145.5000	146.0625	77	None	None	0	5	2.123205665019453
515	146.0625	146.2500	74	None	None	0	4	1.7932396507220099
516	146.2500	147.0000	71	None	None	0	2	1.7186689438070561
517	147.3750	147.7500	67	None	None	0	1	2.0591289373282793
518	147.7500	148.1250	71	None	None	0	2	2.4271740501102337
519	148.1250	148.5000	74	None	None	0	4	2.745836305968643
520	148.5000	149.0625	76	None	None	0	5	6.887165514277912
521	149.0625	149.2500	72	None	None	0	3	7.875914423740516
522	149.2500	150.0000	67	None	None	0	1	7.976673567977916
523	150.3750	150.5625	67	None	None	0	1	8.2623878536922
524	150.5625	150.7500	69	None	None	0	2	7.592822636300899
525	150.7500	150.9375	71	None	None	0	1	4.350586611456182
526	150.9375	151.1250	72	None	None	0	2	6.120871018125032
527	151.1250	151.3125	74	None	None	0	3	6.3031189172847
528	151.3125	151.5000	76	None	None	0	4	9.248853484948526
529	151.5000	151.6875	79	None	None	0	5	9.091747164159342
530	151.6875	151.8750	77	None	None	0	3	8.3819188850216
531	151.8750	152.0625	76	None	None	0	2	12.79527292228869
532	152.0625	152.2500	74	None	None	0	1	13.377127403211496
533	152.2500	152.6250	72	None	None	0	2	11.29473807066686
534	152.6250	153.0000	71	None	None	0	1	11.901590346283434
535	153.3750	153.5625	79	None	None	0	2	11.095479641131814
536	153.5625	153.7500	81	None	None	0	1	8.895238095238106
537	153.7500	153.9375	83	None	None	0	2	8.225672877846801
538	153.9375	154.1250	84	None	None	0	1	4.983436853002076
539	154.1250	154.3125	86	None	None	0	3	5.421083505866118
540	154.3125	154.5000	87	None	None	0	4	8.823188405797097
541	154.5000	154.6875	88	None	None	0	5	8.684213250517596
542	154.6875	154.8750	87	None	None	0	4	8.021859903381637
543	154.8750	155.0625	89	None	None	0	5	8.059903381642506
544	155.0625	155.2500	88	None	None	0	4	8.024982746721872
545	155.2500	155.4375	86	None	None	0	3	8.633678398895782
546	155.4375	155.6250	84	None	None	0	2	9.310075914423745
547	155.6250	155.8125	83	None	None	0	1	12.869703243616277
548	155.8125	156.0000	81	None	None	0	3	8.986162870945487
549	156.0000	156.1875	79	None	None	0	1	10.142374051069712
550	156.1875	156.3750	88	None	None	0	5	9.500897170462395
551	156.3750	156.5625	86	None	None	0	4	9.437405106970324
552	156.5625	156.7500	84	None	None	0	3	9.46597653554176
553	156.7500	156.9375	83	None	None	0	2	10.046100759144247
554	156.9375	157.1250	81	None	None	0	1	10.142374051069696
555	157.1250	157.3125	79	None	None	0	4	8.37746721877157
556	157.3125	157.5000	77	None	None	0	3	8.986162870945494
557	157.5000	157.6875	76	None	None	0	1	10.142374051069705
558	157.6875	157.8750	84	None	None	0	5	9.015044858523124
559	157.8750	158.0625	83	None	None	0	4	8.665838509316778
560	158.0625	158.2500	81	None	None	0	3	9.599761552218144
561	158.2500	158.4375	79	None	None	0	2	10.271826518555558
562	158.4375	158.6250	77	None	None	0	1	9.832303798712472
563	158.6250	158.8125	76	None	None	0	4	2.643228168460364
564	158.8125	159.0000	74	None	None	0	3	2.357513882746075
565	159.0000	159.7500	72	None	None	0	2	2.308984470981369
566	159.7500	160.5000	72	None	None	0	4	1.5681679689419596
567	160.5000	160.8750	72	None	None	0	4	1.7583935328517326
568	160.8750	161.2500	71	None	None	0	3	1.7583935328517328
569	161.2500	161.6250	70	None	None	0	2	1.2580175930021096
570	161.6250	162.0000	71	None	None	0	3	0.8031303749569977
571	162.0000	162.7500	71	None	None	0	2	0.865396948252978
572	162.7500	163.5000	71	None	None	0	2	1.0226081580957687
573	163.5000	163.8750	74	None	None	0	4	1.286756273482275
574	163.8750	164.2500	72	None	None	0	3	1.527357777241674
575	164.2500	164.6250	71	None	None	0	2	1.7654351134393131
576	164.6250	165.0000	72	None	None	0	3	1.5925027826122469
577	165.0000	165.7500	72	None	None	0	3	1.5925027826122469
578	165.7500	166.5000	72	None	None	0	3	2.148476049111828
579	166.5000	166.8750	75	None	None	0	4	2.1545085657867626
580	166.8750	167.2500	73	None	None	0	3	2.1875229198537487
581	167.2500	167.6250	72	None	None	0	2	3.6420341980492337
582	167.6250	168.0000	73	None	None	0	3	3.563462769477803
583	168.0000	168.7500	78	None	None	0	5	3.6461837526079
584	168.7500	169.5000	78	None	None	0	5	3.689834546258694
585	169.5000	169.8750	78	None	None	0	5	3.7291202605444087
586	169.8750	170.2500	77	None	None	0	4	3.222666801967995
587	170.2500	170.6250	75	None	None	0	3	3.3877575591640166
588	170.6250	171.0000	73	None	None	0	2	3.652419213299352
589	171.0000	342.7500	68	None	None	0	1	2.3924985783787207
590	171.0000	342.7500	72	None	None	0	4	2.4459483793517416
591	171.7500	344.2500	68	None	None	0	2	2.5638738749088144
592	171.7500	344.2500	72	None	None	0	4	4.37069775278532
593	172.5000	346.5000	68	None	None	0	2	5.099403445588762
594	172.5000	345.3750	75	None	None	0	4	6.075347587200752
595	172.8750	173.2500	73	None	None	0	3	6.005989700505401
596	173.2500	173.6250	72	None	None	0	2	6.526957449646524
597	173.6250	174.0000	73	None	None	0	4	6.24184340402828
598	174.0000	348.7500	66	None	None	0	0	-1
599	174.0000	348.7500	68	None	None	0	0	-1
600	174.0000	348.7500	75	None	None	0	0	-1
601	174.0000	348.7500	78	None	None	0	0	-1
602	174.7500	350.2500	66	None	None	0	0	-1
603	174.7500	350.2500	68	None	None	0	2	5.899404576097388
604	174.7500	350.2500	75	None	None	0	3	5.327470730095215
605	174.7500	350.2500	78	None	None	0	5	6.125479907415688
606	176.2500	176.4375	65	None	None	0	1	5.8769939994983025
607	176.4375	176.6250	68	None	None	0	2	5.955945000188434
608	176.6250	176.8125	73	None	None	0	3	5.550751763473458
609	176.8125	177.0000	77	None	None	0	5	6.749673405244768
610	177.7500	177.9375	63	None	None	0	1	6.3193808062774695
611	177.9375	178.1250	68	None	None	0	2	6.237393228637715
612	178.1250	178.3125	72	None	None	0	3	5.25464650676056
613	178.3125	178.5000	75	None	None	0	4	7.5848742500317865
614	179.2500	179.4375	68	None	None	0	1	7.509716476078827
615	179.4375	179.6250	73	None	None	0	2	6.91530653819063
616	179.6250	179.8125	77	None	None	0	4	7.336631589950464
617	179.8125	180.0000	80	None	None	0	5	8.011840869973403
618	180.7500	180.9375	66	None	None	0	1	6.476556876858083
619	180.9375	181.1250	68	None	None	0	2	5.964134516609636
620	181.1250	181.3125	72	None	None	0	3	4.9813877947324805
621	181.3125	181.5000	78	None	None	0	5	4.836805324063049
622	182.2500	182.4375	65	None	None	0	1	4.707717544372859
623	182.4375	182.6250	68	None	None	0	2	4.707717544372859
624	182.6250	182.8125	73	None	None	0	3	3.8115430666766397
625	182.8125	183.0000	77	None	None	0	5	5.026173846524813
626	183.7500	183.9375	65	None	None	0	1	6.991750438607431
627	183.9375	184.1250	68	None	None	0	2	7.0737380162471855
628	184.1250	184.3125	72	None	None	0	3	6.402240431706124
629	184.3125	184.5000	77	None	None	0	5	6.260714256018453
630	185.2500	185.4375	65	None	None	0	1	6.389802035708641
631	185.4375	185.6250	68	None	None	0	2	6.116001922778092
632	185.6250	185.8125	74	None	None	0	3	5.149041950383341
633	185.8125	186.0000	77	None	None	0	5	5.969866657077606
634	186.7500	186.9375	63	None	None	0	1	3.7461145056146106
635	186.9375	187.1250	67	None	None	0	2	3.3903268150443076
636	187.1250	187.3125	72	None	None	0	4	3.17017498619683
637	187.3125	187.5000	75	None	None	0	5	3.2092166898348085
638	188.2500	188.4375	62	None	None	0	1	3.0181667758933286
639	188.4375	188.6250	68	None	None	0	2	1.8339920192722727
640	188.6250	188.8125	72	None	None	0	4	1.8501238343171313
641	188.8125	189.0000	74	None	None	0	5	3.147384418154454
642	189.7500	189.9375	64	None	None	0	1	3.649966173748256
643	189.9375	190.1250	70	None	None	0	2	3.4690110337831643
644	190.1250	190.3125	72	None	None	0	3	3.564076596240024
645	190.3125	190.5000	74	None	None	0	4	4.483725615267936
646	191.2500	191.4375	65	None	None	0	1	4.951210461485101
647	191.4375	191.6250	68	None	None	0	2	4.728229095025477
648	191.6250	191.8125	72	None	None	0	3	4.405937859690762
649	191.8125	192.0000	77	None	None	0	5	4.79879500254791
650	192.7500	192.9375	66	None	None	0	1	4.349780284784729
651	192.9375	193.1250	72	None	None	0	2	4.058944432280717
652	193.1250	193.3125	75	None	None	0	3	4.113240250878598
653	193.3125	193.5000	78	None	None	0	5	3.0518699884879337
654	193.5000	388.1250	67	None	None	0	1	3.099171842650107
655	193.5000	388.1250	72	None	None	0	2	2.8896319473632324
656	193.5000	388.1250	76	None	None	0	3	2.699600709849163
657	193.5000	388.1250	79	None	None	0	4	1.9349027330230355
658	194.6250	389.6250	74	None	None	0	2	2.108399399860197
659	194.6250	389.6250	77	None	None	0	4	3.556746031746042
660	195.0000	390.3750	72	None	None	0	2	3.3417084377610804
661	195.0000	390.3750	76	None	None	0	4	3.028007518797005
662	195.3750	391.1250	67	None	None	0	1	3.2629699248120456
663	195.3750	391.1250	76	None	None	0	5	2.8235380116959186
664	195.7500	391.8750	65	None	None	0	2	2.7333124477861483
665	195.7500	391.8750	69	None	None	0	3	2.60883458646618
666	195.7500	391.8750	74	None	None	0	5	2.4023170170323915
667	196.1250	392.6250	63	None	None	0	1	1.2465244744514397
668	196.1250	392.6250	66	None	None	0	2	1.3250490171005789
669	196.1250	392.6250	69	None	None	0	3	1.456962559459875
670	196.1250	392.6250	72	None	None	0	4	1.0039132695684783
671	196.5000	394.1250	64	None	None	0	1	0.825341840997051
672	196.5000	394.1250	67	None	None	0	2	1.0118915485993876
673	196.5000	394.1250	72	None	None	0	4	0.9859934700697275
674	197.6250	395.6250	64	None	None	0	1	0.9175110395035126
675	197.6250	395.6250	67	None	None	0	3	1.1385176376314883
676	197.6250	395.6250	72	None	None	0	5	1.2269423558897115
677	198.0000	396.3750	62	None	None	0	0	-1
678	198.0000	396.3750	65	None	None	0	0	-1
679	198.0000	396.3750	72	None	None	0	0	-1
680	198.3750	198.7500	71	None	None	0	0	-1
681	198.7500	397.8750	62	None	None	0	0	-1
682	198.7500	397.8750	65	None	None	0	0	-1
683	198.7500	397.8750	69	None	None	0	0	-1
684	199.1250	199.5000	67	None	None	0	1	2.2987468671679165
685	199.5000	400.1250	76	None	None	0	2	2.3328141783028977
686	199.5000	400.1250	79	None	None	0	4	1.9349027330230355
687	200.6250	401.6250	74	None	None	0	2	2.108399399860197
688	200.6250	401.6250	77	None	None	0	4	3.556746031746042
689	201.0000	402.3750	72	None	None	0	2	3.3417084377610804
690	201.0000	402.3750	76	None	None	0	4	3.028007518797005
691	201.3750	403.1250	67	None	None	0	1	3.2629699248120456
692	201.3750	403.1250	76	None	None	0	5	2.8235380116959186
693	201.7500	403.8750	65	None	None	0	2	2.7333124477861483
694	201.7500	403.8750	69	None	None	0	3	2.60883458646618
695	201.7500	403.8750	74	None	None	0	5	2.4023170170323915
696	202.1250	404.6250	63	None	None	0	1	1.2465244744514397
697	202.1250	404.6250	66	None	None	0	2	1.3250490171005789
698	202.1250	404.6250	69	None	None	0	3	1.456962559459875
699	202.1250	404.6250	72	None	None	0	4	1.0039132695684783
700	202.5000	406.1250	64	None	None	0	1	0.825341840997051
701	202.5000	406.1250	67	None	None	0	2	1.0118915485993876
702	202.5000	406.1250	72	None	None	0	4	0.9859934700697275
703	203.6250	407.6250	64	None	None	0	1	0.9175110395035126
704	203.6250	407.6250	67	None	None	0	3	1.1385176376314883
705	203.6250	407.6250	72	None	None	0	5	1.2269423558897115
706	204.0000	408.3750	62	None	None	0	1	1.589348370927309
707	204.0000	408.3750	65	None	None	0	2	2.142815371762731
708	204.0000	408.3750	72	None	None	0	5	4.115422484783382
709	204.3750	204.7500	71	None	None	0	4	3.9040607471058557
710	204.7500	409.8750	62	None	None	0	1	5.420602100489319
711	204.7500	409.8750	65	None	None	0	2	6.2123314237975915
712	204.7500	409.8750	69	None	None	0	5	6.37390201694713
713	205.1250	205.5000	67	None	None	0	4	6.33547261009667
714	205.5000	411.7500	64	None	None	0	2	6.039055095722503
715	205.5000	411.7500	72	None	None	0	5	13.823829531812725
716	206.6250	207.0000	48	None	None	0	1	12.048319327731093
717	207.0000	207.3750	48	None	None	0	4	10.076792471374512
718	207.3750	207.7500	47	None	None	0	3	10.076792471374516
719	207.7500	208.1250	45	None	None	0	1	10.070290923386903
720	208.1250	208.5000	47	None	None	0	2	9.712584156469607
721	208.5000	209.2500	48	None	None	0	3	9.66150056513834
722	209.2500	209.6250	43	None	None	0	0	-1
723	209.6250	210.0000	72	None	None	0	0	-1
724	210.0000	210.3750	72	None	None	0	0	-1
725	210.3750	210.7500	71	None	None	0	0	-1
726	210.7500	211.1250	69	None	None	0	0	-1
727	211.1250	211.5000	71	None	None	0	0	-1
728	211.5000	212.2500	72	None	None	0	0	-1
729	212.2500	212.6250	67	None	None	0	5	8.450032553354944
730	212.8125	213.0000	48	None	None	0	1	10.737198067632853
731	213.0000	213.1875	48	None	None	0	4	7.615286404416837
732	213.1875	213.3750	47	None	None	0	3	7.463605732147932
733	213.3750	213.5625	52	None	None	0	5	13.511969523932073
734	213.5625	213.7500	50	None	None	0	4	13.162763174725725
735	213.7500	213.9375	48	None	None	0	2	13.202758303211906
736	213.9375	214.1250	47	None	None	0	1	13.957589221086304
737	214.1250	214.3125	45	None	None	0	2	9.756485011286443
738	214.3125	214.5000	43	None	None	0	1	9.147789359112528
739	214.5000	215.2500	48	None	None	0	3	9.213627868429294
740	215.2500	215.6250	43	None	None	0	1	10.024004192872118
741	215.8125	216.0000	72	None	None	0	5	8.392374051069712
742	216.0000	216.1875	72	None	None	0	4	7.615286404416849
743	216.1875	216.3750	71	None	None	0	3	7.463605732147944
744	216.3750	216.5625	76	None	None	0	0	-1
745	216.5625	216.7500	74	None	None	0	0	-1
746	216.7500	216.9375	72	None	None	0	0	-1
747	216.9375	217.1250	71	None	None	0	0	-1
748	217.1250	217.3125	69	None	None	0	0	-1
749	217.3125	217.5000	67	None	None	0	0	-1
750	217.5000	218.2500	72	None	None	0	0	-1
751	218.2500	218.6250	67	None	None	0	5	8.450032553354944
752	218.8125	219.0000	48	None	None	0	1	10.737198067632853
753	219.0000	219.1875	48	None	None	0	4	7.615286404416837
754	219.1875	219.3750	47	None	None	0	3	7.828896848594511
755	219.3750	219.5625	52	None	None	0	5	8.709457587382774
756	219.5625	219.7500	50	None	None	0	3	8.760362768295723
757	219.7500	219.9375	48	None	None	0	2	10.13434467990095
758	219.9375	220.1250	47	None	None	0	1	9.239934742012752
759	220.1250	220.3125	45	None	None	0	2	4.807738095238097
760	220.3125	220.5000	43	None	None	0	1	4.412652887241855
761	220.5000	221.2500	48	None	None	0	2	4.059319561157795
762	221.2500	222.0000	49	None	None	0	3	6.210264084683172
763	222.0000	222.7500	50	None	None	0	1	6.160277272092982
764	222.7500	223.5000	51	None	None	0	2	7.846516738645592
765	223.5000	224.2500	52	None	None	0	1	8.004138105860315
766	224.2500	225.0000	52	None	None	0	1	11.967520025328588
767	225.0000	225.7500	53	None	None	0	2	13.521084763606526
768	225.7500	226.5000	54	None	None	0	3	17.693866076462115
769	226.5000	226.6250	55	None	None	0	1	17.799741801987086
770	226.6250	226.7500	56	None	None	0	2	20.54393761080431
771	226.7500	226.8750	57	None	None	0	1	18.479541346515862
772	226.8750	227.0000	58	None	None	0	2	18.45397451625316
773	227.0000	227.1250	59	None	None	0	1	18.46499111122749
774	227.1250	227.2500	60	None	None	0	2	19.094186073670055
775	227.2500	227.3750	61	None	None	0	3	22.877270640387916
776	227.3750	227.5000	62	None	None	0	1	19.500484916988555
777	227.5000	227.6250	63	None	None	0	2	18.909016605862604
778	227.6250	227.7500	64	None	None	0	1	18.47954143128275
779	227.7500	227.8750	65	None	None	0	2	19.108736435629634
780	227.8750	228.0000	66	None	None	0	3	22.639594293044
781	228.0000	228.1250	67	None	None	0	1	17.799741801987093
782	228.1250	228.2500	68	None	None	0	2	20.543937610804324
783	228.2500	228.3750	69	None	None	0	1	18.479541346515873
784	228.3750	228.5000	70	None	None	0	2	18.45397451625316
785	228.5000	228.6250	71	None	None	0	1	18.46499111122749
786	228.6250	228.7500	72	None	None	0	2	19.529494801760055
787	228.7500	228.8750	73	None	None	0	3	23.520560227891174
788	228.8750	229.0000	74	None	None	0	1	20.50187888503997
789	229.0000	229.1250	75	None	None	0	2	20.21512668357727
790	229.1250	229.2500	76	None	None	0	1	20.700278130013302
791	229.2500	229.3750	77	None	None	0	2	21.764781862450548
792	229.3750	229.5000	78	None	None	0	3	26.311918271297834
793	229.5000	229.5828	79	None	None	0	1	21.90737454070042
794	229.5828	229.6656	80	None	None	0	2	25.284846353002912
795	229.6656	229.7484	81	None	None	0	1	20.089614536213926
796	229.7484	229.8313	82	None	None	0	2	17.909433346107
797	229.8313	229.9141	83	None	None	0	3	16.917729744250668
798	229.9141	229.9969	84	None	None	0	1	8.081793493947732
799	229.9969	230.0797	85	None	None	0	2	8.482815311359255
800	230.0797	230.1625	86	None	None	0	3	7.836949430841898
801	230.1625	230.2453	87	None	None	0	4	7.079768240829044
802	230.2453	230.6203	88	None	None	0	5	7.701560361272341
803	230.6203	230.9953	86	None	None	0	4	8.535311405549695
804	230.9953	231.3703	84	None	None	0	3	9.410923073155192
805	231.3703	231.7453	83	None	None	0	2	11.467642232617374
806	231.7453	232.1203	81	None	None	0	1	11.97140163111361
807	232.1203	232.4953	79	None	None	0	4	9.352821385711836
808	232.5000	232.8750	77	None	None	0	3	9.636466165413543
809	232.8750	233.2500	76	None	None	0	2	9.746052631578957
810	233.2500	233.6250	74	None	None	0	1	11.156766917293243
811	233.6250	234.0000	72	None	None	0	4	6.440079365079375
812	234.0000	234.3750	71	None	None	0	3	6.267147034252308
813	234.3750	234.7500	69	None	None	0	2	6.288283208020056
814	234.7500	235.1250	67	None	None	0	1	6.1273809523809595
815	235.1250	235.5000	66	None	None	0	2	3.8610275689223106
816	235.5000	235.8750	67	None	None	0	1	2.3711779448621573
817	235.8750	236.2500	72	None	None	0	2	2.0964128848587786
818	236.2500	236.6250	76	None	None	0	3	3.1402180499454095
819	236.6250	237.0000	79	None	None	0	5	2.767658432016471
820	237.0000	237.3750	79	None	None	0	5	4.202441040712124
821	237.3750	237.7500	77	None	None	0	4	4.203132874463167
822	237.7500	238.1250	74	None	None	0	3	3.89962752906843
823	238.1250	238.5000	71	None	None	0	2	3.8687120049640455
824	238.5000	239.2500	72	None	None	0	3	3.860433035481515
825	241.3125	241.5000	67	None	None	0	1	3.8737233301401504
826	241.5000	243.0000	79	None	None	0	5	2.490936519763825
827	244.3125	244.5000	67	None	None	0	1	2.599293965595857
828	244.5000	246.0000	79	None	None	0	5	1.3374436877272713
829	246.0000	492.7500	70	None	None	0	1	1.3156156802084786
830	246.0000	492.7500	79	None	None	0	5	2.3785195218438173
831	246.7500	494.2500	70	None	None	0	1	2.1297357978279
832	246.7500	494.2500	79	None	None	0	5	2.8264269742984887
833	247.5000	496.5000	69	None	None	0	1	2.802477394466555
834	247.5000	495.3750	79	None	None	0	5	2.847120251609412
835	247.8750	248.2500	77	None	None	0	4	2.901514816452895
836	248.2500	248.6250	76	None	None	0	3	2.756313578062805
837	248.6250	249.0000	74	None	None	0	2	2.7341785837141837
838	249.0000	498.3750	67	None	None	0	1	2.7341785837141837
839	249.0000	498.3750	72	None	None	0	3	2.7341785837141837
840	249.7500	499.8750	62	None	None	0	1	2.7341785837141837
841	249.7500	499.8750	65	None	None	0	2	2.7341785837141837
842	249.7500	499.8750	67	None	None	0	3	2.7341785837141837
843	249.7500	499.8750	71	None	None	0	4	2.7341785837141837
844	250.5000	501.7500	64	None	None	0	1	2.7341785837141837
845	250.5000	501.7500	67	None	None	0	2	2.7341785837141837
846	250.5000	501.7500	72	None	None	0	0	2.7341785837141837
