0	0.5000	1.0000	79	None	None	0	4	3.7198529699847533
1	1.5000	2.0000	80	None	None	0	5	3.615316247888513
2	2.2500	2.7500	79	None	None	0	4	3.8066094318287518
3	2.7500	3.0000	74	None	None	0	2	3.7214903842097082
4	3.1250	3.2500	75	None	None	0	3	3.3079565496232397
5	3.2500	3.3750	77	None	None	0	4	3.026651434984787
6	3.3750	3.5000	75	None	None	0	3	3.1824955908289363
7	3.5000	3.6250	74	None	None	0	2	2.2767416225749613
8	3.6250	3.7500	75	None	None	0	3	2.4187633435440388
9	3.7500	3.8750	77	None	None	0	4	4.251513041863914
10	3.8750	4.0000	79	None	None	0	5	4.139041831328578
11	4.0000	4.5000	72	None	None	0	4	3.664703206989948
12	4.5000	4.8750	72	None	None	0	4	4.808066644318904
13	4.8750	5.0000	72	None	None	0	4	6.719971406223675
14	5.0000	5.5000	74	None	None	0	5	6.765606326858606
15	5.5000	5.8750	72	None	None	0	4	7.876728647726691
16	5.8750	6.0000	68	None	None	0	0	-1
17	6.0000	6.5000	67	None	None	0	0	-1
18	6.6250	6.7500	68	None	None	0	0	-1
19	6.7500	6.8750	67	None	None	0	0	-1
20	6.8750	7.0000	62	None	None	0	0	-1
21	7.0000	7.1250	63	None	None	0	0	-1
22	7.1250	7.2500	60	None	None	0	0	-1
23	8.5000	9.0000	79	None	None	0	4	3.7198529699847533
24	9.5000	10.0000	80	None	None	0	5	3.615316247888513
25	10.2500	10.7500	79	None	None	0	4	3.8066094318287518
26	10.7500	11.0000	74	None	None	0	2	4.07704593976526
27	11.1250	11.2500	75	None	None	0	3	6.520654962321648
28	11.2500	11.3750	77	None	None	0	4	6.389725787532821
29	11.3750	11.5000	75	None	None	0	3	6.813427086234116
30	11.5000	11.6250	74	None	None	0	2	6.683472570314676
31	11.6250	11.7500	75	None	None	0	3	9.094281338266306
32	11.7500	11.8750	77	None	None	0	4	9.139349850001478
33	11.8750	12.0000	79	None	None	0	5	8.637365723017355
34	12.0000	12.2500	74	None	None	0	4	7.4138388693535155
35	12.2500	12.5000	62	None	None	0	1	6.043570249084889
36	12.6250	12.7500	67	None	None	0	2	6.72812779680034
37	12.7500	12.8750	72	None	None	0	3	5.268298736971276
38	12.8750	13.0000	74	None	None	0	4	4.944858481239357
39	13.0000	13.8750	75	None	None	0	5	3.2978663510539388
40	13.8750	14.0000	66	None	None	0	1	4.679418749580257
41	14.0000	14.7500	66	None	None	0	1	7.470285691595155
42	14.8125	14.8750	67	None	None	0	2	7.357417210869535
43	14.8750	14.9375	70	None	None	0	0	-1
44	14.9375	15.0000	69	None	None	0	0	-1
45	15.0000	15.5000	67	None	None	0	0	-1
46	16.5000	17.0000	68	None	None	0	0	-1
47	17.2500	17.5000	73	None	None	0	0	-1
48	17.5000	17.7500	77	None	None	0	0	-1
49	17.7500	18.0000	82	None	None	0	0	-1
50	18.0000	18.7023	80	None	None	0	5	12.134799438089622
51	18.9364	19.1705	66	None	None	0	1	11.099528932197972
52	19.1705	19.4045	68	None	None	0	2	11.732104720093915
53	19.4045	19.6386	75	None	None	0	3	9.778563983237293
54	19.6386	19.8205	80	None	None	0	5	9.506735775312684
55	19.8205	20.0023	78	None	None	0	4	9.69910149734251
56	20.0023	20.1023	77	None	None	0	3	9.399657659252643
57	20.1023	20.2023	65	None	None	0	1	4.620040534513939
58	20.2023	20.3023	68	None	None	0	2	4.211719326623009
59	20.3023	20.4023	73	None	None	0	3	3.2887350545948872
60	20.4023	21.4932	77	None	None	0	5	8.986656975982633
61	23.6750	24.7659	67	None	None	0	1	9.051168560656441
62	24.7659	25.0386	68	None	None	0	2	9.327624128919863
63	25.0386	25.3114	67	None	None	0	1	9.280063727530969
64	25.3114	25.5841	71	None	None	0	2	10.662448118507449
65	25.5841	25.8568	72	None	None	0	3	10.947393197300682
66	25.8568	26.1295	74	None	None	0	1	6.6958525895683385
67	26.1295	26.4023	75	None	None	0	2	5.717249915037362
68	26.4023	26.6750	84	None	None	0	5	4.156002092737708
69	26.6750	26.9477	80	None	None	0	4	2.906700437346289
70	26.9477	28.0386	79	None	None	0	3	2.417666542923648
71	28.2205	28.4023	73	None	None	0	2	2.1024327758507395
72	28.4023	28.5841	74	None	None	0	3	1.8911156774586229
73	28.5841	28.7659	79	None	None	0	5	1.5102263660368276
74	28.7659	28.9477	77	None	None	0	4	1.34409477486065
75	28.9477	29.1295	75	None	None	0	2	1.2693607044868869
76	29.1295	30.2205	75	None	None	0	2	1.5892734071426098
77	32.4023	33.4932	71	None	None	0	1	1.5463873848091483
78	34.0386	34.5841	72	None	None	0	2	1.5390297427379898
79	34.5841	35.1295	74	None	None	0	3	1.5693635311829486
80	35.1295	35.6750	75	None	None	0	4	1.3226904370626709
81	36.7659	37.8568	74	None	None	0	2	1.0913433229644665
82	38.4023	38.9477	75	None	None	0	3	1.489653596180266
83	38.9477	39.4932	77	None	None	0	4	1.7913291518823138
84	39.4932	40.0386	79	None	None	0	5	1.7718861044391556
85	40.0386	40.5841	79	None	None	0	4	1.5096124625880445
86	40.5841	41.1295	77	None	None	0	0	-1
87	41.1295	41.6750	80	None	None	0	0	-1
88	41.6750	42.2205	72	None	None	0	0	-1
89	42.2205	42.7659	74	None	None	0	0	-1
90	42.7659	43.4802	75	None	None	0	0	-1
91	43.4802	44.0256	79	None	None	0	0	-1
92	44.0256	44.5711	77	None	None	0	0	-1
93	44.5711	46.7529	74	None	None	0	0	-1
94	50.0256	101.1422	60	None	None	0	0	-1
95	50.0256	101.1422	64	None	None	0	0	-1
96	50.0256	101.1422	70	None	None	0	0	-1
97	50.0256	101.1422	79	None	None	0	0	-1
98	52.2075	105.5058	60	None	None	0	0	-1
99	52.2075	105.5058	63	None	None	0	0	-1
100	52.2075	105.5058	68	None	None	0	0	-1
101	52.2075	105.5058	80	None	None	0	1	3.1350760604745456
102	53.8438	54.9347	79	None	None	0	4	2.2432331118614766
103	54.9347	55.4802	74	None	None	0	2	2.210808317330001
104	55.7529	56.0256	75	None	None	0	3	2.034408832945674
105	56.0256	56.2984	77	None	None	0	4	1.904127678716464
106	56.2984	56.5711	75	None	None	0	3	1.9147040054034397
107	56.5711	56.8438	74	None	None	0	2	1.4528296055365841
108	56.8438	57.1166	75	None	None	0	3	1.1462093964773505
109	57.1166	57.3893	77	None	None	0	4	1.2188187654281792
110	57.3893	57.6620	79	None	None	0	5	1.6056872323271287
111	57.6620	59.8438	72	None	None	0	3	2.243091554387302
112	60.9347	62.0256	77	None	None	0	5	2.4212506286474644
113	62.0256	63.6620	75	None	None	0	4	3.2404750865681806
114	63.6620	64.2075	74	None	None	0	3	3.1687363923674776
115	64.4802	64.7529	72	None	None	0	2	4.34448929140329
116	64.7529	65.0256	74	None	None	0	3	4.192700120450354
117	65.0256	65.2984	72	None	None	0	2	4.477282001983461
118	65.2984	65.5711	71	None	None	0	1	4.425060747628065
119	65.5711	65.8438	72	None	None	0	2	7.163562489788394
120	65.8438	66.1166	74	None	None	0	3	7.442202976559275
121	66.1166	66.3893	75	None	None	0	4	15.633003402420481
122	66.3893	67.4802	67	None	None	0	1	15.754519081862986
123	67.4802	68.5711	84	None	None	0	5	16.085322570173254
124	68.8438	69.1166	83	None	None	0	3	16.16482771970568
125	69.1166	69.3893	82	None	None	0	2	16.665857460870406
126	69.3893	69.6620	81	None	None	0	1	16.325168339693505
127	69.6620	69.9347	80	None	None	0	4	9.762903738731161
128	69.9347	70.2075	77	None	None	0	3	10.84943016840875
129	70.2075	70.4802	68	None	None	0	1	7.800880413140953
130	70.4802	70.7529	73	None	None	0	5	7.003309758862968
131	70.7529	71.0256	64	None	None	0	0	-1
132	71.0256	71.2984	72	None	None	0	0	-1
133	71.2984	71.5711	73	None	None	0	0	-1
134	71.5711	71.8438	72	None	None	0	0	-1
135	71.8438	72.1166	75	None	None	0	0	-1
136	72.1166	72.3893	76	None	None	0	0	-1
137	72.3893	72.6620	80	None	None	0	0	-1
138	72.6620	72.9347	79	None	None	0	5	6.043600671976059
139	72.9347	73.2075	65	None	None	0	1	5.047084992533536
140	73.2075	73.4802	72	None	None	0	2	3.467260987206755
141	73.4802	73.7529	77	None	None	0	3	2.5418366831198616
142	73.7529	74.0256	79	None	None	0	4	2.593101462367958
143	74.0256	74.2984	82	None	None	0	5	3.308668231883903
144	74.2984	74.5711	80	None	None	0	4	2.9719715613457725
145	74.5711	74.8438	72	None	None	0	1	3.948867435251689
146	74.8438	75.1166	74	None	None	0	3	3.6896323277772325
147	75.1166	76.2075	75	None	None	0	5	4.03437428155701
148	76.7529	76.9347	72	None	None	0	4	3.9993192097914623
149	76.9347	77.1166	74	None	None	0	5	3.6448356965937196
150	77.1166	77.2984	72	None	None	0	4	3.324393872575146
151	77.2984	78.3893	67	None	None	0	2	2.966926319813072
152	78.9347	79.1166	67	None	None	0	3	2.9110782305469245
153	79.1166	79.2984	68	None	None	0	4	1.756170322708243
154	79.2984	79.4802	67	None	None	0	3	0.990758975253487
155	79.4802	87.8180	60	None	None	0	1	0.2951774319257444
156	87.8180	93.2726	64	None	None	0	2	0.297570281661467
157	93.2726	95.9999	62	None	None	0	1	0.31766465636006913
158	95.9999	98.0453	64	None	None	0	2	0.24526660561830807
159	98.0453	98.7271	65	None	None	0	3	0.20910149503469774
160	98.7271	200.1815	60	None	None	0	1	0.12846429078941776
161	98.7271	200.1815	64	None	None	0	2	0.11715951254087242
162	106.9089	216.5452	60	None	None	0	1	0.12317463649789494
163	106.9089	216.5452	64	None	None	0	2	0.18566978964825878
164	109.6362	224.7270	60	None	None	0	2	0.20608637413855238
165	109.6362	224.7270	67	None	None	0	4	0.40537866282663937
166	115.0908	232.9088	60	None	None	0	1	0.47996365230524596
167	115.0908	232.9088	64	None	None	0	2	0.4907013188939767
168	128.7271	260.1815	63	None	None	0	1	0.44341423726811013
169	128.7271	260.1815	65	None	None	0	2	0.44491616525175026
170	128.7271	260.1815	67	None	None	0	3	0.4431047893578693
171	131.4544	268.3633	64	None	None	0	1	0.46378979165460654
172	131.4544	268.3633	67	None	None	0	2	0.48158216933544207
173	131.4544	268.3633	76	None	None	0	5	0.5341490065694253
174	136.9089	276.5452	62	None	None	0	1	0.5588016698833799
175	136.9089	276.5452	67	None	None	0	2	0.8525697228955171
176	136.9089	276.5452	74	None	None	0	5	1.2352421169082755
177	139.6362	280.6361	64	None	None	0	1	1.2319256120594468
178	139.6362	280.6361	67	None	None	0	2	1.314245249919718
179	139.6362	280.6361	76	None	None	0	5	1.3480232672779295
180	140.9999	283.3633	65	None	None	0	1	1.9058739764138153
181	140.9999	283.3633	67	None	None	0	2	1.7378816683484122
182	140.9999	283.3633	71	None	None	0	3	1.6912799063425255
183	140.9999	283.3633	77	None	None	0	5	1.4326639267478383
184	142.3635	287.4543	64	None	None	0	1	1.0530241580764894
185	142.3635	287.4543	67	None	None	0	2	1.1106585315518678
186	142.3635	287.4543	72	None	None	0	3	1.0917620906883692
187	142.3635	287.4543	76	None	None	0	5	1.0277446026642174
188	145.0908	292.9088	55	None	None	0	1	0.5313045475424889
189	145.0908	292.9088	60	None	None	0	2	0.4270900321543402
190	145.0908	292.9088	64	None	None	0	3	0.42709003215434016
191	145.0908	292.9088	67	None	None	0	4	0.3971766064410748
192	147.8180	298.3633	60	None	None	0	1	0.44896806257336774
193	147.8180	298.3633	64	None	None	0	2	0.44896806257336835
194	147.8180	298.3633	69	None	None	0	3	0.5116371280559391
195	147.8180	298.3633	72	None	None	0	4	0.51163712805594
196	150.5453	303.8179	64	None	None	0	1	0.561533774817539
197	150.5453	303.8179	67	None	None	0	2	0.7078211212536851
198	150.5453	303.8179	71	None	None	0	3	0.6707788902070417
199	150.5453	303.8179	76	None	None	0	5	0.6297316647875952
200	153.2726	311.9997	64	None	None	0	1	0.5492609301620235
201	153.2726	311.9997	67	None	None	0	2	0.840682611374699
202	153.2726	311.9997	72	None	None	0	3	0.7803013527619278
203	153.2726	311.9997	76	None	None	0	4	0.8605851275794638
204	153.2726	311.9997	79	None	None	0	5	0.9152363422990047
205	158.7271	320.1815	64	None	None	0	1	1.1543082602836496
206	158.7271	320.1815	68	None	None	0	2	1.2131503147712133
207	158.7271	320.1815	71	None	None	0	3	1.254691463348964
208	158.7271	320.1815	76	None	None	0	5	1.3341193183984197
209	161.4544	324.2724	60	None	None	0	1	1.1669436006824396
210	161.4544	324.2724	62	None	None	0	2	1.8873919301639548
211	161.4544	324.2724	69	None	None	0	3	1.734457141753352
212	161.4544	324.2724	74	None	None	0	5	1.686208607004937
213	163.4999	327.6815	59	None	None	0	1	1.3682919964787907
214	163.4999	327.6815	65	None	None	0	2	1.1177083910290677
215	163.4999	327.6815	67	None	None	0	3	1.1202860388690674
216	164.1817	333.8179	65	None	None	0	1	0.8362853159952509
217	164.1817	333.8179	67	None	None	0	2	0.5767241695711544
218	164.1817	333.8179	74	None	None	0	5	0.5518967734393273
219	169.6362	344.7270	60	None	None	0	1	0.49727612812719263
220	169.6362	344.7270	64	None	None	0	2	0.6012636385301787
221	169.6362	344.7270	72	None	None	0	5	0.6296983387926309
222	175.0908	355.6361	69	None	None	0	1	0.5082796158995967
223	175.0908	355.6361	72	None	None	0	2	0.8170644391183854
224	175.0908	355.6361	81	None	None	0	5	1.5728532964777542
225	180.5453	363.8179	67	None	None	0	1	1.5185591000468333
226	180.5453	363.8179	72	None	None	0	2	1.5081655704427956
227	180.5453	363.8179	79	None	None	0	5	1.639605617166476
228	183.2726	369.2724	67	None	None	0	1	1.9711972570378635
229	183.2726	369.2724	69	None	None	0	2	1.9711972570378646
230	183.2726	369.2724	72	None	None	0	3	2.066078081822229
231	183.2726	369.2724	81	None	None	0	5	1.9001419056368567
232	185.9999	374.7270	66	None	None	0	1	1.212572322241892
233	185.9999	374.7270	69	None	None	0	2	1.1786213200355535
234	185.9999	374.7270	74	None	None	0	3	1.1636438761120902
235	185.9999	374.7270	78	None	None	0	5	1.5262737734684728
236	188.7271	379.4997	60	None	None	0	1	1.2672365223856739
237	188.7271	379.4997	62	None	None	0	2	1.493810188941953
238	188.7271	379.4997	69	None	None	0	3	1.344751851780719
239	188.7271	379.4997	74	None	None	0	5	1.3506573409860465
240	190.7726	382.2270	62	None	None	0	1	1.2863823561678798
241	190.7726	382.2270	70	None	None	0	3	1.2045080033421143
242	190.7726	382.2270	74	None	None	0	5	1.265336194019217
243	191.4544	385.6361	62	None	None	0	1	1.2556751959052757
244	191.4544	385.6361	71	None	None	0	3	1.141557478790897
245	191.4544	385.6361	74	None	None	0	5	0.865484235482997
246	194.1817	391.0906	62	None	None	0	1	0.8069871389214885
247	194.1817	391.0906	66	None	None	0	2	0.8568206253707311
248	194.1817	391.0906	74	None	None	0	5	0.8813110364869463
249	196.9089	399.2724	71	None	None	0	1	0.5301221552538524
250	196.9089	399.2724	74	None	None	0	2	0.8581010571575945
251	196.9089	399.2724	83	None	None	0	5	1.5448115532531315
252	202.3635	407.4543	69	None	None	0	1	1.4905173568222112
253	202.3635	407.4543	74	None	None	0	2	1.4801238272181734
254	202.3635	407.4543	81	None	None	0	5	1.6115638739418525
255	205.0908	412.9088	69	None	None	0	1	1.6454315075236354
256	205.0908	412.9088	71	None	None	0	2	1.5491874160639663
257	205.0908	412.9088	75	None	None	0	3	1.4872429756816534
258	205.0908	412.9088	83	None	None	0	5	1.3238436820052992
259	207.8180	418.6361	68	None	None	0	1	0.851354304421476
260	207.8180	418.6361	71	None	None	0	2	0.9802013416286415
261	207.8180	418.6361	76	None	None	0	3	1.1035043069734094
262	207.8180	418.6361	80	None	None	0	5	1.3385826689385074
263	210.8180	423.1361	67	None	None	0	1	1.36593375013712
264	210.8180	423.1361	71	None	None	0	2	1.4587705622863494
265	210.8180	423.1361	76	None	None	0	3	4.265574279418165
266	210.8180	423.1361	79	None	None	0	5	5.519236266065661
267	212.3180	426.1361	65	None	None	0	1	5.812851647406783
268	212.3180	426.1361	67	None	None	0	2	6.365657790701264
269	212.3180	425.1361	74	None	None	0	3	6.097944657060712
270	212.3180	426.1361	79	None	None	0	5	6.100182200263476
271	212.8180	213.5680	77	None	None	0	4	5.992761994825621
272	213.5680	213.8180	76	None	None	0	3	5.9693440254873495
273	213.8180	430.6361	64	None	None	0	1	3.313381962287809
274	213.8180	430.6361	72	None	None	0	2	2.139664514984556
275	213.8180	430.6361	76	None	None	0	3	1.7858379692119506
276	213.8180	430.6361	79	None	None	0	5	1.2565012160778293
277	216.8180	435.1361	65	None	None	0	0	-1
278	216.8180	435.1361	67	None	None	0	0	-1
279	216.8180	435.1361	71	None	None	0	0	-1
280	216.8180	435.1361	74	None	None	0	0	-1
281	216.8180	435.1361	79	None	None	0	0	-1
282	218.3180	437.3861	65	None	None	0	0	-1
283	218.3180	437.3861	67	None	None	0	0	-1
284	218.3180	437.3861	71	None	None	0	0	-1
285	218.3180	437.3861	76	None	None	0	0	-1
286	218.3180	437.3861	79	None	None	0	0	-1
287	219.0680	438.8861	65	None	None	0	0	-1
288	219.0680	438.8861	67	None	None	0	0	-1
289	219.0680	438.8861	71	None	None	0	1	4.017847642325657
290	219.0680	438.8861	77	None	None	0	4	3.955386999092279
291	219.0680	438.8861	79	None	None	0	5	4.000664993942124
292	219.8180	440.9694	64	None	None	0	1	3.0339168993554524
293	219.8180	440.9694	72	None	None	0	2	2.534049898291458
294	219.8180	440.9694	76	None	None	0	3	2.4885968332998334
295	219.8180	440.9694	79	None	None	0	5	2.4009966769582305
296	221.1514	443.6361	55	None	None	0	1	1.0480066443238076
297	221.1514	443.6361	60	None	None	0	2	0.8424418603535175
298	221.1514	443.6361	64	None	None	0	3	0.842441860403738
299	221.1514	443.6361	67	None	None	0	4	0.783437153931342
300	222.4847	446.3027	60	None	None	0	1	0.8407461240310078
301	222.4847	446.3027	64	None	None	0	2	0.8823574197120718
302	222.4847	446.3027	69	None	None	0	3	0.8478889811738629
303	222.4847	446.3027	72	None	None	0	4	0.8676841085271281
304	223.8180	448.9694	64	None	None	0	1	9.380143563673306
305	223.8180	448.9694	67	None	None	0	2	12.61646198425792
306	223.8180	448.9694	71	None	None	0	3	13.159087744613526
307	223.8180	448.9694	76	None	None	0	5	14.72937426243175
308	225.1514	450.9027	67	None	None	0	1	15.77920813501918
309	225.1514	450.9027	72	None	None	0	2	17.349667694323017
310	225.1514	450.9027	76	None	None	0	3	18.434385331207977
311	225.1514	450.9027	79	None	None	0	5	19.946428560330116
312	225.7514	451.6498	54	None	None	0	1	11.192176839956552
313	225.7514	451.6498	66	None	None	0	5	12.735544159034593
314	225.8984	451.9439	55	None	None	0	1	15.736564534352313
315	225.8984	451.9439	67	None	None	0	5	16.826530514926713
316	226.0455	452.2380	55	None	None	0	1	19.285459188268458
317	226.0455	452.2380	67	None	None	0	5	20.375425260244604
318	226.1925	452.5321	55	None	None	0	1	20.917517047158537
319	226.1925	452.5321	67	None	None	0	5	20.9175169875285
320	226.3396	452.8263	56	None	None	0	1	19.891156455529362
321	226.3396	452.8263	68	None	None	0	5	19.17559523955814
322	226.4867	453.1204	56	None	None	0	1	15.792942242352016
323	226.4867	453.1204	68	None	None	0	5	14.326483486877613
324	226.6337	453.4145	56	None	None	0	1	14.104145433693247
325	226.6337	453.4145	68	None	None	0	5	12.155754482439036
326	226.7808	453.7086	55	None	None	0	1	10.45432200731766
327	226.7808	453.7086	67	None	None	0	5	8.988113236151232
328	226.9278	454.0027	55	None	None	0	1	9.387272916370746
329	226.9278	454.0027	67	None	None	0	2	4.023587458718236
330	227.0749	455.3498	64	None	None	0	1	4.514300410161427
331	227.0749	455.3498	67	None	None	0	2	4.599474478809795
332	227.0749	455.3498	76	None	None	0	5	3.3767065827801224
333	228.2749	457.2998	62	None	None	0	1	3.205199517681123
334	228.2749	457.2998	67	None	None	0	2	3.1129092678511356
335	228.2749	457.2998	74	None	None	0	5	4.0599806598882
336	229.0249	458.6498	55	None	None	0	1	9.614902626777571
337	229.0249	458.6498	59	None	None	0	2	10.442873815236657
338	229.0249	458.6498	65	None	None	0	3	10.2663281851077
339	229.0249	458.6498	67	None	None	0	4	11.817857102847764
340	229.6249	459.8498	62	None	None	0	1	12.430101987211255
341	229.6249	459.8498	65	None	None	0	2	14.082908089807619
342	229.6249	459.8498	67	None	None	0	3	16.206207463051832
343	229.6249	459.8498	74	None	None	0	5	17.861819765782602
344	230.2249	460.5969	54	None	None	0	1	11.365646288392488
345	230.2249	460.5969	66	None	None	0	5	12.19345239096479
346	230.3720	460.8910	55	None	None	0	1	12.735544224126851
347	230.3720	460.8910	67	None	None	0	5	12.735544231282455
348	230.5190	461.1851	55	None	None	0	1	13.761904843304599
349	230.5190	461.1851	67	None	None	0	5	14.477466144461587
350	230.6661	461.4792	56	None	None	0	1	12.909013702158227
351	230.6661	461.4792	68	None	None	0	5	12.193452401001236
352	230.8131	461.7733	57	None	None	0	1	12.735544231282464
353	230.8131	461.7733	69	None	None	0	5	12.735544231282464
354	230.9602	462.0674	57	None	None	0	1	11.651360575366498
355	230.9602	462.0674	69	None	None	0	5	10.02942182086877
356	231.1073	462.3616	58	None	None	0	1	9.398788302452326
357	231.1073	462.3616	70	None	None	0	5	7.079298449771268
358	231.2543	462.6557	59	None	None	0	1	6.497898231054649
359	231.2543	462.6557	71	None	None	0	5	5.251283171745409
360	231.4014	462.9498	59	None	None	0	1	6.761487267833736
361	231.4014	462.9498	71	None	None	0	5	5.6811301448532445
362	231.5484	465.4969	60	None	None	0	1	5.681130139649168
363	231.5484	465.4969	64	None	None	0	2	7.3030688869912925
364	231.5484	465.4969	72	None	None	0	5	6.907341793385595
365	233.9484	468.4969	69	None	None	0	1	8.161270344761425
366	233.9484	468.4969	72	None	None	0	2	9.370841802242396
367	233.9484	468.4969	81	None	None	0	5	10.881377556214089
368	234.5484	469.2439	59	None	None	0	1	10.397533992124886
369	234.5484	469.2439	71	None	None	0	5	12.1934523310766
370	234.6955	469.5380	60	None	None	0	1	15.736564534352299
371	234.6955	469.5380	72	None	None	0	5	16.82653051492669
372	234.8425	469.8321	60	None	None	0	1	19.285459188268433
373	234.8425	469.8321	72	None	None	0	5	20.375425260244572
374	234.9896	470.1263	60	None	None	0	1	19.833333386596046
375	234.9896	470.1263	72	None	None	0	5	19.833333326966006
376	235.1367	470.4204	61	None	None	0	1	19.833333326966027
377	235.1367	470.4204	73	None	None	0	5	19.833333326966027
378	235.2837	470.7145	61	None	None	0	1	16.47742352767557
379	235.2837	470.7145	73	None	None	0	5	15.185799432448551
380	235.4308	471.0086	61	None	None	0	1	11.458416029264518
381	235.4308	471.0086	73	None	None	0	5	10.063672107339244
382	235.5778	471.3027	62	None	None	0	1	11.35066191422339
383	235.5778	471.3027	74	None	None	0	5	10.270304792134281
384	235.7249	471.5969	63	None	None	0	1	10.2703047825315
385	235.7249	471.5969	75	None	None	0	4	8.853638071912414
386	235.8720	472.3439	67	None	None	0	1	12.447345509283915
387	235.8720	472.3439	72	None	None	0	2	13.966648167988843
388	235.8720	472.3439	75	None	None	0	3	17.44930904249863
389	235.8720	472.3439	79	None	None	0	5	20.039965991935993
390	236.4720	473.0910	60	None	None	0	1	18.752976185051846
391	236.4720	473.0910	72	None	None	0	5	19.833333307140954
392	236.6190	473.3851	61	None	None	0	1	18.80697278474459
393	236.6190	473.3851	73	None	None	0	5	18.091411578995658
394	236.7661	473.6792	61	None	None	0	1	15.258078322759735
395	236.7661	473.6792	73	None	None	0	5	14.542517166418548
396	236.9131	473.9733	61	None	None	0	1	12.735544254256803
397	236.9131	473.9733	73	None	None	0	5	12.735544169071035
398	237.0602	474.2674	62	None	None	0	1	12.755059471996693
399	237.0602	474.2674	74	None	None	0	5	11.417899622544732
400	237.2073	474.5616	62	None	None	0	1	11.122359183728008
401	237.2073	474.5616	74	None	None	0	5	14.46048034323723
402	237.3543	474.8557	62	None	None	0	1	21.04381385559512
403	237.3543	474.8557	74	None	None	0	5	19.825956685032203
404	237.5014	475.1498	63	None	None	0	1	18.007268136412957
405	237.5014	475.1498	75	None	None	0	4	15.494111570560811
406	237.6484	475.4969	67	None	None	0	1	19.74233586665548
407	237.6484	475.4969	69	None	None	0	2	19.29071523774823
408	237.6484	475.4969	72	None	None	0	3	19.21120843359356
409	237.6484	475.4969	81	None	None	0	5	17.32292189278172
410	237.8484	476.4469	66	None	None	0	1	10.739588337056531
411	237.8484	476.4469	69	None	None	0	2	11.95744544798941
412	237.8484	476.4469	74	None	None	0	3	11.659826388964522
413	237.8484	476.4469	78	None	None	0	5	13.13070227375758
414	238.5984	477.3439	61	None	None	0	1	11.043617408058168
415	238.5984	477.3439	73	None	None	0	5	12.735544149555572
416	238.7455	477.6380	62	None	None	0	1	15.73656452759412
417	238.7455	477.6380	74	None	None	0	5	16.826530514926713
418	238.8925	477.9321	62	None	None	0	1	19.285459188268455
419	238.8925	477.9321	74	None	None	0	5	20.375425260244594
420	239.0396	478.2263	62	None	None	0	1	19.833333386596067
421	239.0396	478.2263	74	None	None	0	5	19.833333326966027
422	239.1867	478.5204	63	None	None	0	1	18.80697279496688
423	239.1867	478.5204	75	None	None	0	5	18.091411578995658
424	239.3337	478.8145	63	None	None	0	1	15.258078322759735
425	239.3337	478.8145	75	None	None	0	5	14.542517166418548
426	239.4808	479.1086	63	None	None	0	1	10.625000061695197
427	239.4808	479.1086	75	None	None	0	5	9.909438760538206
428	239.6278	479.4027	64	None	None	0	1	10.451530590819438
429	239.6278	479.4027	76	None	None	0	5	10.451530590819438
430	239.7749	479.6969	64	None	None	0	1	10.451530634186737
431	239.7749	479.6969	76	None	None	0	5	10.451530693816773
432	239.9220	479.9910	64	None	None	0	1	11.477891182448598
433	239.9220	479.9910	76	None	None	0	5	12.193452338789784
434	240.0690	480.2851	65	None	None	0	1	15.736564538774736
435	240.0690	480.2851	77	None	None	0	5	16.826530510140156
436	240.2161	480.5792	65	None	None	0	1	19.153708311321385
437	240.2161	480.5792	77	None	None	0	5	20.144692716648795
438	240.3631	480.8733	65	None	None	0	1	19.553174823296366
439	240.3631	480.8733	77	None	None	0	5	19.430406908272783
440	240.5102	481.1674	66	None	None	0	1	19.17694013618678
441	240.5102	481.1674	78	None	None	0	5	18.90712066912748
442	240.6573	481.4708	66	None	None	0	1	17.964107017564224
443	240.6573	481.4708	78	None	None	0	5	17.911327839511376
444	240.8135	481.7937	66	None	None	0	1	14.547498751831247
445	240.8135	481.7937	78	None	None	0	5	13.58568494894767
446	240.9802	482.1389	67	None	None	0	1	14.654385327229251
447	240.9802	482.1389	79	None	None	0	5	14.908105555942777
448	241.1587	482.5098	68	None	None	0	1	13.39541590567494
449	241.1587	482.5098	80	None	None	0	5	11.313704789846689
450	241.3510	482.9104	68	None	None	0	1	9.029131692547493
451	241.3510	482.9104	80	None	None	0	5	15.45703173484392
452	241.5594	483.3460	69	None	None	0	1	15.76025843644374
453	241.5594	483.3460	81	None	None	0	5	15.094614481961981
454	241.7867	483.8233	70	None	None	0	1	15.072789083946153
455	241.7867	483.8233	82	None	None	0	5	14.486479573189941
456	242.0367	484.6733	71	None	None	0	1	15.681632600980898
457	242.0367	484.6733	74	None	None	0	2	16.862244873828296
458	242.0367	484.6733	83	None	None	0	5	17.395408146416912
459	242.6367	485.4204	61	None	None	0	1	11.192176839288434
460	242.6367	485.4204	73	None	None	0	5	12.735544159034603
461	242.7837	485.7145	62	None	None	0	1	15.73656453435232
462	242.7837	485.7145	74	None	None	0	5	16.826530514926713
463	242.9308	486.0086	62	None	None	0	1	19.285459188268455
464	242.9308	486.0086	74	None	None	0	5	20.375425260244594
465	243.0778	486.3027	62	None	None	0	1	19.833333386596067
466	243.0778	486.3027	74	None	None	0	5	19.833333326966027
467	243.2249	486.5968	63	None	None	0	1	17.722789134404422
468	243.2249	486.5968	75	None	None	0	5	17.0072279184332
469	243.3719	486.8910	63	None	None	0	1	13.913690574369294
470	243.3719	486.8910	75	None	None	0	5	12.194898101624663
471	243.5190	487.1851	63	None	None	0	1	9.066024255396824
472	243.5190	487.1851	75	None	None	0	5	9.059438843297484
473	243.6661	487.4792	64	None	None	0	1	10.346428650181632
474	243.6661	487.4792	76	None	None	0	5	9.266071528092521
475	243.8131	487.7733	65	None	None	0	1	11.37661571105137
476	243.8131	487.7733	77	None	None	0	4	11.600680306458548
477	243.9602	488.5204	69	None	None	0	1	14.81130950341664
478	243.9602	488.5204	71	None	None	0	2	16.426020327658485
479	243.9602	488.5204	74	None	None	0	3	19.347534002660442
480	243.9602	488.5204	81	None	None	0	5	20.039965991936015
481	244.5602	489.2674	62	None	None	0	1	18.752976185051867
482	244.5602	489.2674	74	None	None	0	5	19.83333330714098
483	244.7072	489.5615	63	None	None	0	1	18.80697278474459
484	244.7072	489.5615	75	None	None	0	5	18.091411578995658
485	244.8543	489.8557	63	None	None	0	1	15.258078322759735
486	244.8543	489.8557	75	None	None	0	5	14.542517166418548
487	245.0014	490.1498	63	None	None	0	1	10.625000061695197
488	245.0014	490.1498	75	None	None	0	5	9.909438760538206
489	245.1484	490.4439	64	None	None	0	1	10.022959166227574
490	245.1484	490.4439	76	None	None	0	5	8.902125845453444
491	245.2955	490.7380	64	None	None	0	1	8.236484318202416
492	245.2955	490.7380	76	None	None	0	5	9.697079835063084
493	245.4425	491.0321	64	None	None	0	1	16.280413347421696
494	245.4425	491.0321	76	None	None	0	5	15.062556176858829
495	245.5896	491.3792	65	None	None	0	1	15.35441182080123
496	245.5896	491.3792	77	None	None	0	4	14.568721215285525
497	245.7896	491.7792	69	None	None	0	1	18.70531270328852
498	245.7896	491.7792	71	None	None	0	2	18.486139784206244
499	245.7896	491.7792	75	None	None	0	3	18.18971894310125
500	245.7896	491.7792	83	None	None	0	5	17.543141560850376
501	245.9896	492.6935	68	None	None	0	1	10.959808005124463
502	245.9896	492.6935	71	None	None	0	2	12.177665116057293
503	245.9896	492.6935	76	None	None	0	3	11.880046057032263
504	245.9896	492.6935	80	None	None	0	5	13.350921941825312
505	246.7039	493.5548	63	None	None	0	1	8.963480117216802
506	246.7039	493.5548	75	None	None	0	5	9.909438743279553
507	246.8509	493.8489	64	None	None	0	1	10.451530578514657
508	246.8509	493.8489	76	None	None	0	5	10.451530590819438
509	246.9980	494.1431	64	None	None	0	1	10.451530634186737
510	246.9980	494.1431	76	None	None	0	5	10.451530693816773
511	247.1451	494.4372	64	None	None	0	1	11.477891182448598
512	247.1451	494.4372	76	None	None	0	5	12.193452338789784
513	247.2921	494.7313	65	None	None	0	1	15.736564541507903
514	247.2921	494.7313	77	None	None	0	5	16.82653051492669
515	247.4392	495.0254	65	None	None	0	1	19.285459188268433
516	247.4392	495.0254	77	None	None	0	5	20.375425260244572
517	247.5862	495.3195	65	None	None	0	1	19.833333386596046
518	247.5862	495.3195	77	None	None	0	5	19.833333326966006
519	247.7333	495.6136	66	None	None	0	1	18.80697279496688
520	247.7333	495.6136	78	None	None	0	5	18.091411578995658
521	247.8804	495.9078	66	None	None	0	1	15.258078322759735
522	247.8804	495.9078	78	None	None	0	5	14.542517166418548
523	248.0274	496.2019	66	None	None	0	1	11.665629716307455
524	248.0274	496.2019	78	None	None	0	5	11.103112355260556
525	248.1745	496.4960	67	None	None	0	1	10.871685031175486
526	248.1745	496.4960	79	None	None	0	5	10.37277388694918
527	248.3215	496.7901	67	None	None	0	1	10.981174963187922
528	248.3215	496.7901	79	None	None	0	5	9.752298671069186
529	248.4686	497.0934	67	None	None	0	1	9.708744663743396
530	248.4686	497.0934	79	None	None	0	5	9.861788609599435
531	248.6248	497.4059	67	None	None	0	1	9.131823476992716
532	248.6248	497.4059	77	None	None	0	4	8.434136686432904
533	248.6248	497.4059	79	None	None	0	5	9.744858215682186
534	248.7811	497.7184	67	None	None	0	1	8.997675624821717
535	248.7811	497.7184	77	None	None	0	4	8.299988834690469
536	248.7811	497.7184	79	None	None	0	5	9.61071036288743
537	248.9373	498.0413	67	None	None	0	1	8.863527728864437
538	248.9373	498.0413	77	None	None	0	4	8.165840914237158
539	248.9373	498.0413	79	None	None	0	5	7.769270782640459
540	249.1040	498.3747	67	None	None	0	1	8.346651790764447
541	249.1040	498.3747	77	None	None	0	4	7.018712833783089
542	249.1040	498.3747	79	None	None	0	5	7.67208679564057
543	249.2707	498.7080	67	None	None	0	1	6.589394501504565
544	249.2707	498.7080	77	None	None	0	4	6.467536038290055
545	249.2707	498.7080	79	None	None	0	5	6.449435649538803
546	249.4373	499.0532	67	None	None	0	1	6.401358679927853
547	249.4373	499.0532	71	None	None	0	2	6.399469941835995
548	249.4373	499.0532	77	None	None	0	4	6.3267185486681
549	249.4373	499.0532	79	None	None	0	5	6.308618141954454
550	249.6159	499.4104	67	None	None	0	1	5.717610584563091
551	249.6159	499.4104	71	None	None	0	2	6.3466644140206965
552	249.6159	499.4104	77	None	None	0	4	7.7249099826290735
553	249.6159	499.4104	79	None	None	0	5	7.42518814175016
554	249.7945	499.8271	67	None	None	0	1	6.35241863893042
555	249.7945	499.8271	71	None	None	0	2	6.450293452028254
556	249.7945	499.8271	77	None	None	0	3	4.376783674039258
557	249.7945	499.8271	79	None	None	0	4	4.081319884893581
558	250.0326	501.0026	76	None	None	0	1	2.283009511603106
559	250.0326	501.0026	79	None	None	0	2	2.2859654816678523
560	250.0326	501.0026	88	None	None	0	5	1.1233345158451045
561	252.7701	506.5401	76	None	None	0	1	1.4855698275831837
562	252.7701	506.5401	79	None	None	0	2	1.5158550474195955
563	252.7701	506.5401	88	None	None	0	5	1.678733767407475
564	253.7701	508.2901	74	None	None	0	1	1.3614795918774203
565	253.7701	508.2901	79	None	None	0	2	1.6301020405074034
566	253.7701	508.2901	86	None	None	0	5	2.1506485124095165
567	254.5201	509.8735	76	None	None	0	1	2.1241931110535823
568	254.5201	509.8735	79	None	None	0	2	2.2323394218955666
569	254.5201	509.8735	88	None	None	0	5	2.0105046047132213
570	255.3534	511.6443	77	None	None	0	1	2.641031798754948
571	255.3534	511.6443	79	None	None	0	2	6.42043127384477
572	255.3534	511.6443	83	None	None	0	3	6.306535714251812
573	255.3534	511.6443	89	None	None	0	5	6.8512535850235174
574	256.2909	512.7289	76	None	None	0	1	7.80707270348515
575	256.2909	512.7289	79	None	None	0	2	8.887624775685643
576	256.2909	512.7289	84	None	None	0	3	11.714531948249478
577	256.2909	512.7289	88	None	None	0	4	12.715822469159725
578	256.4380	513.1537	84	None	None	0	1	10.020926974541165
579	256.4380	513.1537	96	None	None	0	5	9.571354564987658
580	256.7157	513.7093	86	None	None	0	1	11.16584804472603
581	256.7157	513.7093	98	None	None	0	5	11.294006752980849
582	256.9935	514.2251	84	None	None	0	1	12.576569689763328
583	256.9935	514.2251	96	None	None	0	5	12.859657871117234
584	257.2316	514.7013	79	None	None	0	1	9.702716273424278
585	257.2316	514.7013	91	None	None	0	5	9.857645852603758
586	257.4697	515.1775	81	None	None	0	1	11.655432624740797
587	257.4697	515.1775	93	None	None	0	5	11.810362256056214
588	257.7078	515.6156	79	None	None	0	1	13.264713268374877
589	257.7078	515.6156	91	None	None	0	5	13.591517788268304
590	257.9078	516.0156	76	None	None	0	1	10.926339259550454
591	257.9078	516.0156	88	None	None	0	5	11.098214262039871
592	258.1078	516.4156	77	None	None	0	1	13.120535745276678
593	258.1078	516.4156	89	None	None	0	5	13.292410802282042
594	258.3078	516.7823	76	None	None	0	1	15.866390283375814
595	258.3078	516.7823	88	None	None	0	5	16.161033081325144
596	258.4745	517.1156	72	None	None	0	1	13.157206596173387
597	258.4745	517.1156	84	None	None	0	5	13.279974456642893
598	258.6411	517.4489	74	None	None	0	1	15.457908186344387
599	258.6411	517.4489	86	None	None	0	5	15.580676102576453
600	258.8078	517.7627	72	None	None	0	1	16.833864784580236
601	258.8078	517.7627	84	None	None	0	5	16.956632583174404
602	258.9549	518.0568	67	None	None	0	1	12.619897948014895
603	258.9549	518.0568	79	None	None	0	5	12.61989795066516
604	259.1019	518.3509	69	None	None	0	1	14.788265353878185
605	259.1019	518.3509	81	None	None	0	5	14.78826541350822
606	259.2490	518.6450	67	None	None	0	1	15.872448991982571
607	259.2490	518.6450	79	None	None	0	5	15.872448932352535
608	259.3960	518.9391	64	None	None	0	1	12.619897950665125
609	259.3960	518.9391	76	None	None	0	5	12.61989795066474
610	259.5431	519.2333	65	None	None	0	1	14.788265353878295
611	259.5431	519.2333	77	None	None	0	5	14.788265413508714
612	259.6902	519.5274	64	None	None	0	1	15.872448991982292
613	259.6902	519.5274	76	None	None	0	5	15.87244893235187
614	259.8372	519.8215	60	None	None	0	1	16.956632592914332
615	259.8372	519.8215	72	None	None	0	5	16.956632592914325
616	259.9843	520.1156	62	None	None	0	1	17.780612209016134
617	259.9843	520.1156	74	None	None	0	5	16.400085024892533
618	260.1313	520.4097	60	None	None	0	1	15.02036088017449
619	260.1313	520.4097	72	None	None	0	5	14.384306443261265
620	260.2784	520.7038	57	None	None	0	1	17.80934895629497
621	260.2784	520.7038	69	None	None	0	0	-1
622	260.4255	520.9980	52	None	None	0	0	-1
623	260.4255	520.9980	64	None	None	0	0	-1
624	260.5725	521.3450	55	None	None	0	0	-1
625	260.5725	521.3450	60	None	None	0	0	-1
626	260.5725	521.3450	64	None	None	0	1	18.781785047258687
627	260.5725	521.3450	67	None	None	0	2	19.954151366977392
628	260.7725	521.8228	75	None	None	0	2	17.214085994296386
629	260.7725	521.8228	87	None	None	0	5	13.032370738319582
630	261.0503	522.3784	74	None	None	0	1	16.161905436025503
631	261.0503	522.3784	86	None	None	0	5	16.812951482953146
632	261.3281	522.8942	73	None	None	0	1	14.43059840620676
633	261.3281	522.8942	85	None	None	0	5	14.245724388923167
634	261.5662	523.3704	72	None	None	0	1	17.78370221293012
635	261.5662	523.3704	84	None	None	0	5	18.527917498538166
636	261.8043	523.8466	71	None	None	0	1	18.2947686674053
637	261.8043	523.8466	83	None	None	0	5	18.449698298720715
638	262.0424	524.2847	70	None	None	0	1	19.59563622561975
639	262.0424	524.2847	82	None	None	0	5	20.062499825467498
640	262.2424	524.6847	69	None	None	0	1	20.243303399514815
641	262.2424	524.6847	81	None	None	0	5	20.415178402004234
642	262.4424	525.0847	68	None	None	0	1	17.214285649660674
643	262.4424	525.0847	80	None	None	0	5	16.345349608712993
644	262.6424	525.4514	67	None	None	0	1	18.060658428947278
645	262.6424	525.4514	79	None	None	0	5	17.14519596478293
646	262.8090	525.7847	66	None	None	0	1	11.730626475547549
647	262.8090	525.7847	78	None	None	0	5	9.842698143881188
648	262.9757	526.1180	65	None	None	0	1	10.557302756058341
649	262.9757	526.1180	77	None	None	0	2	5.898884402773574
650	263.1424	527.4204	76	None	None	0	1	5.583124741478167
651	263.1424	527.4204	80	None	None	0	2	5.572002986199032
652	263.1424	527.4204	88	None	None	0	5	5.872983514641808
653	264.2781	529.1561	74	None	None	0	1	5.430282676833436
654	264.2781	529.1561	77	None	None	0	2	5.5380920433494625
655	264.2781	529.1561	86	None	None	0	5	5.540462018140731
656	264.8781	530.3561	65	None	None	0	1	3.5634212018140756
657	264.8781	530.3561	67	None	None	0	0	-1
658	264.8781	530.3561	74	None	None	0	0	-1
659	264.8781	530.3561	79	None	None	0	0	-1
660	265.4781	531.5811	74	None	None	0	0	-1
661	265.4781	531.5811	77	None	None	0	0	-1
662	265.4781	531.5811	79	None	None	0	0	-1
663	265.4781	531.5811	83	None	None	0	0	-1
664	265.4781	531.5811	86	None	None	0	1	10.686860145250638
665	266.1031	532.4839	88	None	None	0	1	12.789232968187976
666	266.1031	532.4839	100	None	None	0	5	13.440337856166977
667	266.3808	533.0181	86	None	None	0	1	13.616764053374462
668	266.3808	533.0181	98	None	None	0	5	13.744922706062917
669	266.6373	533.5126	81	None	None	0	1	13.91265585618458
670	266.6373	533.5126	93	None	None	0	5	13.975352227831998
671	266.8754	533.9888	79	None	None	0	1	13.975352156863918
672	266.8754	533.9888	91	None	None	0	5	13.975352105311634
673	267.1134	534.4650	76	None	None	0	1	17.93661965515311
674	267.1134	534.4650	88	None	None	0	5	16.751408404240536
675	267.3515	534.9412	74	None	None	0	1	16.41455394889106
676	267.3515	534.9412	86	None	None	0	5	15.528550440243182
677	267.5896	535.4174	69	None	None	0	1	12.334184153077763
678	267.5896	535.4174	81	None	None	0	5	11.66340948629534
679	267.8277	535.8936	67	None	None	0	1	11.78436023303859
680	267.8277	535.8936	79	None	None	0	5	10.59604934925272
681	268.0658	536.3698	55	None	None	0	1	4.25313085379635
682	268.0658	536.3698	59	None	None	0	2	4.249464086609187
683	268.0658	536.3698	65	None	None	0	3	2.247015699948944
684	268.0658	536.3698	67	None	None	0	4	2.088316196364969
685	268.3039	538.0364	60	None	None	0	1	1.7872206329993214
686	268.3039	538.0364	64	None	None	0	2	1.7903799105741238
687	268.3039	538.0364	72	None	None	0	5	0.7521322476012451
688	271.4650	543.3467	67	None	None	0	1	0.7049580321000382
689	271.4650	543.3467	72	None	None	0	3	1.156671556336363
690	271.4650	543.3467	75	None	None	0	4	1.713055962621448
691	271.8817	544.1801	67	None	None	0	1	1.8132863748315737
692	271.8817	544.1801	72	None	None	0	3	1.828167323627783
693	271.8817	544.1801	75	None	None	0	4	1.7130559555719753
694	272.2984	545.0134	67	None	None	0	1	1.8132863711268263
695	272.2984	545.0134	72	None	None	0	2	1.3733286102823175
696	272.2984	545.0134	75	None	None	0	3	2.0729934672025214
697	272.2984	545.8467	79	None	None	0	5	2.064016892629366
698	272.7150	545.8467	67	None	None	0	2	1.5288539625778101
699	272.7150	545.8467	72	None	None	0	4	1.329468405117816
700	272.7150	545.8467	75	None	None	0	5	1.2043998313176274
701	273.1317	546.6801	67	None	None	0	2	1.0705206286346831
702	273.1317	546.6801	72	None	None	0	4	0.8711350663508518
703	273.1317	546.6801	75	None	None	0	5	0.746066489524815
704	273.5484	547.5134	68	None	None	0	2	0.8973255427525433
705	273.5484	547.5134	72	None	None	0	4	0.8711350663508519
706	273.5484	547.5134	75	None	None	0	5	1.2929174923987983
707	273.9650	548.3467	68	None	None	0	2	1.4004251748611045
708	273.9650	548.3467	72	None	None	0	4	2.797910325618661
709	273.9650	548.3467	75	None	None	0	5	4.357480741543998
710	274.3817	549.1801	68	None	None	0	1	4.162473057742411
711	274.3817	549.1801	72	None	None	0	3	3.9618887853970968
712	274.3817	549.1801	75	None	None	0	4	3.85438110403855
713	274.7984	550.0134	68	None	None	0	1	2.935410282495392
714	274.7984	550.0134	72	None	None	0	2	2.8243421446674892
715	274.7984	550.0134	75	None	None	0	3	2.930228194955847
716	274.7984	550.8467	80	None	None	0	5	3.083931290336262
717	275.2150	550.8467	68	None	None	0	2	1.384507355992344
718	275.2150	550.8467	72	None	None	0	4	1.9861641360716036
719	275.2150	550.8467	75	None	None	0	5	2.2596911217287095
720	275.6317	551.6801	68	None	None	0	2	2.636007769018414
721	275.6317	551.6801	72	None	None	0	4	3.2376645649986813
722	275.6317	551.6801	75	None	None	0	5	3.5111915582127
723	276.0484	552.3467	65	None	None	0	1	4.948994216241919
724	276.0484	552.3467	67	None	None	0	2	5.572588873106438
725	276.0484	552.3467	74	None	None	0	4	6.7910714451557315
726	276.2984	552.8467	65	None	None	0	1	7.272704110209107
727	276.2984	552.8467	67	None	None	0	2	6.548724534367234
728	276.2984	552.8467	74	None	None	0	4	6.79107146264724
729	276.5484	553.3467	65	None	None	0	1	6.93494900461527
730	276.5484	553.3467	67	None	None	0	2	6.548724503019183
731	276.5484	553.3467	74	None	None	0	3	5.160969391065931
732	276.5484	553.5967	79	None	None	0	5	5.224489799682914
733	276.7984	553.8467	65	None	None	0	1	4.023979587026297
734	276.7984	553.8467	67	None	None	0	2	4.797448980306134
735	276.7984	553.8467	74	None	None	0	4	4.8209183756632
736	277.0484	554.3467	65	None	None	0	1	4.494387768082974
737	277.0484	554.3467	67	None	None	0	2	4.126528172016881
738	277.0484	554.3467	74	None	None	0	4	4.049221160980954
739	277.2984	554.8467	65	None	None	0	1	4.317100484291914
740	277.2984	554.8467	67	None	None	0	2	3.9492408709082203
741	277.2984	554.8467	74	None	None	0	5	4.701165843194627
742	277.5484	555.2842	63	None	None	0	1	3.231334421072155
743	277.5484	555.2842	67	None	None	0	2	3.0251897860593546
744	277.7359	555.6592	67	None	None	0	1	1.9711870255348534
745	277.7359	555.6592	72	None	None	0	3	1.7910628019323716
746	277.7359	555.6592	75	None	None	0	4	1.7643202208419702
747	277.9234	556.0342	67	None	None	0	1	2.0452035886818525
748	277.9234	556.0342	72	None	None	0	3	2.330917874396136
749	277.9234	556.0342	77	None	None	0	5	2.0840234644582485
750	278.1109	556.4092	67	None	None	0	1	2.2474120082815725
751	278.1109	556.4092	72	None	None	0	3	2.067287784679091
752	278.1109	556.4092	75	None	None	0	4	2.0405452035886897
753	278.2984	556.7842	67	None	None	0	1	2.4675638371290587
754	278.2984	556.7842	72	None	None	0	3	2.330917874396136
755	278.2984	556.7842	74	None	None	0	4	2.2301587301587356
756	278.4859	557.1592	67	None	None	0	1	2.615873015873021
757	278.4859	557.1592	72	None	None	0	3	4.29289164941339
758	278.4859	557.1592	75	None	None	0	4	4.571118012422361
759	278.6734	557.5342	67	None	None	0	1	7.031599410452575
760	278.6734	557.5342	72	None	None	0	3	6.958524276201752
761	278.6734	557.5342	77	None	None	0	5	7.106213600990377
762	278.8609	557.9092	67	None	None	0	1	7.1697844332167495
763	278.8609	557.9092	72	None	None	0	2	6.746976863595341
764	278.8609	557.9092	79	None	None	0	5	6.81986446600802
765	279.0484	558.3670	68	None	None	0	2	4.288496448741375
766	279.0484	558.9076	72	None	None	0	5	3.757547599151808
767	279.3186	558.9076	63	None	None	0	1	3.016600600271728
768	279.3186	558.9076	68	None	None	0	3	3.4842594692489643
769	279.5889	559.4481	63	None	None	0	1	3.0166006040158773
770	279.5889	559.4481	68	None	None	0	3	3.8353299830000114
771	279.8592	559.9886	63	None	None	0	1	3.486947139656534
772	279.8592	559.9886	68	None	None	0	3	3.4890945623326934
773	279.8592	560.1238	72	None	None	0	5	3.5130627112490176
774	280.1295	560.5292	63	None	None	0	1	2.8383841911680756
775	280.1295	560.5292	68	None	None	0	3	4.051841175461471
776	280.3997	561.0697	63	None	None	0	1	4.381783193636179
777	280.3997	561.0697	68	None	None	0	3	4.390686300588592
778	280.5349	561.2049	63	None	None	0	1	3.580800072676436
779	280.5349	561.2049	68	None	None	0	3	3.488914640382774
780	280.5349	561.2049	72	None	None	0	5	3.5140978473165565
781	280.6700	561.5483	62	None	None	0	1	3.561673522305172
782	280.6700	561.5483	68	None	None	0	2	2.7244467616948547
783	280.6700	561.9650	74	None	None	0	5	2.1708274700995567
784	280.8783	561.9650	62	None	None	0	1	1.3821296940144725
785	280.8783	561.9650	68	None	None	0	3	1.4005572166720004
786	281.0867	562.3817	62	None	None	0	1	1.382129698119972
787	281.0867	562.3817	68	None	None	0	3	2.521667473142993
788	281.2950	562.7983	62	None	None	0	1	3.5219204202682475
789	281.2950	562.7983	68	None	None	0	3	4.277454337246057
790	281.2950	562.7983	72	None	None	0	5	4.82895071686502
791	281.5033	563.2150	62	None	None	0	1	5.11395971019086
792	281.5033	563.2150	68	None	None	0	5	5.845920244087561
793	281.7117	563.6936	62	None	None	0	2	5.924915781198163
794	281.7117	563.6936	68	None	None	0	4	4.824561846706245
795	281.8468	563.8287	60	None	None	0	1	5.00743252209152
796	281.8468	563.8287	62	None	None	0	2	4.537102342147442
797	281.8468	563.8287	68	None	None	0	5	3.9332005778263253
798	281.9819	564.1722	60	None	None	0	2	3.5099541023442766
799	281.9819	564.1722	62	None	None	0	3	3.8932363963389944
800	281.9819	564.1722	65	None	None	0	4	3.0043494581908807
801	281.9819	564.5889	67	None	None	0	5	2.9873873835328815
802	282.1903	564.5889	60	None	None	0	2	3.5132561146579464
803	282.1903	564.5889	62	None	None	0	3	3.5724581801953486
804	282.1903	564.5889	65	None	None	0	4	3.2338089839839625
805	282.3986	565.0055	60	None	None	0	2	2.9053047008685753
806	282.3986	565.0055	62	None	None	0	3	3.2848581665146717
807	282.3986	565.0055	65	None	None	0	4	2.8238832118340365
808	282.6069	565.4014	59	None	None	0	1	2.8109265963231764
809	282.6069	565.4014	62	None	None	0	2	2.813696446660845
810	282.6069	565.4014	65	None	None	0	3	2.8573425731937965
811	282.6069	565.4014	67	None	None	0	4	2.8809375945887465
812	282.7944	565.7764	59	None	None	0	1	2.8809375940126425
813	282.7944	565.7764	62	None	None	0	2	2.8809375939532322
814	282.7944	565.7764	65	None	None	0	4	2.865754708192951
815	282.7944	565.7764	68	None	None	0	5	2.7651138688225867
816	282.9819	566.1514	59	None	None	0	1	2.9001807172737877
817	282.9819	566.1514	62	None	None	0	2	4.71341074431984
818	282.9819	566.1514	65	None	None	0	3	4.136412037591662
819	282.9819	566.1514	67	None	None	0	4	4.057271066943195
820	283.1694	566.5264	59	None	None	0	1	3.8914157722183855
821	283.1694	566.5264	62	None	None	0	2	4.10701786672814
822	283.3569	283.4819	63	None	None	0	3	3.4874946172005563
823	283.4819	283.6069	60	None	None	0	1	1.6159802706198103
824	284.8569	569.9222	67	None	None	0	2	1.4650701012562444
825	284.8569	569.9222	72	None	None	0	3	1.9511919349120193
826	284.8569	569.9222	75	None	None	0	4	2.8705262076992257
827	285.0653	570.3389	67	None	None	0	1	3.0384798720919033
828	285.0653	570.3389	72	None	None	0	3	3.0634155169947714
829	285.0653	570.3389	75	None	None	0	4	2.8705261978021572
830	285.2736	570.7555	67	None	None	0	1	3.0384798668906434
831	285.2736	570.7555	72	None	None	0	2	2.3012533496828773
832	285.2736	570.7555	75	None	None	0	3	3.473664730015935
833	285.2736	571.1722	79	None	None	0	5	3.458622902372481
834	285.4819	571.1722	67	None	None	0	2	2.5618633963067463
835	285.4819	571.1722	72	None	None	0	4	2.227757866716141
836	285.4819	571.1722	75	None	None	0	5	2.018183499259572
837	285.6903	571.5889	67	None	None	0	2	1.793845377432611
838	285.6903	571.5889	72	None	None	0	4	1.459739841069607
839	285.6903	571.5889	75	None	None	0	5	1.250165469364915
840	285.8986	572.0055	68	None	None	0	2	1.5036265852528856
841	285.8986	572.0055	72	None	None	0	4	1.459739841069607
842	285.8986	572.0055	75	None	None	0	5	2.1665103919013404
843	286.1069	572.4222	68	None	None	0	2	2.3466583998161763
844	286.1069	572.4222	72	None	None	0	4	4.688390270524045
845	286.1069	572.4222	75	None	None	0	5	7.301724487828744
846	286.3153	572.8389	68	None	None	0	1	6.974954856412012
847	286.3153	572.8389	72	None	None	0	3	6.638840672053742
848	286.3153	572.8389	75	None	None	0	4	6.458692665688523
849	286.5236	573.2555	68	None	None	0	1	4.918795615386773
850	286.5236	573.2555	72	None	None	0	2	4.7326814387293545
851	286.5236	573.2555	75	None	None	0	3	4.656444161976962
852	286.5236	573.6722	80	None	None	0	5	4.238816420098839
853	286.7319	573.6722	68	None	None	0	2	1.4309496654202365
854	286.7319	573.6722	72	None	None	0	4	1.6641864706530731
855	286.7319	573.6722	75	None	None	0	5	1.547635552194975
856	286.9403	574.0889	68	None	None	0	2	1.5904478777504454
857	286.9403	574.0889	72	None	None	0	4	1.8236846876996644
858	286.9403	574.0889	75	None	None	0	5	1.7071337668721813
859	287.1486	574.5472	68	None	None	0	2	2.7468990498080776
860	287.1486	574.5472	70	None	None	0	3	4.2865965738110905
861	287.1486	574.5472	74	None	None	0	5	5.732852789378425
862	287.3986	575.0472	68	None	None	0	2	5.557852795284033
863	287.3986	575.0472	70	None	None	0	3	5.9397328143118635
864	287.3986	575.0472	74	None	None	0	5	5.999044037812415
865	287.6486	575.5472	68	None	None	0	1	5.257568048183088
866	287.6486	575.5472	70	None	None	0	2	4.627976206951351
867	287.6486	575.5472	74	None	None	0	3	4.36011906218096
868	287.6486	575.7972	79	None	None	0	5	4.045068039522454
869	287.8986	576.0472	68	None	None	0	1	2.6675170092747478
870	287.8986	576.0472	74	None	None	0	3	2.7373927843967696
871	288.1486	576.5472	68	None	None	0	1	2.390601902630935
872	288.1486	576.5472	74	None	None	0	3	2.4872202626698483
873	288.3986	577.0472	68	None	None	0	1	1.9603051445465642
874	288.3986	577.0472	74	None	None	0	3	2.030180919668586
875	288.3986	577.0472	77	None	None	0	5	1.880114366700102
876	288.6486	577.4847	67	None	None	0	1	1.9000788735862792
877	288.6486	577.4847	72	None	None	0	3	1.9444444444444522
878	288.8361	577.8597	67	None	None	0	1	1.9711870255348534
879	288.8361	577.8597	72	None	None	0	3	1.7910628019323716
880	288.8361	577.8597	75	None	None	0	4	1.7643202208419702
881	289.0236	578.2347	67	None	None	0	1	2.0452035886818525
882	289.0236	578.2347	72	None	None	0	3	2.330917874396136
883	289.0236	578.2347	77	None	None	0	5	2.0840234644582485
884	289.2111	578.6097	67	None	None	0	1	2.2474120082815725
885	289.2111	578.6097	72	None	None	0	3	2.067287784679091
886	289.2111	578.6097	75	None	None	0	4	2.7759489302967624
887	289.3986	578.9847	67	None	None	0	1	3.3535886818495513
888	289.3986	578.9847	72	None	None	0	3	3.6004830917874378
889	289.3986	578.9847	74	None	None	0	4	3.363077984817115
890	289.5861	579.3597	67	None	None	0	1	3.8127674258109048
891	289.5861	579.3597	72	None	None	0	3	4.210282953761212
892	289.5861	579.3597	75	None	None	0	4	4.210282953761212
893	289.7736	579.7347	67	None	None	0	1	5.670686680469288
894	289.7736	579.7347	69	None	None	0	2	8.525345065562455
895	289.7736	579.7347	72	None	None	0	3	8.127829537612147
896	289.7736	579.7347	77	None	None	0	5	7.907677708764663
897	289.9611	580.1097	67	None	None	0	1	8.647013614404907
898	289.9611	580.1097	69	None	None	0	2	8.636135641237784
899	289.9611	580.1097	72	None	None	0	3	8.221833136535174
900	289.9611	580.1097	75	None	None	0	4	8.178303583701329
901	289.9611	580.1097	79	None	None	0	5	8.522549861254967
902	290.1486	580.5055	62	None	None	0	1	4.684040544484782
903	290.1486	580.5055	67	None	None	0	2	3.873504157303588
904	290.1486	580.5055	70	None	None	0	3	4.10602815504498
905	290.1486	580.5055	74	None	None	0	5	4.4011454773362235
906	290.3569	580.9222	62	None	None	0	2	3.6190478392729997
907	290.3569	580.9222	67	None	None	0	4	3.3202956770584184
908	290.5653	581.3389	62	None	None	0	2	3.199244810032689
909	290.5653	581.3389	62	None	None	0	1	2.4164178722227687
910	290.9611	582.1097	62	None	None	0	1	4.341883710732102
911	290.9611	582.1097	67	None	None	0	3	4.751242236024868
912	291.1486	582.4847	62	None	None	0	1	5.564241348713416
913	291.1486	582.4847	67	None	None	0	3	8.259037343236905
914	291.1486	582.4847	72	None	None	0	5	7.884030346875932
915	291.3361	582.8597	62	None	None	0	1	7.880530263672825
916	291.3361	582.8597	67	None	None	0	2	6.9350263755037425
917	291.3361	582.8597	74	None	None	0	5	6.940843062486966
918	291.5236	583.2555	63	None	None	0	1	5.562937775237911
919	291.5236	583.2555	67	None	None	0	2	5.672069879764511
920	291.5236	583.6722	75	None	None	0	5	5.158184102268111
921	291.7319	583.6722	63	None	None	0	2	2.214940902775677
922	291.7319	583.6722	67	None	None	0	4	2.4007287300857127
923	291.9403	584.0889	63	None	None	0	2	2.9562759607803084
924	291.9403	584.0889	67	None	None	0	4	4.125406795551209
925	292.1486	584.5055	63	None	None	0	2	4.448806809025166
926	292.1486	584.5055	66	None	None	0	5	3.8063387006079354
927	292.3569	584.9222	63	None	None	0	3	4.546981192296309
928	292.3569	584.9222	66	None	None	0	5	3.620707992826001
929	292.4611	292.7736	66	None	None	0	5	3.729009151858917
930	292.5653	585.3389	60	None	None	0	2	3.243221330211927
931	292.5653	585.3389	63	None	None	0	4	4.358806772041941
932	292.7736	585.7555	58	None	None	0	1	4.719038434707578
933	292.7736	585.7555	62	None	None	0	3	4.56903843369407
934	292.7736	585.9639	66	None	None	0	5	4.497715577551161
935	292.9819	586.1722	58	None	None	0	2	3.586003878159849
936	292.9819	586.1722	62	None	None	0	4	3.573970418484292
937	293.1903	586.5889	58	None	None	0	1	3.215347507438252
938	293.1903	586.5889	62	None	None	0	3	2.6576254959478547
939	293.1903	586.5889	67	None	None	0	5	2.3160875271021957
940	293.3986	587.0055	58	None	None	0	2	1.3923423352351039
941	293.3986	587.0055	62	None	None	0	4	1.8743243082646235
942	293.6069	587.4222	58	None	None	0	3	2.3834020586111038
943	293.6069	587.4222	62	None	None	0	4	2.585199479587115
944	293.8153	587.8389	58	None	None	0	2	2.511647355538025
945	293.8153	587.8389	62	None	None	0	4	2.4295366728725494
946	294.0236	588.2555	58	None	None	0	1	1.1454955017561501
947	294.0236	588.2555	62	None	None	0	2	1.000128697893854
948	294.2319	588.6722	59	None	None	0	1	1.0036036013217995
949	294.2319	588.6722	62	None	None	0	2	1.0001286985982252
950	294.4403	589.0889	59	None	None	0	1	1.003603602096608
951	294.4403	589.0889	62	None	None	0	2	1.0001286985982254
952	294.6486	589.5055	59	None	None	0	1	1.003603602096608
953	294.6486	589.5055	62	None	None	0	2	1.7993564863212925
954	294.6486	589.9222	67	None	None	0	4	1.6631098435938068
955	294.8569	589.9222	59	None	None	0	1	1.4772025139436313
956	294.8569	589.9222	62	None	None	0	2	1.5916637299530358
957	295.0653	590.3389	59	None	None	0	1	1.7416637309665441
958	295.0653	590.3389	62	None	None	0	2	1.8561249462011404
959	295.2736	590.7555	59	None	None	0	2	2.3827383112312734
960	295.2736	590.7555	62	None	None	0	3	2.3346688016022603
961	295.4819	591.1722	60	None	None	0	2	2.1943037631340423
962	295.4819	591.1722	63	None	None	0	3	2.226367648509536
963	295.6903	591.5889	60	None	None	0	2	2.194303766229007
964	295.6903	591.5889	63	None	None	0	3	4.165170750412619
965	295.8986	592.0055	60	None	None	0	2	4.191021926438464
966	295.8986	592.0055	63	None	None	0	3	4.810537534487298
967	295.8986	592.4222	68	None	None	0	5	4.3613197565367745
968	296.1069	592.4222	60	None	None	0	3	3.534778283539004
969	296.1069	592.4222	63	None	None	0	5	5.555379917832777
970	296.3153	592.8389	60	None	None	0	4	6.296571485460956
971	296.3153	592.8389	63	None	None	0	5	6.520909600600588
972	296.5236	593.2555	56	None	None	0	1	5.470435743028954
973	296.5236	593.2555	61	None	None	0	3	6.704512035443575
974	296.7319	593.6722	56	None	None	0	1	6.891807302157028
975	296.7319	593.6722	61	None	None	0	2	6.870957881589352
976	296.9403	594.0889	61	None	None	0	1	5.762621606854048
977	296.9403	594.0889	68	None	None	0	2	4.414901418196585
978	296.9403	594.0889	73	None	None	0	4	4.449270202797593
979	297.1486	594.5055	65	None	None	0	1	4.971664028721095
980	297.1486	594.5055	68	None	None	0	2	8.604758372077596
981	297.1486	594.5055	73	None	None	0	3	16.302196121524926
982	297.1486	594.5055	77	None	None	0	5	17.084194196306758
983	297.3569	594.9222	65	None	None	0	1	17.951633089329082
984	297.3569	594.9222	68	None	None	0	2	18.458526079985887
985	297.3569	594.9222	73	None	None	0	4	24.084330379766
986	297.5653	595.3389	70	None	None	0	1	21.67653813710955
987	297.5653	595.3389	73	None	None	0	2	21.77482826186805
988	297.5653	595.3389	82	None	None	0	5	20.963934709781217
989	297.7736	595.7555	66	None	None	0	1	12.171375857813334
990	297.7736	595.7555	68	None	None	0	2	13.58191590645547
991	297.7736	595.7555	75	None	None	0	3	12.486900104040933
992	297.7736	596.1722	80	None	None	0	5	12.069272362162804
993	297.9819	596.1722	66	None	None	0	1	8.258190878341063
994	297.9819	596.1722	68	None	None	0	2	8.37286269146326
995	297.9819	596.1722	75	None	None	0	4	7.165797545528763
996	298.1903	596.5889	66	None	None	0	1	8.25819082668717
997	298.1903	596.5889	68	None	None	0	2	8.372862642133793
998	298.1903	596.5889	75	None	None	0	4	7.165797498341377
999	298.3986	597.0055	66	None	None	0	1	9.962088613526323
1000	298.3986	597.0055	68	None	None	0	2	10.22783599535501
1001	298.3986	597.0055	75	None	None	0	4	12.63806334860438
1002	298.6069	597.4222	66	None	None	0	1	11.720126840265406
1003	298.6069	597.4222	68	None	None	0	2	14.556344712653646
1004	298.6069	597.4222	75	None	None	0	4	14.382951426097332
1005	298.8153	597.9008	66	None	None	0	1	13.723846451636547
1006	298.8153	597.9008	68	None	None	0	2	13.479421678983357
1007	298.8153	597.9008	75	None	None	0	3	12.760685496056595
1008	298.8153	597.7657	78	None	None	0	5	12.687050614533067
1009	298.9504	598.0359	66	None	None	0	1	8.873752382950327
1010	298.9504	598.0359	68	None	None	0	2	8.183988486978635
1011	298.9504	598.0359	77	None	None	0	5	5.77286441453732
1012	299.0855	598.3794	65	None	None	0	1	4.93657760878712
1013	299.0855	598.3794	68	None	None	0	2	4.87335310603785
1014	299.0855	598.3794	73	None	None	0	3	3.1834396865867722
1015	299.0855	599.4211	77	None	None	0	5	3.4454954758722827
1016	299.2939	598.7961	65	None	None	0	1	2.9857142846613076
1017	299.2939	598.7961	68	None	None	0	2	2.6098455647548797
1018	299.2939	598.7961	73	None	None	0	4	2.5362290931640965
1019	299.5022	599.2127	65	None	None	0	1	2.9857142852838354
1020	299.5022	599.2127	68	None	None	0	2	2.609845556875459
1021	299.5022	599.2127	73	None	None	0	4	2.5362290827615763
1022	299.7105	599.6294	65	None	None	0	1	2.985714285283835
1023	299.7105	599.6294	68	None	None	0	2	2.609845556875459
1024	299.7105	599.6294	73	None	None	0	4	3.0140283137891735
1025	299.9189	600.0461	65	None	None	0	1	3.0458815971490316
1026	299.9189	600.0461	68	None	None	0	2	3.2797756924498915
1027	299.9189	600.0461	73	None	None	0	4	3.23699209329841
1028	300.1272	600.4627	65	None	None	0	1	3.5952242991462713
1029	300.1272	600.4627	68	None	None	0	2	3.829118399166428
1030	300.1272	600.4627	73	None	None	0	4	3.7863347991324905
1031	300.3355	600.9211	65	None	None	0	1	4.144567013519498
1032	300.3355	600.9211	67	None	None	0	2	4.084335353211754
1033	300.3355	600.9211	74	None	None	0	4	3.675510205667503
1034	300.5855	601.4211	65	None	None	0	1	3.5836734769259397
1035	300.5855	601.4211	67	None	None	0	2	2.9795918519404374
1036	300.5855	601.4211	74	None	None	0	4	2.5821428704918383
1037	300.8355	601.9211	65	None	None	0	1	2.2862245010312146
1038	300.8355	601.9211	67	None	None	0	2	1.5117346995808316
1039	300.8355	601.9211	74	None	None	0	5	2.5260204211113737
1040	301.0855	602.4211	62	None	None	0	1	1.9294063166643465
1041	301.0855	602.4211	65	None	None	0	2	2.4835748890415066
1042	301.0855	602.9211	67	None	None	0	3	2.3779355301729828
1043	301.3355	602.9211	62	None	None	0	1	2.2900029687583165
1044	301.3355	602.9211	65	None	None	0	2	2.3853840202104712
1045	301.5855	603.4211	62	None	None	0	2	2.804195019519668
1046	301.5855	603.4211	65	None	None	0	3	2.867992708719866
1047	301.8355	603.8586	63	None	None	0	2	2.8342921258753844
1048	301.8355	603.8586	68	None	None	0	4	3.764251207729465
1049	302.0230	604.2336	63	None	None	0	2	4.64413388543821
1050	302.0230	604.2336	67	None	None	0	4	5.068495514147673
1051	302.2105	604.6086	63	None	None	0	1	4.863043478260859
1052	302.2105	604.6086	67	None	None	0	2	4.702484472049673
1053	302.2105	604.6086	71	None	None	0	4	4.086059351276728
1054	302.3980	604.9836	63	None	None	0	1	4.298619737750163
1055	302.3980	604.9836	67	None	None	0	3	3.938149462683612
1056	302.3980	604.9836	72	None	None	0	5	4.480074928522122
1057	302.5855	605.3586	63	None	None	0	1	3.575140490978997
1058	302.5855	605.3586	67	None	None	0	2	7.832055022272422
1059	302.5855	605.3586	72	None	None	0	3	7.297893531589193
1060	302.5855	605.3586	74	None	None	0	4	7.420115753811424
1061	302.7730	605.7336	67	None	None	0	1	7.436333835246906
1062	302.7730	605.7336	72	None	None	0	2	9.944783012019046
1063	302.7730	605.7336	75	None	None	0	3	10.764884649511991
1064	302.9605	606.1086	72	None	None	0	1	9.764884649511986
1065	302.9605	606.1086	75	None	None	0	2	12.350909494232482
1066	302.9605	606.1086	84	None	None	0	5	12.16853998557341
1067	303.1480	606.4836	72	None	None	0	2	10.758714360247847
1068	303.1480	606.4836	75	None	None	0	3	11.197281659427038
1069	303.1480	606.4836	80	None	None	0	5	10.721311014214196
1070	303.3355	606.8794	65	None	None	0	1	8.733470380551887
1071	303.3355	606.8794	67	None	None	0	2	8.482244936450517
1072	303.3355	606.8794	71	None	None	0	3	8.17218954170824
1073	303.3355	607.2961	79	None	None	0	5	5.418275381149354
1074	303.5439	607.2961	65	None	None	0	1	4.3092020544027
1075	303.5439	607.2961	67	None	None	0	2	3.864484447262489
1076	303.5439	607.2961	71	None	None	0	4	3.551497096936264
1077	303.7522	607.7127	65	None	None	0	2	4.116639539799644
1078	303.7522	607.7127	67	None	None	0	3	4.269085310014011
1079	303.7522	607.7127	71	None	None	0	4	4.236597031184885
1080	303.9605	608.0639	65	None	None	0	2	4.2053342493286126
1081	303.9605	608.0639	67	None	None	0	3	4.873565492999323
1082	303.9605	608.0639	71	None	None	0	4	5.1888713277255585
1083	304.1034	608.3496	65	None	None	0	1	5.670710741394172
1084	304.1034	608.3496	67	None	None	0	2	5.670710778790594
1085	304.1034	608.3496	71	None	None	0	3	5.670710803343801
1086	304.1034	608.3496	73	None	None	0	4	8.964420041630285
1087	304.2462	608.6354	65	None	None	0	1	11.221772956249644
1088	304.2462	608.6354	67	None	None	0	2	11.221772956249644
1089	304.2462	608.6354	71	None	None	0	3	11.221772956249643
1090	304.2462	608.6354	74	None	None	0	4	12.39007359609969
1091	304.3891	608.9211	65	None	None	0	1	12.05183828935219
1092	304.3891	608.9211	67	None	None	0	2	10.935661790787952
1093	304.3891	608.9211	71	None	None	0	3	10.36192811041728
1094	304.3891	608.9211	79	None	None	0	5	6.823325085978887
1095	304.5320	609.2068	65	None	None	0	1	4.779207473349136
1096	304.5320	609.2068	67	None	None	0	2	3.9402777561547784
1097	304.5320	609.2068	71	None	None	0	3	3.239278445484175
1098	304.5320	609.2068	77	None	None	0	5	1.3679975217023945
1099	304.6748	609.4925	67	None	None	0	1	1.467304815308523
1100	304.6748	609.4925	71	None	None	0	2	1.6504356373402604
1101	304.6748	609.4925	75	None	None	0	4	1.6911236505902745
1102	304.8177	609.8437	67	None	None	0	1	1.8419015289714853
1103	304.8177	609.8437	72	None	None	0	3	1.779444103521953
1104	304.8177	609.9479	75	None	None	0	4	1.685328180595497
1105	305.0260	610.2604	67	None	None	0	1	1.8532818511352116
1106	305.0260	610.2604	72	None	None	0	3	1.8532818564124065
1107	305.2343	610.6770	67	None	None	0	3	2.95945946328459
1108	305.2343	610.6770	72	None	None	0	5	2.6818620588115305
1109	305.4427	611.0937	67	None	None	0	3	2.5486574205980332
1110	305.4427	611.0937	72	None	None	0	5	2.2710600123896714
1111	305.6510	611.5104	67	None	None	0	3	2.137855385093929
1112	305.6510	611.5104	72	None	None	0	5	1.8602579899831375
1113	305.8593	611.9270	67	None	None	0	3	1.7270533558784726
1114	305.8593	611.9270	72	None	None	0	5	1.449455951405413
1115	306.0677	612.3437	62	None	None	0	1	1.550485553117644
1116	306.0677	612.3437	68	None	None	0	3	1.7368667332448648
1117	306.2760	612.7604	62	None	None	0	1	1.718439215066367
1118	306.2760	612.7604	68	None	None	0	3	1.7368667373536972
1119	306.4843	613.1770	62	None	None	0	1	1.7184392188016688
1120	306.4843	613.1770	68	None	None	0	3	2.3063648106997108
1121	306.6927	613.5937	62	None	None	0	1	2.6196852761372047
1122	306.6927	613.5937	68	None	None	0	3	2.9855943673233667
1123	306.6927	614.0104	71	None	None	0	4	2.900652279368135
1124	306.9010	614.0104	62	None	None	0	1	2.638297072753546
1125	306.9010	614.0104	68	None	None	0	5	2.5252574126854
1126	307.1093	614.4270	62	None	None	0	2	3.5021235711520022
1127	307.1093	614.4270	68	None	None	0	4	3.4257078692199667
1128	307.3177	614.8437	63	None	None	0	2	3.572232966735092
1129	307.3177	614.8437	67	None	None	0	4	3.5474581917929306
1130	307.5260	615.2604	63	None	None	0	2	5.234523806060438
1131	307.5260	615.2604	67	None	None	0	4	5.6302123464018585
1132	307.7343	615.6770	63	None	None	0	1	5.533944643921757
1133	307.7343	615.6770	67	None	None	0	3	4.988256094546129
1134	307.7343	615.6770	72	None	None	0	5	7.092815776030581
1135	307.9427	616.0937	63	None	None	0	1	6.322545500555803
1136	307.9427	616.0937	67	None	None	0	2	6.723896854618981
1137	307.9427	616.0937	74	None	None	0	5	7.45015167984072
1138	308.1510	616.5104	63	None	None	0	1	5.921194171544731
1139	308.1510	616.5104	67	None	None	0	2	5.698221207525095
1140	308.3593	616.9270	63	None	None	0	1	4.400923901462279
1141	308.3593	616.9270	67	None	None	0	2	4.17795092698273
1142	308.3593	616.9270	75	None	None	0	5	3.454633216634894
1143	308.5677	617.3437	65	None	None	0	2	3.601158314150026
1144	308.5677	617.3437	67	None	None	0	3	4.099227800088685
1145	308.7760	617.7604	65	None	None	0	2	4.340154437759573
1146	308.7760	617.7604	67	None	None	0	3	4.366795369980685
1147	308.9843	618.1770	65	None	None	0	2	4.3401544431597525
1148	308.9843	618.1770	67	None	None	0	3	4.816924073150791
1149	309.1927	618.5937	65	None	None	0	1	3.7343629332750665
1150	309.1927	618.5937	67	None	None	0	2	2.925289566539707
1151	309.1927	619.0104	74	None	None	0	5	2.9500643390426577
1152	309.4010	619.0104	65	None	None	0	3	1.4832046319915135
1153	309.4010	619.0104	67	None	None	0	4	2.1942728544644594
1154	309.6093	619.4270	65	None	None	0	3	4.845881605414936
1155	309.6093	619.4270	67	None	None	0	4	4.850179270455922
1156	309.8177	619.8437	63	None	None	0	2	5.296125219415016
1157	309.8177	619.8437	67	None	None	0	4	5.586344011594748
1158	310.0260	620.2604	63	None	None	0	1	5.080630654499266
1159	310.0260	620.2604	67	None	None	0	2	4.668854598287733
1160	310.2343	620.6770	63	None	None	0	1	3.3368082525452882
1161	310.2343	620.6770	67	None	None	0	2	3.077380961163853
1162	310.2343	620.6770	72	None	None	0	3	1.670045044318938
1163	310.2343	620.6770	75	None	None	0	4	1.6451093942148096
1164	310.4427	621.0937	67	None	None	0	1	1.8379987134074238
1165	310.4427	621.0937	72	None	None	0	3	2.3999663666721354
1166	310.4427	621.0937	77	None	None	0	5	1.9380937766787913
1167	310.6510	621.5104	67	None	None	0	1	7.063156161251111
1168	310.6510	621.5104	72	None	None	0	3	8.33450069184493
1169	310.6510	621.5104	75	None	None	0	4	8.522626148423033
1170	310.8593	621.9270	67	None	None	0	1	9.831460275389034
1171	310.8593	621.9270	72	None	None	0	2	8.927584963435882
1172	310.8593	621.9270	75	None	None	0	3	9.021498445438485
1173	310.8593	621.9270	79	None	None	0	5	9.41982981202505
1174	311.0677	311.3802	79	None	None	0	5	12.834138550838595
1175	311.0735	622.4596	68	None	None	0	2	7.218415957847201
1176	311.0735	622.4596	72	None	None	0	4	7.312642351207559
1177	311.0735	622.4596	75	None	None	0	5	6.852030481935061
1178	311.3860	623.0846	68	None	None	0	1	15.09052507973687
1179	311.3860	623.0846	72	None	None	0	3	14.943184522965154
1180	311.3860	623.0846	75	None	None	0	4	15.712301315678562
1181	311.6927	312.0052	77	None	None	0	5	15.594337816829212
1182	311.6985	623.7096	68	None	None	0	1	12.479224283378645
1183	311.6985	623.7096	72	None	None	0	2	11.222818174764907
1184	311.6985	623.7096	75	None	None	0	3	10.933746937880407
1185	312.0052	312.3177	80	None	None	0	5	11.884154716064344
1186	312.0110	624.3346	68	None	None	0	2	4.591798363929387
1187	312.0110	624.3346	72	None	None	0	4	4.621706891545268
1188	312.0110	624.3346	75	None	None	0	5	5.073830598234105
1189	312.3235	624.9596	68	None	None	0	2	6.297025116759374
1190	312.3235	624.9596	72	None	None	0	4	6.557572961695895
1191	312.3235	624.9596	75	None	None	0	5	6.683268692629992
1192	312.6302	312.9427	72	None	None	0	4	6.856190022777346
1193	312.6360	625.5846	65	None	None	0	2	5.3652945481998575
1194	312.6360	625.5846	68	None	None	0	3	5.701544791867791
1195	312.9427	313.2552	74	None	None	0	5	5.859989004967531
1196	312.9485	626.2096	65	None	None	0	2	4.449396711082951
1197	312.9485	626.2096	68	None	None	0	3	4.355170314273522
1198	312.9485	626.2096	72	None	None	0	4	3.715434152063258
1199	313.2610	626.8346	65	None	None	0	1	3.4343829436365323
1200	313.2610	626.8346	68	None	None	0	2	3.3559634559383418
1201	313.2610	626.8346	72	None	None	0	4	3.366420455778148
1202	313.5677	313.8802	75	None	None	0	5	3.27431199240265
1203	313.5735	627.4596	65	None	None	0	1	4.122898657494395
1204	313.5735	627.4596	68	None	None	0	2	4.287771646371668
1205	313.5735	627.4596	72	None	None	0	4	4.615004309713271
1206	313.8802	627.8951	68	None	None	0	2	4.733417048872362
1207	313.8802	627.8951	72	None	None	0	4	4.993424108879387
1208	313.8802	627.8951	75	None	None	0	5	4.901315645503889
1209	314.0149	628.1646	68	None	None	0	1	4.795206779328472
1210	314.0149	628.1646	72	None	None	0	3	4.447595655011851
1211	314.0149	628.1646	77	None	None	0	5	3.9990310933025297
1212	314.1497	628.4342	68	None	None	0	2	2.4493417999479115
1213	314.1497	628.4342	72	None	None	0	4	2.3917024158526163
1214	314.1497	628.4342	75	None	None	0	5	3.319951252825014
1215	314.2845	628.7037	68	None	None	0	2	3.556551627861328
1216	314.2845	628.7037	72	None	None	0	4	5.270626054082184
1217	314.2845	628.7037	74	None	None	0	5	7.147497934281852
1218	314.4192	628.9732	68	None	None	0	2	7.298104066917934
1219	314.4192	628.9732	72	None	None	0	3	6.809789360205324
1220	314.4192	628.9732	75	None	None	0	4	6.742388467513259
1221	314.5540	629.2428	68	None	None	0	1	6.206944174331845
1222	314.5540	629.2428	72	None	None	0	2	6.1065400859077945
1223	314.5540	629.2428	75	None	None	0	3	6.22409308199657
1224	314.5540	629.2428	79	None	None	0	5	6.22409308199657
1225	314.6888	629.5123	68	None	None	0	1	4.63059702966348
1226	314.6888	629.5123	72	None	None	0	3	4.176117154274384
1227	314.6888	629.5123	75	None	None	0	4	4.100625497909344
1228	314.6888	629.5123	77	None	None	0	5	4.051123982871474
1229	314.8235	629.8554	65	None	None	0	1	2.9259389202821273
1230	314.8235	629.8554	68	None	None	0	2	2.755629571608064
1231	314.8235	629.8554	70	None	None	0	3	2.545846152989017
1232	314.8235	632.1471	74	None	None	0	5	2.5207324001215725
1233	315.0319	630.2721	65	None	None	0	2	1.8957002452728362
1234	315.0319	630.2721	68	None	None	0	3	1.8513162520044733
1235	315.0319	630.2721	70	None	None	0	4	1.5947203752512022
1236	315.2402	630.6887	65	None	None	0	2	1.5947203752512025
1237	315.2402	630.6887	68	None	None	0	3	1.5947203752512022
1238	315.2402	630.6887	70	None	None	0	4	1.3724552514842894
1239	315.4485	631.1054	65	None	None	0	2	1.5305633606606917
1240	315.4485	631.1054	68	None	None	0	3	1.6709283960339403
1241	315.4485	631.1054	70	None	None	0	4	1.5303234990788313
1242	315.6569	631.5221	65	None	None	0	2	1.7150725372714566
1243	315.6569	631.5221	70	None	None	0	4	1.8310635320951811
1244	315.8652	631.9387	65	None	None	0	2	2.015812568092516
1245	315.8652	631.9387	68	None	None	0	3	2.1295366825850297
1246	316.0735	632.3554	65	None	None	0	2	2.237837835677748
1247	316.0735	632.3554	67	None	None	0	3	2.1241137180902694
1248	316.2819	632.7721	65	None	None	0	2	2.015812564997551
1249	316.2819	632.7721	67	None	None	0	3	2.015812570397731
1250	316.4902	633.1887	65	None	None	0	2	2.8231484831886027
1251	316.4902	633.1887	67	None	None	0	3	2.5949631534614874
1252	316.6985	633.6054	65	None	None	0	2	2.454598112148037
1253	316.6985	633.6054	67	None	None	0	3	2.393465550602424
1254	316.9069	634.0221	65	None	None	0	2	2.9286006952935293
1255	316.9069	634.0221	68	None	None	0	3	3.7488885044963935
1256	317.1152	634.4387	65	None	None	0	1	3.1876915887328128
1257	317.1152	634.4387	67	None	None	0	2	2.4230022157816684
1258	317.3235	634.8554	64	None	None	0	1	2.5935298833005453
1259	317.3235	634.8554	67	None	None	0	2	3.3834912618119852
1260	317.3235	634.8554	70	None	None	0	3	3.9952848777393366
1261	317.3235	634.8554	72	None	None	0	4	4.21026089416788
1262	317.3235	634.8554	76	None	None	0	5	3.569351798928345
1263	317.5319	635.2721	64	None	None	0	1	3.3290043266792844
1264	317.5319	635.2721	67	None	None	0	2	3.692131743035062
1265	317.5319	635.2721	70	None	None	0	3	3.7074002615017125
1266	317.5319	635.2721	72	None	None	0	4	4.238288300137822
1267	317.5319	635.2721	76	None	None	0	5	4.238288316925345
1268	317.7402	635.6887	67	None	None	0	2	4.420188377749366
1269	317.7402	635.6887	70	None	None	0	3	4.707078507667651
1270	317.7402	635.6887	72	None	None	0	4	5.104118395181138
1271	317.7402	635.6887	76	None	None	0	5	4.945431129986296
1272	317.9485	636.1054	70	None	None	0	2	4.712033445011607
1273	317.9485	636.1054	72	None	None	0	3	5.276705263498765
1274	317.9485	636.1054	76	None	None	0	4	4.756434989713172
1275	317.9485	636.5221	79	None	None	0	5	4.386936917718481
1276	318.1569	636.5221	70	None	None	0	2	3.536743892385826
1277	318.1569	636.5221	72	None	None	0	3	3.630051485423859
1278	318.1569	636.5221	76	None	None	0	5	3.4134491717485913
1279	318.3652	636.9387	70	None	None	0	2	3.6144144118626116
1280	318.3652	636.9387	72	None	None	0	3	3.7077220048093373
1281	318.3652	636.9387	76	None	None	0	4	3.487580433180325
1282	318.5735	637.3554	68	None	None	0	1	3.8775418257765697
1283	318.5735	637.3554	72	None	None	0	2	3.6227799192933237
1284	318.5735	637.3554	76	None	None	0	4	3.487580433180325
1285	318.7819	637.7721	68	None	None	0	1	3.685778637022176
1286	318.7819	637.7721	72	None	None	0	2	3.499664470824683
1287	318.7819	637.7721	76	None	None	0	4	5.7916850318720705
1288	318.9902	638.1887	68	None	None	0	1	5.699664436790494
1289	318.9902	638.1887	72	None	None	0	2	6.2898832085734515
1290	318.9902	638.1887	76	None	None	0	4	6.940365834370446
1291	319.1985	638.6054	68	None	None	0	1	7.2440337900901905
1292	319.1985	638.6054	72	None	None	0	2	7.138564033907807
1293	319.1985	638.6054	77	None	None	0	4	8.029715906080972
1294	319.1985	639.0221	80	None	None	0	5	8.215830082738378
1295	319.4069	639.0221	68	None	None	0	1	5.125272037039488
1296	319.4069	639.0221	72	None	None	0	3	4.717590570909746
1297	319.4069	639.0221	77	None	None	0	5	4.361727059185256
1298	319.6152	639.4387	68	None	None	0	1	3.551975058345404
1299	319.6152	639.4387	72	None	None	0	3	2.9532988270786382
1300	319.6152	639.4387	77	None	None	0	5	3.4046915497309973
1301	319.8235	639.8971	68	None	None	0	2	2.1208947341328743
1302	319.8235	639.8971	72	None	None	0	4	3.256299917873031
1303	319.8235	639.8971	75	None	None	0	5	4.5080235893791265
1304	320.0735	640.3971	68	None	None	0	2	4.895268491467275
1305	320.0735	640.3971	72	None	None	0	3	4.567727043099966
1306	320.0735	640.3971	75	None	None	0	4	4.806874351882983
1307	320.3235	640.8971	68	None	None	0	1	3.557647374875429
1308	320.3235	640.8971	72	None	None	0	2	3.2223157372716154
1309	320.3235	640.8971	75	None	None	0	3	3.4413788186137007
1310	320.3235	641.1471	79	None	None	0	5	3.5354766857051247
1311	320.5735	641.3971	68	None	None	0	2	2.4797510545815444
1312	320.5735	641.3971	72	None	None	0	4	3.103333825475567
1313	320.5735	641.3971	75	None	None	0	5	2.9045364479623093
1314	320.8235	641.8971	68	None	None	0	2	3.2244344108740846
1315	320.8235	641.8971	70	None	None	0	3	3.1170854144730735
1316	320.8235	641.8971	74	None	None	0	5	3.5319867027783753
1317	321.0735	642.3971	68	None	None	0	1	3.2344449533154727
1318	321.0735	642.3971	70	None	None	0	2	2.9766612543555144
1319	321.0735	642.3971	74	None	None	0	3	2.8547914905993093
1320	321.0735	642.3971	77	None	None	0	5	2.68081189415257
1321	321.3235	642.8346	67	None	None	0	1	3.331987581162977
1322	321.3235	642.8346	70	None	None	0	2	3.056543922673807
1323	321.3235	642.8346	74	None	None	0	4	3.421963423050405
1324	321.5110	643.2096	67	None	None	0	1	3.438181504485879
1325	321.5110	643.2096	70	None	None	0	2	3.035075914423766
1326	321.5110	643.2096	75	None	None	0	4	2.95612491373364
1327	321.6985	643.5846	67	None	None	0	1	3.016856452726037
1328	321.6985	643.5846	70	None	None	0	2	3.0795893719806897
1329	321.6985	643.5846	77	None	None	0	5	2.808005521049013
1330	321.8860	643.9596	67	None	None	0	2	2.72809349036056
1331	321.8860	643.9596	70	None	None	0	3	3.1587541340646825
1332	321.8860	643.9596	75	None	None	0	5	2.614872549810424
1333	322.0735	644.3346	67	None	None	0	1	3.439216701173243
1334	322.0735	644.3346	70	None	None	0	2	3.0795893719806897
1335	322.0735	644.3346	74	None	None	0	4	3.421963423050405
1336	322.2610	644.7096	67	None	None	0	1	4.91187025534855
1337	322.2610	644.7096	70	None	None	0	2	5.4839199447895375
1338	322.2610	644.7096	75	None	None	0	4	6.429813664596302
1339	322.4485	645.0846	67	None	None	0	1	6.490545203588706
1340	322.4485	645.0846	70	None	None	0	2	6.3886146961657415
1341	322.4485	645.0846	77	None	None	0	5	6.282667901401369
1342	322.6360	645.4596	67	None	None	0	1	6.605229596463161
1343	322.6360	645.4596	70	None	None	0	2	7.10735315516475
1344	322.6360	645.4596	79	None	None	0	5	5.517647769481191
1345	322.8235	645.8554	67	None	None	0	2	5.160462477602479
1346	322.8235	645.8554	68	None	None	0	3	4.612609112729038
1347	322.8235	646.2721	72	None	None	0	4	4.2936776066166615
1348	323.0319	646.2721	67	None	None	0	2	4.994803723767371
1349	323.0319	646.2721	68	None	None	0	3	4.901785716671766
1350	323.2402	646.6887	67	None	None	0	2	5.104488420744078
1351	323.2402	646.6887	68	None	None	0	3	4.602799228165104
1352	323.4485	647.1054	67	None	None	0	2	3.9083976790716677
1353	323.4485	647.1054	68	None	None	0	3	3.4240171914183506
1354	323.4485	647.1054	72	None	None	0	4	2.9143646886530283
1355	323.6569	647.5221	67	None	None	0	2	2.6213144995629696
1356	323.6569	647.5221	68	None	None	0	3	2.1369340217281616
1357	323.8652	647.9387	67	None	None	0	2	1.5508336316676479
1358	323.8652	647.9387	68	None	None	0	3	1.0664531440143312
1359	323.8652	647.9387	72	None	None	0	5	1.115825731220519
1360	324.0735	648.3554	65	None	None	0	2	1.192063007972911
1361	324.0735	648.3554	68	None	None	0	3	2.3064306298700217
1362	324.0735	648.7721	72	None	None	0	5	4.03944368709259
1363	324.2819	648.7721	65	None	None	0	1	4.589478766856015
1364	324.2819	648.7721	68	None	None	0	2	4.589478766856014
1365	324.4902	649.1887	65	None	None	0	1	4.310199483250506
1366	324.4902	649.1887	68	None	None	0	2	4.368693692139945
1367	324.6985	649.6054	65	None	None	0	1	4.408655082371344
1368	324.6985	649.6054	68	None	None	0	2	4.089414410973647
1369	324.6985	649.6054	72	None	None	0	3	3.382643860141913
1370	324.6985	649.6054	77	None	None	0	5	3.250887102494911
1371	324.9069	650.0221	65	None	None	0	1	2.71748943521559
1372	324.9069	650.0221	68	None	None	0	2	2.3982487727281896
1373	324.9069	650.0221	72	None	None	0	4	2.607823146872093
1374	325.1152	650.4387	65	None	None	0	1	2.400569968159564
1375	325.1152	650.4387	68	None	None	0	2	2.348239568502286
1376	325.1152	650.4387	72	None	None	0	4	2.333914016261163
1377	325.1152	650.4387	75	None	None	0	5	2.4427805367469393
1378	325.3235	650.8971	65	None	None	0	1	2.4999096051257865
1379	325.3235	650.8971	68	None	None	0	2	2.166343383632383
1380	325.3235	650.8971	72	None	None	0	4	2.3022419990046337
1381	325.3235	651.3971	75	None	None	0	5	2.2070268853796366
1382	325.5735	651.3971	65	None	None	0	2	1.5223330298566613
1383	325.5735	651.3971	68	None	None	0	3	1.6837430459435967
1384	325.5735	651.3971	72	None	None	0	5	1.8318864677884168
1385	325.8235	651.8971	65	None	None	0	2	2.409947682577148
1386	325.8235	651.8971	68	None	None	0	3	2.604067453016656
1387	325.8235	651.8971	72	None	None	0	5	2.719501127310559
1388	326.0735	652.3971	65	None	None	0	2	3.300680269783786
1389	326.0735	652.3971	67	None	None	0	3	3.795578232502414
1390	326.0735	652.3971	71	None	None	0	4	4.728684815131125
1391	326.3235	652.8971	65	None	None	0	2	4.588703373982105
1392	326.3235	652.8971	67	None	None	0	3	5.182166849680289
1393	326.3235	652.8971	71	None	None	0	4	4.759501877273654
1394	326.5735	653.3971	65	None	None	0	2	4.579178006270699
1395	326.5735	653.3971	67	None	None	0	3	5.524608350645787
1396	326.5735	653.3971	71	None	None	0	4	5.101943364342313
1397	326.5735	653.3971	74	None	None	0	5	5.508221087613693
1398	326.8235	653.8346	63	None	None	0	1	5.852054261764531
1399	326.8235	653.8346	68	None	None	0	3	5.892386598908323
1400	327.0110	654.2096	63	None	None	0	1	5.209415584415582
1401	327.0110	654.2096	68	None	None	0	3	6.1636787125917465
1402	327.0110	654.2096	72	None	None	0	5	6.244353472614329
1403	327.1985	654.5846	63	None	None	0	1	5.284381077859334
1404	327.1985	654.5846	68	None	None	0	2	4.6884371666980265
1405	327.1985	654.5846	74	None	None	0	5	4.376254783863469
1406	327.3860	654.9596	63	None	None	0	1	2.595975280757862
1407	327.3860	654.9596	68	None	None	0	3	3.550238408934026
1408	327.3860	654.9596	72	None	None	0	5	3.6309131689566083
1409	327.5735	655.3346	63	None	None	0	1	3.586658510571528
1410	327.5735	655.3346	68	None	None	0	3	5.2862632536545515
1411	327.5735	655.3346	71	None	None	0	4	5.291972520233384
1412	327.7610	655.7096	63	None	None	0	1	6.050613051544726
1413	327.7610	655.7096	68	None	None	0	3	11.06077680083891
1414	327.7610	655.7096	72	None	None	0	5	11.164037670404129
1415	327.9485	656.0846	63	None	None	0	1	10.903789223199173
1416	327.9485	656.0846	68	None	None	0	2	10.937244885714426
1417	327.9485	656.0846	74	None	None	0	5	10.6032830371912
1418	328.1360	656.4596	63	None	None	0	1	8.677817198681867
1419	328.1360	656.4596	68	None	None	0	0	-1
1420	328.1360	656.4596	75	None	None	0	0	-1
1421	328.3235	656.8971	55	None	None	0	0	-1
1422	328.3235	656.8971	60	None	None	0	0	-1
1423	328.3235	657.3971	67	None	None	0	0	-1
1424	328.5735	657.3971	55	None	None	0	0	-1
1425	328.5735	657.3971	60	None	None	0	0	-1
1426	328.8235	329.0735	60	None	None	0	1	9.423271012506294
1427	329.0735	658.3971	72	None	None	0	2	5.415107718570736
1428	329.0735	658.3971	79	None	None	0	3	6.211082780945547
1429	329.0735	658.8971	84	None	None	0	5	6.847673283806761
1430	329.3235	658.8971	72	None	None	0	2	6.698757795538242
1431	329.3235	658.8971	79	None	None	0	4	7.821640571779254
1432	329.5735	659.3971	72	None	None	0	1	7.4946663006771175
1433	329.5735	659.3971	79	None	None	0	4	7.942236049385274
1434	329.8235	659.8346	72	None	None	0	1	8.56490685370461
1435	329.8235	659.8346	74	None	None	0	2	8.110780849706702
1436	329.8235	659.8346	84	None	None	0	5	6.905856255545693
1437	330.0110	660.2096	72	None	None	0	1	5.964862466725821
1438	330.0110	660.2096	74	None	None	0	2	5.800887311446314
1439	330.0110	660.2096	83	None	None	0	5	4.990017746228931
1440	330.1985	660.5846	72	None	None	0	1	6.058030168589171
1441	330.1985	660.5846	74	None	None	0	2	8.23070097604259
1442	330.1985	660.5846	82	None	None	0	5	7.298309178743964
1443	330.3860	660.9596	72	None	None	0	1	8.13067632850241
1444	330.3860	660.9596	74	None	None	0	2	8.406211180124226
1445	330.3860	660.9596	81	None	None	0	4	8.534230503795724
1446	330.5735	661.3346	72	None	None	0	1	8.670876466528641
1447	330.5735	661.3346	74	None	None	0	2	8.158454106280193
1448	330.5735	661.3346	80	None	None	0	5	7.5188750862663944
1449	330.7610	661.7096	68	None	None	0	1	4.4334713595583155
1450	330.7610	661.7096	72	None	None	0	3	3.8309868875086273
1451	330.7610	661.7096	77	None	None	0	5	3.533273731099817
1452	330.9485	662.0846	65	None	None	0	2	2.629528201267344
1453	330.9485	662.0846	72	None	None	0	4	2.9452820126733177
1454	331.1360	662.4596	65	None	None	0	1	2.522921764226112
1455	331.1360	662.4596	68	None	None	0	2	2.6049093418658607
1456	331.1360	662.4596	72	None	None	0	4	2.655979045109479
1457	331.1360	662.4596	74	None	None	0	5	2.7584635171591723
1458	331.3235	662.8346	64	None	None	0	1	4.621817554426252
1459	331.3235	662.8346	70	None	None	0	2	4.479305477131568
1460	331.3235	662.8346	72	None	None	0	3	4.519333082376565
1461	331.3235	662.8346	76	None	None	0	5	4.621817554426252
1462	331.5110	663.2096	65	None	None	0	1	6.485171591693329
1463	331.5110	663.2096	70	None	None	0	2	6.976363008971703
1464	331.5110	663.2096	72	None	None	0	3	7.016390614216699
1465	331.5110	663.2096	77	None	None	0	5	6.913906142167006
1466	331.6985	663.5846	64	None	None	0	1	5.050552104899928
1467	331.6985	663.5846	70	None	None	0	2	4.908040027605245
1468	331.6985	663.5846	72	None	None	0	3	4.9480676328502415
1469	331.6985	663.5846	76	None	None	0	5	5.050552104899928
1470	331.8860	663.9596	62	None	None	0	1	3.5058316080055194
1471	331.8860	663.9596	70	None	None	0	3	2.6413482652613145
1472	331.8860	663.9596	72	None	None	0	4	2.9165380513206625
1473	331.8860	663.9596	74	None	None	0	5	3.1180908463517256
1474	332.0735	664.3346	64	None	None	0	1	3.1864138277181846
1475	332.0735	664.3346	70	None	None	0	2	3.635783298826788
1476	332.0735	664.3346	72	None	None	0	3	5.639554372473644
1477	332.0735	664.3346	76	None	None	0	5	5.2265108942127885
1478	332.2610	664.7096	70	None	None	0	1	3.3083752341516286
1479	332.2610	664.7096	72	None	None	0	2	3.4829093956423103
1480	332.2610	664.7096	77	None	None	0	4	3.828320023661627
1481	332.4485	665.0846	70	None	None	0	1	5.575732031943207
1482	332.4485	665.0846	72	None	None	0	2	5.757167504683028
1483	332.4485	665.0846	76	None	None	0	3	5.645366262447004
1484	332.4485	665.0846	80	None	None	0	5	6.090821256038653
1485	332.6360	665.4596	70	None	None	0	2	6.488957902001389
1486	332.6360	665.4596	72	None	None	0	3	6.4206349206349245
1487	332.6360	665.4596	76	None	None	0	4	6.283988957902007
1488	332.6360	665.4596	79	None	None	0	5	5.921497584541063
1489	332.8235	665.8346	65	None	None	0	1	4.3065907522429265
1490	332.8235	665.8346	72	None	None	0	4	4.3388198757764
1491	333.0110	666.2096	65	None	None	0	1	3.8866459627329246
1492	333.0110	666.2096	72	None	None	0	3	3.4891304347826124
1493	333.0110	666.2096	76	None	None	0	5	6.1325643300798545
1494	333.1985	666.5846	65	None	None	0	1	6.374800354924579
1495	333.1985	666.5846	72	None	None	0	2	6.073799664793456
1496	333.1985	666.5846	77	None	None	0	3	5.587291728285513
1497	333.3860	666.9596	72	None	None	0	1	7.779838312136445
1498	333.3860	666.9596	79	None	None	0	4	7.779838312136446
1499	333.5735	667.3346	72	None	None	0	1	7.779838312136445
1500	333.5735	667.3346	74	None	None	0	2	7.448851424627819
1501	333.5735	667.3346	82	None	None	0	5	6.766977225672875
1502	333.7610	667.7096	72	None	None	0	1	8.351690821256051
1503	333.7610	667.7096	74	None	None	0	2	7.921256038647356
1504	333.7610	667.7096	80	None	None	0	5	7.592926155969652
1505	333.9485	668.0846	65	None	None	0	1	5.505747806368936
1506	333.9485	668.0846	72	None	None	0	4	5.366563001910631
1507	334.1360	668.4596	65	None	None	0	1	4.853403307944745
1508	334.1360	668.4596	72	None	None	0	4	4.3936097917805546
1509	334.1360	668.4596	74	None	None	0	5	4.227937061854453
1510	334.3235	670.3137	63	None	None	0	1	2.392531871095019
1511	334.3235	670.3137	67	None	None	0	2	1.9107689122803864
1512	334.3235	670.3137	72	None	None	0	4	1.6976496682291171
1513	334.3235	673.9804	75	None	None	0	5	1.4338948767598536
1514	335.9902	673.6471	63	None	None	0	1	0.9395103373054586
1515	335.9902	673.6471	67	None	None	0	3	1.9113619439945535
1516	335.9902	673.6471	72	None	None	0	5	2.3245328658257116
1517	337.6569	676.9804	63	None	None	0	1	2.5253414663212856
1518	337.6569	676.9804	67	None	None	0	3	3.6546988596507686
1519	337.6569	676.9804	72	None	None	0	5	5.366330412286041
1520	339.3235	678.8693	63	None	None	0	1	6.166276973687052
1521	339.3235	678.8693	67	None	None	0	3	7.377623296459514
1522	339.3235	678.8693	72	None	None	0	5	9.232512239245334
1523	339.5458	679.3137	63	None	None	0	1	9.237070528628152
1524	339.5458	679.3137	67	None	None	0	3	9.095673652094206
1525	339.5458	679.3137	72	None	None	0	5	8.745546125073771
1526	339.7680	680.2026	63	None	None	0	1	9.418007964196208
1527	339.7680	679.7568	63	None	None	0	2	8.121684960482073
1528	339.7680	680.2026	67	None	None	0	3	7.524247719275539
1529	339.7680	679.7568	67	None	None	0	4	7.3132140063877475
1530	339.7680	679.7568	72	None	None	0	5	6.248044894896288
1531	339.9888	680.1985	63	None	None	0	1	5.580030391713314
1532	339.9888	680.1985	67	None	None	0	2	5.538337374628489
1533	339.9888	680.1985	74	None	None	0	5	5.95803437793931
1534	340.2096	680.6401	63	None	None	0	1	4.499870389539279
1535	340.2096	680.6401	67	None	None	0	3	4.102753899625838
1536	340.2096	680.6401	72	None	None	0	5	4.263101686526332
1537	340.4346	681.1074	60	None	None	0	2	2.552201674106036
1538	340.4346	681.1074	62	None	None	0	3	2.3295160858954165
1539	340.4346	681.9682	67	None	None	0	5	1.924397103698881
1540	340.6727	681.5836	60	None	None	0	2	1.8848762405370254
1541	340.6727	681.5836	62	None	None	0	3	1.6751356898746195
1542	340.9108	682.0598	60	None	None	0	1	1.3864903686840027
1543	340.9108	682.0598	62	None	None	0	2	1.6747016778267318
1544	341.1489	682.5543	59	None	None	0	1	1.6430115367584914
1545	341.1489	682.5543	62	None	None	0	2	1.6358834746729
1546	341.4053	683.0671	59	None	None	0	1	2.125779805563846
1547	341.4053	683.0671	62	None	None	0	2	2.3287368138209663
1548	341.6602	683.6469	59	None	None	0	1	2.325868560902236
1549	341.6602	683.6469	62	None	None	0	2	2.5861871365774856
1550	341.6602	683.6469	67	None	None	0	4	3.060550910089703
1551	341.6618	342.8909	59	None	None	0	1	2.0078344237337773
1552	341.9868	684.3048	59	None	None	0	1	2.102504895015067
1553	341.9868	684.3048	62	None	None	0	2	3.0968789927991542
1554	341.9868	684.3048	68	None	None	0	5	7.381397994355579
1555	342.3180	685.1881	59	None	None	0	1	7.30686984141153
1556	342.3180	685.1881	62	None	None	0	3	7.334660755260186
1557	342.3180	685.1881	67	None	None	0	5	11.696723561292876
1558	342.8909	345.1739	60	None	None	0	2	17.6407054369526
1559	345.5148	345.8557	61	None	None	0	3	17.63169845006149
1560	345.8557	346.1966	65	None	None	0	1	12.923374491025585
1561	346.1966	346.5375	68	None	None	0	2	13.113796306386563
1562	346.5375	346.8784	73	None	None	0	3	12.71766228576803
1563	346.8784	347.2193	76	None	None	0	1	10.828302933779703
1564	347.2193	347.5602	77	None	None	0	4	8.453657972702523
1565	347.5602	347.9011	80	None	None	0	5	8.402389183399855
1566	347.9011	350.6284	59	None	None	0	1	4.498118196654393
1567	350.9693	351.3102	68	None	None	0	5	4.4447346121365205
1568	351.3102	351.6511	67	None	None	0	4	3.9223043341833836
1569	351.6511	351.9920	66	None	None	0	3	3.6578396880208484
1570	351.9920	352.3329	65	None	None	0	2	3.884133284300053
1571	352.3329	352.6739	55	None	None	0	1	2.119977155748059
1572	352.6739	353.0148	65	None	None	0	4	4.0400556374263585
1573	353.0148	353.3557	63	None	None	0	3	4.303348056532318
1574	353.3557	359.7680	60	None	None	0	2	4.5610390263530665
1575	360.6013	361.4346	55	None	None	0	1	4.950579785536464
1576	361.4346	361.8892	60	None	None	0	2	4.789591501333886
1577	361.8892	362.3437	62	None	None	0	1	2.809778844185227
1578	362.3437	362.8125	63	None	None	0	2	3.1364388978965536
1579	362.8125	363.2812	66	None	None	0	3	3.5729343200628794
1580	363.2812	363.7651	68	None	None	0	4	4.786462944007758
1581	363.7651	364.2489	67	None	None	0	1	3.2284680153118317
1582	364.2489	364.7489	71	None	None	0	2	3.716140890855777
1583	364.7489	365.2489	74	None	None	0	3	3.9715521454427716
1584	365.2489	365.7662	72	None	None	0	1	2.9948514651262137
1585	365.7662	366.2834	75	None	None	0	2	2.83765544435485
1586	366.2834	366.8191	78	None	None	0	3	2.6309575345151366
1587	366.8191	367.3549	79	None	None	0	4	2.2443819834492693
1588	367.3549	368.1049	80	None	None	0	5	2.2443819834492693
1589	368.1049	368.9382	79	None	None	0	3	2.2443819834492693
1590	368.9382	370.8132	84	None	None	0	5	2.2443819834492693
1591	372.6882	747.2514	60	None	None	0	1	2.2443819834492693
1592	372.6882	747.2514	63	None	None	0	3	2.2443819834492693
1593	374.5632	751.0014	60	None	None	0	2	2.2443819834492693
1594	374.5632	751.0014	63	None	None	0	3	2.2443819834492693
1595	376.4382	761.4478	60	None	None	0	2	2.2443819834492693
1596	376.4382	761.4478	63	None	None	0	0	2.2443819834492693
