0	0.0000	0.1429	74	None	None	0	1	8.083218211527033
1	0.1429	0.2857	76	None	None	0	2	8.617041740938792
2	0.2857	0.4286	77	None	None	0	3	10.802335858585861
3	0.4286	0.5714	79	None	None	0	4	10.727172459893051
4	0.5714	0.7143	81	None	None	0	5	10.675497623291744
5	0.7143	0.8571	69	None	None	0	2	7.7547385620915
6	0.8571	1.0000	73	None	None	0	5	12.87995642701526
7	1.0000	1.1429	69	None	None	0	4	14.050708061002187
8	1.1429	2.4286	62	None	None	0	1	16.39752178649238
9	1.1429	3.1429	74	None	None	0	5	15.375462962962969
10	1.2857	1.4286	64	None	None	0	2	14.683632897603486
11	1.4286	1.5714	65	None	None	0	1	14.518191721132895
12	1.5714	1.7143	67	None	None	0	2	14.029956427015243
13	1.7143	1.8571	69	None	None	0	3	15.523420479302835
14	2.0000	2.2857	76	None	None	0	5	18.930964052287596
15	2.2857	4.8571	62	None	None	0	1	18.13521241830066
16	2.2857	4.7143	77	None	None	0	5	16.987745098039234
17	2.4286	2.5714	74	None	None	0	4	16.628267973856225
18	2.5714	5.4286	64	None	None	0	1	15.392973856209165
19	2.5714	5.2857	79	None	None	0	5	10.955473856209162
20	2.7143	2.8571	76	None	None	0	4	10.675980392156864
21	2.8571	6.0000	65	None	None	0	1	9.47745098039216
22	2.8571	5.8571	81	None	None	0	5	5.815277777777775
23	3.0000	3.1429	77	None	None	0	4	5.658415032679731
24	3.1429	6.5714	67	None	None	0	1	5.154330065359471
25	3.1429	6.4286	76	None	None	0	4	5.356944444444444
26	3.2857	3.4286	74	None	None	0	3	6.621486928104574
27	3.4286	7.1429	69	None	None	0	1	6.357924836601304
28	3.4286	7.1429	73	None	None	0	2	8.857189542483656
29	3.7143	7.7143	69	None	None	0	1	10.820424836601314
30	3.7143	7.7143	81	None	None	0	5	9.799509803921577
31	4.0000	8.2857	69	None	None	0	1	10.659599673202624
32	4.0000	8.5714	81	None	None	0	5	10.003553921568633
33	4.2857	4.5714	69	None	None	0	2	9.22430555555556
34	4.5714	9.4286	65	None	None	0	1	9.24505718954249
35	4.5714	9.4286	69	None	None	0	2	9.735743464052295
36	4.7143	4.8571	79	None	None	0	5	6.91956699346406
37	4.8571	10.0000	65	None	None	0	1	5.390155228758172
38	4.8571	10.0000	69	None	None	0	2	5.9967728758169905
39	4.8571	9.8571	77	None	None	0	5	5.451151218062989
40	5.0000	5.1429	76	None	None	0	4	5.846576054664307
41	5.1429	10.5714	65	None	None	0	1	4.420731828084783
42	5.1429	10.5714	69	None	None	0	3	4.458104327589631
43	5.1429	10.4286	74	None	None	0	5	6.688889507823349
44	5.2857	5.4286	72	None	None	0	4	7.053268592790674
45	5.4286	11.1429	65	None	None	0	1	6.772304540503096
46	5.4286	11.0000	70	None	None	0	3	7.512268518518546
47	5.5714	5.7143	69	None	None	0	2	7.311369825708086
48	5.7143	6.0000	70	None	None	0	3	6.8539351851852075
49	6.0000	12.2857	67	None	None	0	1	6.553051346801366
50	6.0000	12.2857	70	None	None	0	2	6.232218013468032
51	6.0000	12.2857	79	None	None	0	5	7.8779492226183505
52	6.2857	12.8571	67	None	None	0	1	9.438406738958227
53	6.2857	12.8571	70	None	None	0	2	9.135547261834041
54	6.2857	13.1429	79	None	None	0	5	9.264734353337303
55	6.5714	13.4286	67	None	None	0	2	7.907089275103989
56	6.5714	13.4286	70	None	None	0	3	9.358564814814832
57	6.8571	14.0000	64	None	None	0	1	9.245057189542504
58	6.8571	14.0000	67	None	None	0	2	9.735743464052309
59	7.0000	7.1429	77	None	None	0	5	6.775181966726113
60	7.1429	14.5714	64	None	None	0	1	4.6942996137849295
61	7.1429	14.5714	67	None	None	0	2	4.939887849079041
62	7.1429	14.4286	76	None	None	0	5	3.674079025549624
63	7.2857	7.4286	74	None	None	0	4	3.598915626856806
64	7.4286	15.1429	64	None	None	0	1	2.555015844721727
65	7.4286	15.1429	67	None	None	0	2	2.887041988512572
66	7.4286	15.0000	72	None	None	0	4	3.397050158447212
67	7.5714	7.7143	70	None	None	0	3	3.980977668845307
68	7.7143	15.7143	64	None	None	0	1	3.7541802832243936
69	7.7143	15.5714	69	None	None	0	3	4.491312636165571
70	7.8571	8.0000	67	None	None	0	2	4.897031590413943
71	8.0000	8.2857	69	None	None	0	3	4.5893518518518555
72	8.2857	16.8571	65	None	None	0	1	5.0680555555555555
73	8.2857	16.8571	69	None	None	0	2	5.068055555555551
74	8.2857	16.8571	77	None	None	0	5	7.19121732026144
75	8.5714	17.4286	65	None	None	0	1	8.751674836601293
76	8.5714	17.4286	69	None	None	0	2	8.769648692810438
77	8.5714	17.7143	77	None	None	0	5	9.376266339869261
78	8.8571	18.0000	65	None	None	0	2	8.541722645848436
79	8.8571	18.0000	69	None	None	0	4	9.594675925925902
80	9.1429	18.5714	62	None	None	0	1	9.245057189542456
81	9.1429	18.5714	65	None	None	0	2	9.405473856209127
82	9.2857	9.4286	76	None	None	0	5	7.140767973856185
83	9.4286	19.1429	62	None	None	0	1	5.6113562091503155
84	9.4286	19.1429	65	None	None	0	2	5.85694444444444
85	9.4286	19.0000	74	None	None	0	5	4.591135620915027
86	9.5714	9.7143	72	None	None	0	4	4.515972222222217
87	9.7143	19.7143	62	None	None	0	1	3.472072440087142
88	9.7143	19.7143	65	None	None	0	2	3.8040985838779924
89	9.7143	19.5714	70	None	None	0	4	4.644376361655766
90	9.8571	10.0000	69	None	None	0	3	4.532448257080599
91	10.0000	20.2857	62	None	None	0	1	3.754180283224395
92	10.0000	20.1429	67	None	None	0	3	4.491312636165572
93	10.1429	10.2857	65	None	None	0	2	4.897031590413938
94	10.2857	10.5714	67	None	None	0	3	4.589351851851852
95	10.5714	21.4286	64	None	None	0	1	3.7375000000000034
96	10.5714	21.4286	67	None	None	0	2	3.8889297385621004
97	10.5714	21.4286	76	None	None	0	5	2.9900326797385794
98	10.8571	22.0000	64	None	None	0	1	3.035521708683482
99	10.8571	22.0000	67	None	None	0	2	3.2655870681606096
100	10.8571	22.2857	76	None	None	0	5	2.8666900093370753
101	11.1429	22.5714	64	None	None	0	1	2.3830298786181165
102	11.1429	22.5714	67	None	None	0	2	2.7245331465919693
103	11.4286	11.7143	64	None	None	0	1	3.7555788982259575
104	11.5714	11.7143	74	None	None	0	5	5.188953081232495
105	11.7143	23.7143	64	None	None	0	1	6.343977591036383
106	11.7143	23.5714	73	None	None	0	5	5.569240196078401
107	11.8571	12.0000	71	None	None	0	4	5.352736928104535
108	12.0000	24.2857	64	None	None	0	2	3.9645016339868957
109	12.0000	24.1429	69	None	None	0	5	3.4104575163398563
110	12.1429	12.2857	67	None	None	0	4	3.461764705882336
111	12.2857	12.4286	65	None	None	0	3	3.9241830065359453
112	12.4286	12.5714	64	None	None	0	2	3.9447712418300735
113	12.5714	25.4286	62	None	None	0	1	3.9447712418300735
114	12.5714	25.2857	65	None	None	0	2	8.373080065359504
115	12.7143	12.8571	62	None	None	0	1	8.88914760348587
116	12.8571	13.0000	67	None	None	0	5	8.667532074558231
117	13.0000	13.1429	64	None	None	0	3	8.20402444928591
118	13.1429	13.2857	69	None	None	0	5	8.20327553861052
119	13.2857	13.4286	65	None	None	0	3	8.203275538610525
120	13.4286	13.5714	64	None	None	0	2	8.23992828612929
121	13.5714	13.7143	62	None	None	0	1	8.11125181554105
122	13.7143	13.8571	61	None	None	0	2	4.310884168482202
123	14.0000	14.1429	62	None	None	0	3	4.161074800290493
124	14.2857	14.4286	64	None	None	0	4	4.8309337932703915
125	14.5714	29.4286	62	None	None	0	1	4.755147058823504
126	14.5714	29.2857	65	None	None	0	4	5.11633986928105
127	14.7143	14.8571	62	None	None	0	2	5.302369281045756
128	14.8571	30.0000	64	None	None	0	3	5.640604575163396
129	14.8571	29.8571	67	None	None	0	4	5.116339869281029
130	15.0000	15.1429	64	None	None	0	2	4.617757936507931
131	15.1429	30.5714	65	None	None	0	3	4.404522642390288
132	15.1429	30.4286	69	None	None	0	4	3.883280812324922
133	15.2857	15.4286	65	None	None	0	2	4.190633753501398
134	15.4286	31.1429	67	None	None	0	3	4.528869047619043
135	15.4286	31.0000	71	None	None	0	4	3.920004668534083
136	15.5714	15.7143	67	None	None	0	2	3.469085550887023
137	15.7143	31.7143	69	None	None	0	3	3.4566264005602236
138	15.7143	31.5714	73	None	None	0	4	3.890233214497918
139	15.8571	16.0000	69	None	None	0	2	4.80420380273321
140	16.0000	32.2857	71	None	None	0	3	5.142439096850858
141	16.0000	32.1429	74	None	None	0	4	4.621197266785497
142	16.1429	16.2857	71	None	None	0	1	4.842728758169913
143	16.2857	32.8571	73	None	None	0	2	4.961111111111085
144	16.2857	32.7143	76	None	None	0	3	5.158251633986914
145	16.4286	16.5714	73	None	None	0	2	5.853839869281029
146	16.5714	33.4286	74	None	None	0	3	5.061192810457504
147	16.5714	33.2857	77	None	None	0	4	6.111846405228759
148	16.7143	16.8571	74	None	None	0	2	6.8942810457516375
149	16.8571	34.0000	76	None	None	0	3	7.131209150326797
150	16.8571	33.8571	79	None	None	0	5	7.252532679738589
151	17.0000	17.1429	76	None	None	0	3	7.0856209150327025
152	17.1429	34.4286	77	None	None	0	4	7.2678104575163625
153	17.1429	34.8571	81	None	None	0	5	6.871486928104586
154	17.2857	17.4286	74	None	None	0	3	5.494852941176477
155	17.4286	17.5714	70	None	None	0	2	5.09852941176471
156	17.5714	17.7143	67	None	None	0	1	4.68823529411765
157	17.7143	35.5714	76	None	None	0	3	5.977042483660136
158	17.7143	36.0000	79	None	None	0	5	6.449101307189558
159	17.8571	18.0000	73	None	None	0	2	6.514705882352953
160	18.0000	18.1429	69	None	None	0	1	6.970588235294126
161	18.1429	18.2857	73	None	None	0	2	6.825000000000009
162	18.2857	36.7143	77	None	None	0	4	7.267810457516346
163	18.2857	37.1429	81	None	None	0	5	6.87148692810457
164	18.4286	18.5714	74	None	None	0	3	5.49485294117646
165	18.5714	18.7143	70	None	None	0	2	5.098529411764694
166	18.7143	18.8571	67	None	None	0	1	4.688235294117633
167	18.8571	37.8571	76	None	None	0	3	5.97704248366013
168	18.8571	38.2857	79	None	None	0	5	6.449101307189558
169	19.0000	19.1429	73	None	None	0	2	6.5147058823529544
170	19.1429	19.2857	69	None	None	0	1	6.970588235294143
171	19.2857	19.4286	73	None	None	0	2	6.825000000000026
172	19.4286	39.0000	77	None	None	0	4	7.2678104575163625
173	19.4286	39.4286	81	None	None	0	5	6.871486928104586
174	19.5714	19.7143	74	None	None	0	3	8.234584818776018
175	19.7143	19.8571	70	None	None	0	2	10.058032531194314
176	19.8571	20.0000	67	None	None	0	1	10.602150178253137
177	20.0000	40.1429	76	None	None	0	4	10.703457367795629
178	20.0000	40.5714	79	None	None	0	5	11.483686125965535
179	20.1429	20.2857	73	None	None	0	3	15.32626633986922
180	20.2857	20.4286	69	None	None	0	2	14.554942810457451
181	20.4286	20.5714	73	None	None	0	5	14.754493464052231
182	20.5714	41.4286	62	None	None	0	1	18.802287581699304
183	20.5714	41.2857	74	None	None	0	3	16.08619281045747
184	20.5714	41.2857	77	None	None	0	5	16.987745098039177
185	20.7143	20.8571	74	None	None	0	4	16.628267973856165
186	20.8571	42.0000	64	None	None	0	1	15.392973856209128
187	20.8571	41.8571	79	None	None	0	5	10.955473856209185
188	21.0000	21.1429	76	None	None	0	4	10.675980392156887
189	21.1429	42.5714	65	None	None	0	1	9.698039215686286
190	21.1429	42.4286	81	None	None	0	5	5.260539215686274
191	21.2857	21.4286	77	None	None	0	4	5.1670751633986916
192	21.4286	43.1429	67	None	None	0	1	4.05825163398692
193	21.4286	43.0000	76	None	None	0	5	3.468178104575166
194	21.5714	21.7143	74	None	None	0	4	5.039052287581714
195	21.7143	43.5714	69	None	None	0	2	6.264052287581712
196	21.7143	43.5714	73	None	None	0	5	10.788970588235323
197	21.8571	22.0000	69	None	None	0	1	10.66535947712421
198	22.0000	22.1429	74	None	None	0	5	10.17022058823531
199	22.1429	22.2857	71	None	None	0	3	9.787867647058846
200	22.2857	22.4286	76	None	None	0	5	10.042647058823558
201	22.4286	22.5714	67	None	None	0	2	9.197058823529428
202	22.5714	22.7143	65	None	None	0	1	8.938888888888918
203	22.7143	22.8571	64	None	None	0	2	3.9447712418300873
204	22.8571	45.8571	62	None	None	0	1	3.9447712418300873
205	22.8571	45.8571	65	None	None	0	2	8.373080065359453
206	23.0000	23.1429	62	None	None	0	1	8.88914760348582
207	23.1429	23.2857	67	None	None	0	5	8.667532074558181
208	23.2857	23.4286	64	None	None	0	3	8.204024449285857
209	23.4286	23.5714	69	None	None	0	5	8.203275538610468
210	23.5714	23.7143	65	None	None	0	3	8.203275538610464
211	23.7143	23.8571	64	None	None	0	2	8.417613773904586
212	23.8571	24.0000	62	None	None	0	1	8.035260832728104
213	24.0000	24.1429	61	None	None	0	2	4.396096586782864
214	24.2857	24.4286	62	None	None	0	1	3.668790849673225
215	24.5714	24.7143	64	None	None	0	2	2.9839869281045854
216	24.8571	50.0000	62	None	None	0	1	3.4701797385620927
217	24.8571	49.8571	65	None	None	0	2	3.652859477124185
218	25.0000	25.1429	62	None	None	0	1	3.980800653594784
219	25.1429	25.2857	67	None	None	0	4	4.354330065359475
220	25.2857	50.7143	64	None	None	0	2	3.8705004841442743
221	25.2857	50.7143	67	None	None	0	4	3.305066734887
222	25.4286	51.0000	62	None	None	0	2	3.5757151696995
223	25.4286	51.0000	65	None	None	0	4	3.581154626183844
224	25.5714	51.2857	61	None	None	0	2	3.8701252144191463
225	25.5714	51.2857	64	None	None	0	3	4.070288613111956
226	25.7143	51.7143	62	None	None	0	1	3.5425510262584377
227	25.7143	51.7143	65	None	None	0	2	3.8322569086113893
228	26.0000	26.2143	67	None	None	0	3	3.8538527691778346
229	26.2143	26.2500	65	None	None	0	2	4.4560586515307765
230	26.2500	26.2857	67	None	None	0	3	4.780942552459588
231	26.2857	26.4286	69	None	None	0	5	4.236922052771735
232	26.4286	26.5714	64	None	None	0	3	4.023414427499399
233	26.5714	26.7143	65	None	None	0	4	4.226219438392642
234	26.7143	26.8571	62	None	None	0	2	7.5938353506805525
235	26.8571	27.0000	64	None	None	0	3	7.919916258765574
236	27.0000	27.1429	61	None	None	0	1	17.33837274629886
237	27.1429	54.4286	62	None	None	0	2	15.905284511004734
238	27.1429	54.5714	65	None	None	0	4	15.491885818194271
239	27.4286	27.7143	64	None	None	0	3	17.95539344346661
240	27.7143	28.0000	62	None	None	0	2	18.37628124303087
241	28.0000	28.1429	61	None	None	0	1	15.592239848695376
242	29.7143	29.8571	74	None	None	0	4	18.27990938799763
243	29.8571	30.0000	76	None	None	0	1	10.75785056446821
244	30.0000	30.1429	77	None	None	0	3	10.802335858585845
245	30.1429	30.2857	79	None	None	0	4	10.727172459893035
246	30.2857	30.4286	81	None	None	0	5	10.675497623291728
247	30.4286	30.5714	69	None	None	0	2	7.75473856209148
248	30.5714	30.7143	73	None	None	0	5	12.87995642701525
249	30.7143	30.8571	69	None	None	0	4	14.050708061002162
250	30.8571	61.8571	62	None	None	0	1	16.397521786492334
251	30.8571	62.5714	74	None	None	0	5	15.375462962962931
252	31.0000	31.1429	64	None	None	0	2	14.683632897603465
253	31.1429	31.2857	65	None	None	0	1	14.518191721132807
254	31.2857	31.4286	67	None	None	0	2	14.029956427015163
255	31.4286	31.5714	69	None	None	0	3	15.52342047930274
256	31.7143	32.0000	76	None	None	0	5	18.930964052287436
257	32.0000	64.2857	62	None	None	0	1	18.135212418300505
258	32.0000	64.1429	77	None	None	0	5	16.98774509803912
259	32.1429	32.2857	74	None	None	0	4	16.628267973856104
260	32.2857	64.8571	64	None	None	0	1	15.392973856209062
261	32.2857	64.7143	79	None	None	0	5	10.955473856209125
262	32.4286	32.5714	76	None	None	0	4	10.675980392156822
263	32.5714	65.4286	65	None	None	0	1	9.477450980392137
264	32.5714	65.2857	81	None	None	0	5	5.815277777777814
265	32.7143	32.8571	77	None	None	0	4	5.658415032679768
266	32.8571	66.0000	67	None	None	0	1	5.154330065359468
267	32.8571	65.8571	76	None	None	0	4	5.356944444444434
268	33.0000	33.1429	74	None	None	0	3	6.621486928104571
269	33.1429	66.5714	69	None	None	0	1	6.357924836601297
270	33.1429	66.5714	73	None	None	0	2	8.857189542483695
271	33.4286	67.1429	69	None	None	0	1	10.820424836601319
272	33.4286	67.1429	81	None	None	0	5	9.799509803921579
273	33.7143	67.7143	69	None	None	0	1	10.659599673202614
274	33.7143	68.0000	81	None	None	0	5	10.003553921568635
275	34.0000	34.2857	69	None	None	0	2	9.224305555555578
276	34.2857	68.8571	65	None	None	0	1	9.245057189542507
277	34.2857	68.8571	69	None	None	0	2	9.73574346405232
278	34.4286	34.5714	79	None	None	0	5	6.919566993464024
279	34.5714	69.4286	65	None	None	0	1	5.390155228758181
280	34.5714	69.4286	69	None	None	0	2	5.996772875817011
281	34.5714	69.2857	77	None	None	0	5	5.451151218063024
282	34.7143	34.8571	76	None	None	0	4	5.846576054664358
283	34.8571	70.0000	65	None	None	0	1	4.4207318280848105
284	34.8571	70.0000	69	None	None	0	3	4.458104327589653
285	34.8571	69.8571	74	None	None	0	5	6.688889507823324
286	35.0000	35.1429	72	None	None	0	4	7.053268592790655
287	35.1429	70.5714	65	None	None	0	1	6.772304540503069
288	35.1429	70.4286	70	None	None	0	3	7.5122685185185105
289	35.2857	35.4286	69	None	None	0	2	7.311369825708063
290	35.4286	35.7143	70	None	None	0	3	6.853935185185174
291	35.7143	71.7143	67	None	None	0	1	6.553051346801351
292	35.7143	71.7143	70	None	None	0	2	6.232218013468021
293	35.7143	71.7143	79	None	None	0	5	7.8779492226183265
294	36.0000	72.2857	67	None	None	0	1	9.438406738958234
295	36.0000	72.2857	70	None	None	0	2	9.135547261834049
296	36.0000	72.5714	79	None	None	0	5	9.264734353337333
297	36.2857	72.8571	67	None	None	0	2	7.907089275104011
298	36.2857	72.8571	70	None	None	0	3	9.358564814814876
299	36.5714	73.4286	64	None	None	0	1	9.245057189542546
300	36.5714	73.4286	67	None	None	0	2	9.735743464052359
301	36.7143	36.8571	77	None	None	0	5	6.775181966726196
302	36.8571	74.0000	64	None	None	0	1	4.694299613784982
303	36.8571	74.0000	67	None	None	0	2	4.939887849079097
304	36.8571	73.8571	76	None	None	0	5	3.6740790255496525
305	37.0000	37.1429	74	None	None	0	4	3.5989156268568356
306	37.1429	74.5714	64	None	None	0	1	2.555015844721733
307	37.1429	74.5714	67	None	None	0	2	2.887041988512578
308	37.1429	74.4286	72	None	None	0	4	3.39705015844721
309	37.2857	37.4286	70	None	None	0	3	3.9809776688453105
310	37.4286	75.1429	64	None	None	0	1	3.7541802832243936
311	37.4286	75.0000	69	None	None	0	3	4.491312636165571
312	37.5714	37.7143	67	None	None	0	2	4.897031590413947
313	37.7143	38.0000	69	None	None	0	3	4.589351851851864
314	38.0000	76.2857	65	None	None	0	1	5.068055555555567
315	38.0000	76.2857	69	None	None	0	2	5.068055555555563
316	38.0000	76.2857	77	None	None	0	5	7.191217320261404
317	38.2857	76.8571	65	None	None	0	1	8.751674836601307
318	38.2857	76.8571	69	None	None	0	2	8.76964869281045
319	38.2857	77.1429	77	None	None	0	5	9.376266339869305
320	38.5714	77.4286	65	None	None	0	2	8.541722645848473
321	38.5714	77.4286	69	None	None	0	4	9.594675925925964
322	38.8571	78.0000	62	None	None	0	1	9.245057189542514
323	38.8571	78.0000	65	None	None	0	2	9.405473856209188
324	39.0000	39.1429	76	None	None	0	5	7.14076797385628
325	39.1429	78.5714	62	None	None	0	1	5.611356209150354
326	39.1429	78.5714	65	None	None	0	2	5.8569444444444745
327	39.1429	78.4286	74	None	None	0	5	4.591135620915033
328	39.2857	39.4286	72	None	None	0	4	4.5159722222222225
329	39.4286	79.1429	62	None	None	0	1	3.472072440087127
330	39.4286	79.1429	65	None	None	0	2	3.8040985838779786
331	39.4286	79.0000	70	None	None	0	4	4.6443763616557545
332	39.5714	39.7143	69	None	None	0	3	4.5324482570806
333	39.7143	79.7143	62	None	None	0	1	3.7541802832244024
334	39.7143	79.5714	67	None	None	0	3	4.491312636165582
335	39.8571	40.0000	65	None	None	0	2	4.897031590413947
336	40.0000	40.2857	67	None	None	0	3	4.589351851851864
337	40.2857	80.8571	64	None	None	0	1	3.7375000000000123
338	40.2857	80.8571	67	None	None	0	2	3.888929738562107
339	40.2857	80.8571	76	None	None	0	5	2.9900326797385834
340	40.5714	81.4286	64	None	None	0	1	3.0355217086834987
341	40.5714	81.4286	67	None	None	0	2	3.265587068160623
342	40.5714	81.7143	76	None	None	0	5	2.8666900093370833
343	40.8571	82.0000	64	None	None	0	1	2.3830298786181188
344	40.8571	82.0000	67	None	None	0	2	2.724533146591977
345	41.1429	41.4286	64	None	None	0	1	3.7555788982259495
346	41.2857	41.4286	74	None	None	0	5	5.188953081232504
347	41.4286	83.1429	64	None	None	0	1	6.343977591036369
348	41.4286	83.0000	73	None	None	0	5	5.569240196078373
349	41.5714	41.7143	71	None	None	0	4	5.352736928104511
350	41.7143	83.7143	64	None	None	0	2	3.9645016339868815
351	41.7143	83.5714	69	None	None	0	5	3.4104575163398456
352	41.8571	42.0000	67	None	None	0	4	3.461764705882315
353	42.0000	42.1429	65	None	None	0	3	3.9241830065359293
354	42.1429	42.2857	64	None	None	0	2	3.9447712418300576
355	42.2857	84.8571	62	None	None	0	1	3.9447712418300576
356	42.2857	84.7143	65	None	None	0	2	8.373080065359556
357	42.4286	42.5714	62	None	None	0	1	8.88914760348591
358	42.5714	42.7143	67	None	None	0	5	8.66753207455828
359	42.7143	42.8571	64	None	None	0	3	8.204024449285967
360	42.8571	43.0000	69	None	None	0	5	8.203275538610567
361	43.0000	43.1429	65	None	None	0	3	8.203275538610594
362	43.1429	43.2857	64	None	None	0	2	8.23992828612935
363	43.2857	43.4286	62	None	None	0	1	8.1112518155411
364	43.4286	43.5714	61	None	None	0	2	4.310884168482185
365	43.7143	43.8571	62	None	None	0	3	4.161074800290489
366	44.0000	44.1429	64	None	None	0	4	4.8309337932704
367	44.2857	88.8571	62	None	None	0	1	4.755147058823479
368	44.2857	88.7143	65	None	None	0	4	5.11633986928105
369	44.4286	44.5714	62	None	None	0	2	5.302369281045759
370	44.5714	89.4286	64	None	None	0	3	5.640604575163399
371	44.5714	89.2857	67	None	None	0	4	5.116339869281051
372	44.7143	44.8571	64	None	None	0	2	4.617757936507961
373	44.8571	90.0000	65	None	None	0	3	4.40452264239031
374	44.8571	89.8571	69	None	None	0	4	3.8832808123249407
375	45.0000	45.1429	65	None	None	0	2	4.19063375350145
376	45.1429	90.5714	67	None	None	0	3	4.5288690476190805
377	45.1429	90.4286	71	None	None	0	4	3.9200046685341015
378	45.2857	45.4286	67	None	None	0	2	3.469085550887043
379	45.4286	91.1429	69	None	None	0	3	3.4566264005602436
380	45.4286	91.0000	73	None	None	0	4	3.890233214497913
381	45.5714	45.7143	69	None	None	0	2	4.804203802733193
382	45.7143	91.7143	71	None	None	0	3	5.142439096850842
383	45.7143	91.5714	74	None	None	0	4	4.621197266785461
384	45.8571	46.0000	71	None	None	0	1	4.842728758169889
385	46.0000	92.2857	73	None	None	0	2	4.961111111111078
386	46.0000	92.1429	76	None	None	0	3	5.158251633986907
387	46.1429	46.2857	73	None	None	0	2	5.853839869281006
388	46.2857	92.8571	74	None	None	0	3	5.061192810457492
389	46.2857	92.7143	77	None	None	0	4	6.111846405228789
390	46.4286	46.5714	74	None	None	0	2	6.894281045751618
391	46.5714	93.4286	76	None	None	0	3	7.131209150326786
392	46.5714	93.2857	79	None	None	0	5	7.252532679738593
393	46.7143	46.8571	76	None	None	0	3	7.085620915032697
394	46.8571	93.8571	77	None	None	0	4	7.2678104575163704
395	46.8571	94.2857	81	None	None	0	5	6.871486928104601
396	47.0000	47.1429	74	None	None	0	3	5.494852941176511
397	47.1429	47.2857	70	None	None	0	2	5.098529411764709
398	47.2857	47.4286	67	None	None	0	1	4.688235294117655
399	47.4286	95.0000	76	None	None	0	3	5.977042483660103
400	47.4286	95.4286	79	None	None	0	5	6.449101307189548
401	47.5714	47.7143	73	None	None	0	2	6.514705882352944
402	47.7143	47.8571	69	None	None	0	1	6.970588235294107
403	47.8571	48.0000	73	None	None	0	2	6.825000000000007
404	48.0000	96.1429	77	None	None	0	4	7.267810457516338
405	48.0000	96.5714	81	None	None	0	5	6.871486928104567
406	48.1429	48.2857	74	None	None	0	3	5.494852941176438
407	48.2857	48.4286	70	None	None	0	2	5.098529411764709
408	48.4286	48.5714	67	None	None	0	1	4.688235294117638
409	48.5714	97.2857	76	None	None	0	3	5.977042483660163
410	48.5714	97.7143	79	None	None	0	5	6.449101307189564
411	48.7143	48.8571	73	None	None	0	2	6.5147058823529616
412	48.8571	49.0000	69	None	None	0	1	6.970588235294173
413	49.0000	49.1429	73	None	None	0	2	6.82500000000006
414	49.1429	98.4286	77	None	None	0	4	7.2678104575163855
415	49.1429	98.8571	81	None	None	0	5	6.871486928104603
416	49.2857	49.4286	74	None	None	0	3	8.234584818776
417	49.4286	49.5714	70	None	None	0	2	10.058032531194229
418	49.5714	49.7143	67	None	None	0	1	10.602150178253035
419	49.7143	99.5714	76	None	None	0	4	10.703457367795526
420	49.7143	100.0000	79	None	None	0	5	11.483686125965423
421	49.8571	50.0000	73	None	None	0	3	15.326266339869122
422	50.0000	50.1429	69	None	None	0	2	14.554942810457383
423	50.1429	50.2857	73	None	None	0	5	14.754493464052162
424	50.2857	100.8571	62	None	None	0	1	18.802287581699176
425	50.2857	100.7143	74	None	None	0	3	16.08619281045738
426	50.2857	100.7143	77	None	None	0	5	16.98774509803912
427	50.4286	50.5714	74	None	None	0	4	16.628267973856104
428	50.5714	101.4286	64	None	None	0	1	15.392973856209062
429	50.5714	101.2857	79	None	None	0	5	10.955473856209125
430	50.7143	50.8571	76	None	None	0	4	10.675980392156822
431	50.8571	102.0000	65	None	None	0	1	9.698039215686244
432	50.8571	101.8571	81	None	None	0	5	5.260539215686305
433	51.0000	51.1429	77	None	None	0	4	5.1670751633987235
434	51.1429	102.5714	67	None	None	0	1	4.058251633986952
435	51.1429	102.4286	76	None	None	0	5	3.4681781045751654
436	51.2857	51.4286	74	None	None	0	4	5.039052287581715
437	51.4286	103.0000	69	None	None	0	2	6.264052287581751
438	51.4286	103.0000	73	None	None	0	5	10.78897058823538
439	51.5714	51.7143	69	None	None	0	1	10.665359477124086
440	51.7143	51.8571	74	None	None	0	5	10.170220588235361
441	51.8571	52.0000	71	None	None	0	3	9.787867647058901
442	52.0000	52.1429	76	None	None	0	5	10.04264705882361
443	52.1429	52.2857	67	None	None	0	2	9.19705882352946
444	52.2857	52.4286	65	None	None	0	1	8.938888888888963
445	52.4286	52.5714	64	None	None	0	2	3.9447712418300576
446	52.5714	105.2857	62	None	None	0	1	3.9447712418300576
447	52.5714	105.2857	65	None	None	0	2	8.373080065359556
448	52.7143	52.8571	62	None	None	0	1	8.88914760348591
449	52.8571	53.0000	67	None	None	0	5	8.66753207455828
450	53.0000	53.1429	64	None	None	0	3	8.204024449285967
451	53.1429	53.2857	69	None	None	0	5	8.203275538610567
452	53.2857	53.4286	65	None	None	0	3	8.203275538610594
453	53.4286	53.5714	64	None	None	0	2	8.417613773904703
454	53.5714	53.7143	62	None	None	0	1	8.035260832728223
455	53.7143	53.8571	61	None	None	0	2	4.396096586782845
456	54.0000	54.1429	62	None	None	0	1	3.6687908496732033
457	54.2857	54.4286	64	None	None	0	2	2.983986928104564
458	54.5714	109.4286	62	None	None	0	1	3.470179738562082
459	54.5714	109.2857	65	None	None	0	2	3.652859477124171
460	54.7143	54.8571	62	None	None	0	1	3.9808006535947746
461	54.8571	55.0000	67	None	None	0	4	4.354330065359482
462	55.0000	110.1429	64	None	None	0	2	3.8705004841442943
463	55.0000	110.1429	67	None	None	0	4	3.30506673488703
464	55.1429	110.4286	62	None	None	0	2	3.5757151696995426
465	55.1429	110.4286	65	None	None	0	4	3.5811546261838316
466	55.2857	110.7143	61	None	None	0	2	3.870125214419141
467	55.2857	110.7143	64	None	None	0	3	4.070288613111949
468	55.4286	111.1429	62	None	None	0	1	3.5425510262584288
469	55.4286	111.1429	65	None	None	0	2	3.8322569086113742
470	55.7143	55.9286	67	None	None	0	3	3.853852769177825
471	55.9286	55.9643	65	None	None	0	2	4.456058651530756
472	55.9643	56.0000	67	None	None	0	3	4.780942552459539
473	56.0000	56.1429	69	None	None	0	5	4.236922052771722
474	56.1429	56.2857	64	None	None	0	3	4.023414427499379
475	56.2857	56.4286	65	None	None	0	4	4.226219438392634
476	56.4286	56.5714	62	None	None	0	2	3.599842933066081
477	56.5714	56.7143	64	None	None	0	3	7.405043117908185
478	56.7143	56.8571	61	None	None	0	1	7.439313115885022
479	56.8571	113.8571	62	None	None	0	2	6.953506263616555
480	56.8571	114.0000	65	None	None	0	4	10.997603485838724
481	57.1429	57.4286	64	None	None	0	3	10.978490790255442
482	57.4286	57.7143	62	None	None	0	2	10.916106530996178
483	57.7143	57.8571	61	None	None	0	1	8.212947489601842
484	59.4286	59.5714	69	None	None	0	2	8.213846182412299
485	59.5714	59.7143	71	None	None	0	1	4.700956454449102
486	59.7143	59.8571	73	None	None	0	2	5.307574101507944
487	59.8571	60.0000	74	None	None	0	3	5.476691748566774
488	60.0000	60.1429	76	None	None	0	4	5.1118224675210175
489	60.1429	60.2857	73	None	None	0	3	5.682678082494297
490	60.2857	60.4286	77	None	None	0	5	6.205247526938724
491	60.4286	60.5714	74	None	None	0	4	5.5647246511217245
492	60.5714	61.4286	76	None	None	0	5	6.029798180533508
493	61.0000	61.1429	62	None	None	0	1	5.631944444444477
494	61.1429	61.2857	64	None	None	0	3	4.826552287581728
495	61.2857	61.4286	62	None	None	0	1	4.064326563958915
496	61.4286	123.0000	65	None	None	0	2	4.1407971521942155
497	61.4286	123.1429	69	None	None	0	4	3.7273984593837497
498	61.5714	61.7143	62	None	None	0	1	4.146516106442575
499	61.7143	123.7143	67	None	None	0	2	4.421025910364144
500	61.7143	123.5714	71	None	None	0	4	3.9200046685340646
501	61.8571	62.0000	67	None	None	0	2	3.469085550887006
502	62.0000	124.2857	69	None	None	0	3	3.456626400560217
503	62.0000	124.1429	73	None	None	0	4	5.15210375816989
504	62.1429	62.2857	69	None	None	0	2	8.285845588235205
505	62.2857	124.8571	71	None	None	0	3	9.039551237161428
506	62.2857	124.7143	74	None	None	0	5	8.234404178337916
507	62.4286	62.5714	71	None	None	0	3	10.572639472455611
508	62.5714	125.4286	73	None	None	0	4	14.978480975723668
509	62.5714	125.2857	76	None	None	0	5	15.361753034547192
510	62.7143	62.8571	73	None	None	0	4	18.701009570494953
511	62.8571	126.0000	62	None	None	0	1	20.549355158730346
512	62.8571	125.8571	74	None	None	0	3	17.742002217553917
513	62.8571	125.8571	78	None	None	0	5	21.833231209150593
514	63.0000	63.1429	74	None	None	0	4	20.390625000000256
515	63.1429	126.5714	64	None	None	0	1	19.706801470588452
516	63.1429	126.4286	79	None	None	0	5	15.347242647058948
517	63.2857	63.4286	76	None	None	0	4	14.606452391562811
518	63.4286	127.1429	66	None	None	0	1	11.434148469994136
519	63.4286	127.0000	81	None	None	0	5	7.982044711824142
520	63.5714	63.7143	72	None	None	0	3	6.093809417706495
521	63.7143	127.7143	62	None	None	0	1	3.6003453654188755
522	63.7143	127.5714	70	None	None	0	4	3.6142751039809524
523	63.8571	64.0000	69	None	None	0	3	3.765125519904923
524	64.0000	128.1429	67	None	None	0	2	4.45189022578724
525	64.0000	128.1429	70	None	None	0	4	6.482148692810512
526	64.1429	64.2857	67	None	None	0	3	6.924060457516399
527	64.2857	64.4286	72	None	None	0	5	6.933251633986982
528	64.4286	64.5714	69	None	None	0	3	6.550898692810529
529	64.5714	64.7143	74	None	None	0	5	6.805678104575244
530	64.7143	64.8571	70	None	None	0	4	5.259558823529388
531	64.8571	65.0000	69	None	None	0	3	4.527898918187922
532	65.0000	65.1429	67	None	None	0	2	4.596028660506404
533	65.1429	130.4286	62	None	None	0	1	3.6832290962362344
534	65.1429	130.4286	66	None	None	0	5	2.92193392682743
535	65.2857	65.4286	62	None	None	0	1	3.232719179625799
536	65.4286	65.5714	67	None	None	0	2	3.026892336330039
537	65.5714	65.7143	64	None	None	0	1	3.8562485913906035
538	65.7143	65.8571	69	None	None	0	5	3.6757344593861676
539	66.8571	67.0000	62	None	None	0	2	4.067144759138248
540	67.1429	67.2857	64	None	None	0	3	4.784328854998769
541	67.4286	135.1429	62	None	None	0	1	4.755147058823504
542	67.4286	135.0000	65	None	None	0	4	5.116339869281056
543	67.5714	67.7143	62	None	None	0	2	4.69799836601307
544	67.7143	135.7143	64	None	None	0	3	4.572998366013048
545	67.7143	135.5714	67	None	None	0	4	4.05175653594767
546	67.8571	68.0000	64	None	None	0	2	4.359109477124149
547	68.0000	136.2857	65	None	None	0	3	4.117933006535936
548	68.0000	136.1429	69	None	None	0	4	3.2274101307189724
549	68.1429	68.2857	65	None	None	0	2	2.668477668845326
550	68.2857	136.8571	67	None	None	0	3	2.5353606874848715
551	68.2857	136.7143	70	None	None	0	4	2.9931323034264135
552	68.4286	68.5714	67	None	None	0	2	2.9197152626482956
553	68.5714	137.2857	69	None	None	0	3	2.6300093802953475
554	68.5714	137.7143	72	None	None	0	5	2.2211041515371774
555	68.7143	68.8571	65	None	None	0	2	3.175515916243069
556	68.8571	69.0000	62	None	None	0	1	3.228457092713667
557	69.1429	138.4286	67	None	None	0	4	2.5798183162153925
558	69.1429	138.8571	70	None	None	0	5	2.501279956427046
559	69.2857	69.4286	64	None	None	0	2	2.196839445654831
560	69.4286	69.5714	60	None	None	0	1	2.9362695583284113
561	69.5714	69.7143	64	None	None	0	2	3.2240453280077364
562	69.7143	139.5714	69	None	None	0	3	2.6300093802952986
563	69.7143	140.0000	72	None	None	0	5	2.221104151537129
564	69.8571	70.0000	65	None	None	0	2	3.175515916243021
565	70.0000	70.1429	62	None	None	0	1	3.228457092713615
566	70.2857	140.7143	67	None	None	0	4	2.579818316215372
567	70.2857	141.1429	70	None	None	0	5	10.080800653594897
568	70.4286	70.5714	64	None	None	0	2	11.043464052287709
569	70.5714	70.7143	60	None	None	0	1	11.350735294117777
570	70.7143	70.8571	64	None	None	0	0	-1
571	70.8571	141.8571	69	None	None	0	0	-1
572	70.8571	142.0000	72	None	None	0	0	-1
573	71.0000	71.1429	65	None	None	0	0	-1
574	71.1429	142.4286	62	None	None	0	0	-1
575	71.1429	142.5714	81	None	None	0	0	-1
576	71.4286	143.0000	67	None	None	0	0	-1
577	71.4286	143.1429	70	None	None	0	0	-1
578	71.5714	71.7143	65	None	None	0	0	-1
579	71.7143	143.5714	60	None	None	0	0	-1
580	71.7143	143.7143	79	None	None	0	0	-1
581	71.8571	72.0000	64	None	None	0	1	8.214501633986877
582	72.0000	144.2857	65	None	None	0	2	7.726266339869246
583	72.0000	144.1429	69	None	None	0	3	7.333619281045749
584	72.1429	72.2857	65	None	None	0	1	6.7012663398692744
585	72.2857	72.4286	72	None	None	0	2	5.026348039215703
586	72.4286	72.5714	69	None	None	0	1	5.238357843137247
587	72.5714	72.7143	77	None	None	0	3	5.226143790849694
588	72.7143	72.8571	72	None	None	0	1	5.226143790849695
589	72.8571	73.0000	81	None	None	0	5	4.749428104575125
590	73.0000	73.1429	77	None	None	0	4	3.86331699346404
591	73.1429	73.2857	76	None	None	0	3	5.7252822341057295
592	73.2857	73.4286	79	None	None	0	5	5.853958704693974
593	73.4286	73.5714	72	None	None	0	2	6.314988116458696
594	73.5714	73.7143	76	None	None	0	5	5.630941770647609
595	73.7143	73.8571	67	None	None	0	3	3.940949940582256
596	73.8571	74.0000	72	None	None	0	5	3.468189245395075
597	74.0000	148.2857	66	None	None	0	2	6.963927881758809
598	74.0000	148.1429	70	None	None	0	4	6.356901737967983
599	74.1429	74.2857	69	None	None	0	3	7.4134668640183685
600	74.2857	148.8571	67	None	None	0	1	7.005319211017766
601	74.2857	148.7143	70	None	None	0	2	6.785466269841262
602	74.4286	74.5714	67	None	None	0	1	7.208260387488345
603	74.5714	74.7143	74	None	None	0	4	12.082443394024374
604	74.7143	74.8571	70	None	None	0	1	11.8236198646126
605	74.8571	75.0000	79	None	None	0	4	13.224457282913319
606	75.0000	75.1429	74	None	None	0	2	16.1965161064426
607	75.1429	75.2857	82	None	None	0	5	15.712826797385597
608	75.2857	75.4286	79	None	None	0	4	16.074550653594756
609	75.4286	75.5714	77	None	None	0	3	16.245874183006542
610	75.5714	75.7143	81	None	None	0	5	15.468504901960785
611	75.7143	151.7143	62	None	None	0	1	10.15968137254891
612	75.7143	151.5714	74	None	None	0	3	7.139174836601155
613	75.8571	76.0000	77	None	None	0	5	6.97373366013056
614	76.0000	152.2857	62	None	None	0	1	4.33876633986929
615	76.0000	152.1429	69	None	None	0	3	3.6512663398693213
616	76.1429	76.2857	74	None	None	0	5	3.741339869281048
617	76.2857	152.8571	68	None	None	0	1	5.150163398692789
618	76.2857	152.7143	72	None	None	0	3	4.773692810457494
619	76.4286	76.5714	71	None	None	0	2	6.039501633986863
620	76.5714	153.4286	69	None	None	0	1	5.65714869281038
621	76.5714	153.2857	72	None	None	0	2	6.5872957516339286
622	76.7143	76.8571	69	None	None	0	1	6.756413398692756
623	76.8571	77.0000	76	None	None	0	2	5.362704248365971
624	77.0000	77.1429	72	None	None	0	1	5.973733660130697
625	77.1429	77.2857	81	None	None	0	3	6.370649509803931
626	77.2857	77.4286	76	None	None	0	1	6.125061274509814
627	77.4286	77.5714	84	None	None	0	5	7.117708333333356
628	77.5714	77.7143	81	None	None	0	4	6.690420751634004
629	77.7143	77.8571	80	None	None	0	3	6.439685457516354
630	77.8571	78.0000	83	None	None	0	5	5.126266339869256
631	78.0000	78.1429	76	None	None	0	3	5.550274276377157
632	78.1429	78.2857	80	None	None	0	5	6.0825163398692155
633	78.2857	78.4286	71	None	None	0	2	5.513104080015778
634	78.4286	78.5714	74	None	None	0	4	5.464084472172699
635	78.5714	78.7143	73	None	None	0	3	4.738875807625785
636	78.7143	78.8571	71	None	None	0	2	6.842552278214054
637	78.8571	79.1429	73	None	None	0	3	6.697231422599077
638	79.1429	158.5714	69	None	None	0	1	7.802691662250525
639	79.1429	158.5714	81	None	None	0	5	7.146645910616534
640	79.4286	159.1429	69	None	None	0	1	7.942397544603498
641	79.4286	159.4286	81	None	None	0	5	6.921482511923778
642	79.7143	80.0000	69	None	None	0	1	6.664946564211353
643	80.1429	80.2857	79	None	None	0	5	6.91956699346414
644	80.2857	160.8571	65	None	None	0	1	5.390155228758229
645	80.2857	160.8571	69	None	None	0	2	5.996772875817056
646	80.2857	160.7143	77	None	None	0	5	5.451151218062994
647	80.4286	80.5714	76	None	None	0	4	5.8465760546643395
648	80.5714	161.4286	65	None	None	0	1	4.420731828084791
649	80.5714	161.4286	69	None	None	0	3	4.458104327589636
650	80.5714	161.2857	74	None	None	0	5	6.688889507823308
651	80.7143	80.8571	72	None	None	0	4	7.053268592790641
652	80.8571	162.0000	65	None	None	0	1	6.772304540503059
653	80.8571	161.8571	70	None	None	0	3	7.51226851851853
654	81.0000	81.1429	69	None	None	0	2	7.311369825708097
655	81.1429	81.4286	70	None	None	0	3	6.8539351851852
656	81.4286	163.1429	67	None	None	0	1	6.03122184684688
657	81.4286	163.1429	70	None	None	0	2	8.01806825207568
658	81.4286	163.1429	79	None	None	0	5	6.557917108284852
659	81.7143	163.7143	67	None	None	0	1	7.4180069775659065
660	81.7143	163.7143	70	None	None	0	2	7.480016781487476
661	81.7143	164.0000	79	None	None	0	5	7.544865637696619
662	82.0000	164.2857	67	None	None	0	1	6.8156172716835615
663	82.0000	164.2857	70	None	None	0	2	6.985470212860043
664	82.4286	82.5714	77	None	None	0	5	6.775181966726203
665	82.5714	165.4286	64	None	None	0	1	4.694299613784988
666	82.5714	165.4286	67	None	None	0	2	4.939887849079104
667	82.5714	165.2857	76	None	None	0	5	3.6740790255496703
668	82.7143	82.8571	74	None	None	0	4	3.598915626856831
669	82.8571	166.0000	64	None	None	0	1	2.555015844721739
670	82.8571	166.0000	67	None	None	0	2	2.88704198851259
671	82.8571	165.8571	72	None	None	0	4	3.397050158447242
672	83.0000	83.1429	70	None	None	0	3	3.9809776688453327
673	83.1429	166.5714	64	None	None	0	1	3.754180283224416
674	83.1429	166.4286	69	None	None	0	3	4.491312636165574
675	83.2857	83.4286	67	None	None	0	2	4.897031590413954
676	83.4286	83.7143	69	None	None	0	3	4.589351851851881
677	83.7143	167.7143	65	None	None	0	1	3.765465465465475
678	83.7143	167.7143	69	None	None	0	2	6.073145204027599
679	83.7143	167.7143	77	None	None	0	5	5.090424615792279
680	84.0000	168.2857	65	None	None	0	1	5.950514485073372
681	84.0000	168.2857	69	None	None	0	2	6.3333576223282515
682	84.0000	168.5714	77	None	None	0	5	6.875637034092999
683	84.2857	168.8571	65	None	None	0	1	6.146388668079906
684	84.2857	168.8571	69	None	None	0	2	6.306805334746574
685	84.7143	84.8571	76	None	None	0	5	7.140767973856294
686	84.8571	170.0000	62	None	None	0	1	5.611356209150344
687	84.8571	170.0000	65	None	None	0	2	5.856944444444457
688	84.8571	169.8571	74	None	None	0	5	4.591135620915014
689	85.0000	85.1429	72	None	None	0	4	4.515972222222228
690	85.1429	170.5714	62	None	None	0	1	3.4720724400871212
691	85.1429	170.5714	65	None	None	0	2	3.804098583877966
692	85.1429	170.4286	70	None	None	0	4	4.6443763616557225
693	85.2857	85.4286	69	None	None	0	3	4.532448257080556
694	85.4286	171.1429	62	None	None	0	1	3.754180283224383
695	85.4286	171.0000	67	None	None	0	3	4.49131263616559
696	85.5714	85.7143	65	None	None	0	2	4.897031590413942
697	85.7143	86.0000	67	None	None	0	3	4.5893518518518475
698	86.0000	172.2857	64	None	None	0	1	3.7654654654654784
699	86.0000	172.2857	67	None	None	0	2	3.8672628510863998
700	86.0000	172.2857	76	None	None	0	5	3.659279657809112
701	86.2857	172.8571	64	None	None	0	1	3.1421227950640067
702	86.2857	172.8571	67	None	None	0	2	3.743920180684893
703	86.2857	173.1429	76	None	None	0	5	3.0067878277436786
704	86.5714	173.4286	64	None	None	0	1	2.6010688734953282
705	86.5714	173.4286	67	None	None	0	2	3.6293368473515546
706	87.0000	87.1429	74	None	None	0	5	5.188953081232458
707	87.1429	174.5714	64	None	None	0	1	6.343977591036266
708	87.1429	174.4286	73	None	None	0	5	5.569240196078268
709	87.2857	87.4286	71	None	None	0	4	6.946486928104341
710	87.4286	175.1429	64	None	None	0	2	6.499428104575017
711	87.4286	175.0000	69	None	None	0	5	6.268913398692761
712	87.5714	87.7143	67	None	None	0	4	6.620220588235259
713	87.7143	87.8571	65	None	None	0	3	7.088194444444358
714	87.8571	88.0000	64	None	None	0	2	7.054370915032593
715	88.0000	176.2857	62	None	None	0	1	6.930187908496705
716	88.0000	176.1429	65	None	None	0	2	8.715441176470579
717	88.0000	176.5714	74	None	None	0	5	8.048161764705947
718	88.1429	88.2857	62	None	None	0	1	7.4908088235294725
719	88.2857	176.8571	64	None	None	0	2	6.651879084967356
720	88.2857	176.7143	67	None	None	0	3	6.100408496732033
721	88.4286	88.5714	64	None	None	0	1	4.997467320261513
722	88.5714	177.4286	65	None	None	0	2	3.881290849673253
723	88.5714	177.2857	69	None	None	0	3	4.754452614379152
724	88.5714	177.7143	74	None	None	0	5	5.40334967320269
725	88.7143	88.8571	65	None	None	0	2	5.2577614379085045
726	88.8571	178.0000	67	None	None	0	3	5.684232026143768
727	88.8571	177.8571	70	None	None	0	4	6.164665032679708
728	89.0000	89.1429	67	None	None	0	3	6.289665032679723
729	89.1429	178.5714	62	None	None	0	1	6.92569444444443
730	89.1429	178.4286	65	None	None	0	2	7.553635620915029
731	89.1429	178.8571	74	None	None	0	5	6.326143790849632
732	89.2857	89.4286	62	None	None	0	1	5.416625816993382
733	89.4286	179.1429	64	None	None	0	2	4.465155228758131
734	89.4286	179.0000	67	None	None	0	4	3.9324754901960883
735	89.5714	89.7143	64	None	None	0	2	3.23688725490196
736	89.7143	179.7143	65	None	None	0	3	4.536519607843167
737	89.7143	179.5714	69	None	None	0	4	4.837173202614336
738	89.8571	90.0000	65	None	None	0	2	5.257761437908474
739	90.0000	180.2857	67	None	None	0	3	5.684232026143803
740	90.0000	180.1429	70	None	None	0	4	6.164665032679764
741	90.1429	90.2857	67	None	None	0	3	6.289665032679768
742	90.2857	180.8571	62	None	None	0	1	6.925694444444474
743	90.2857	180.7143	65	None	None	0	2	7.553635620915034
744	90.2857	181.1429	74	None	None	0	5	6.326143790849653
745	90.4286	90.5714	62	None	None	0	1	5.416625816993496
746	90.5714	181.4286	64	None	None	0	2	4.465155228758174
747	90.5714	181.2857	67	None	None	0	4	4.010416666666668
748	90.7143	90.8571	64	None	None	0	2	4.031004901960796
749	90.8571	182.0000	65	None	None	0	3	4.064933473389346
750	90.8571	181.8571	69	None	None	0	4	3.576143790849634
751	91.0000	91.1429	65	None	None	0	2	4.116961898395719
752	91.1429	182.5714	67	None	None	0	3	3.862059937611404
753	91.1429	182.4286	70	None	None	0	4	3.5668393493761097
754	91.2857	91.4286	67	None	None	0	3	6.167928673994828
755	91.4286	183.0000	65	None	None	0	2	9.539185358486865
756	91.4286	183.1429	69	None	None	0	4	8.973008887898622
757	91.5714	91.7143	62	None	None	0	1	18.351323281838198
758	91.7143	183.7143	70	None	None	0	3	17.769839324618903
759	91.7143	183.7143	74	None	None	0	5	18.36267020697182
760	92.0000	184.1429	64	None	None	0	2	17.226722494553524
761	92.0000	184.2857	67	None	None	0	3	20.257986111111332
762	92.1429	92.2857	61	None	None	0	1	20.451613562091723
763	92.2857	184.8571	73	None	None	0	4	17.834783496732157
764	92.2857	184.8571	76	None	None	0	5	17.572140522875948
765	92.4286	92.5714	61	None	None	0	1	15.128304284676746
766	92.5714	185.2857	65	None	None	0	2	22.17198895270802
767	92.5714	185.4286	69	None	None	0	4	21.60581248211983
768	92.7143	92.8571	62	None	None	0	1	30.984126876058802
769	92.8571	186.0000	74	None	None	0	2	24.968277202856093
770	92.8571	186.0000	77	None	None	0	3	25.255041908738445
771	93.1429	186.4286	64	None	None	0	3	19.831839294359447
772	93.1429	186.5714	67	None	None	0	4	22.51460375816953
773	93.2857	93.4286	61	None	None	0	1	19.619995915032163
774	93.4286	187.1429	73	None	None	0	4	17.00316584967265
775	93.4286	187.1429	76	None	None	0	5	16.740522875816445
776	93.5714	93.7143	61	None	None	0	1	14.296686637617977
777	93.7143	187.5714	69	None	None	0	3	21.775338625910294
778	93.7143	187.7143	72	None	None	0	5	21.10581248211941
779	93.8571	94.0000	62	None	None	0	1	30.984126876058937
780	94.0000	188.2857	74	None	None	0	2	26.640744523118048
781	94.0000	188.2857	77	None	None	0	3	26.64074452311809
782	94.2857	188.7143	64	None	None	0	3	24.704674261680132
783	94.2857	188.8571	67	None	None	0	4	25.35149101307198
784	94.4286	94.5714	61	None	None	0	1	21.699530228758192
785	94.5714	189.4286	73	None	None	0	4	18.45165441176492
786	94.5714	189.4286	76	None	None	0	5	18.623161764706108
787	94.7143	94.8571	61	None	None	0	1	9.791462418300714
788	94.8571	190.0000	62	None	None	0	2	8.525367647058902
789	94.8571	189.8571	65	None	None	0	3	8.520792483660175
790	94.8571	190.0000	74	None	None	0	5	5.3868983957219205
791	95.0000	95.1429	62	None	None	0	1	4.70093954248365
792	95.1429	95.2857	67	None	None	0	2	4.0295454545455085
793	95.2857	95.4286	64	None	None	0	1	4.398826500297152
794	95.4286	95.5714	69	None	None	0	2	3.6021353238265155
795	95.5714	95.7143	65	None	None	0	1	4.234488265002999
796	95.7143	95.8571	71	None	None	0	2	3.3861222519310976
797	95.8571	96.0000	67	None	None	0	1	3.5358548722519463
798	96.0000	96.1429	73	None	None	0	2	4.1393159536542194
799	96.1429	96.2857	69	None	None	0	1	4.0128453654189284
800	96.2857	96.4286	74	None	None	0	2	4.488948306595408
801	96.4286	96.5714	76	None	None	0	4	4.348711378490809
802	96.5714	96.7143	77	None	None	0	5	4.221873143196718
803	96.7143	96.8571	74	None	None	0	3	4.386579025549666
804	96.8571	97.0000	76	None	None	0	4	4.311415626856826
805	97.0000	97.1429	73	None	None	0	3	4.443341503267989
806	97.1429	97.2857	74	None	None	0	4	4.431658496732046
807	97.2857	97.4286	69	None	None	0	2	4.3007761437908645
808	97.4286	97.5714	70	None	None	0	4	4.001534780578879
809	97.5714	97.7143	67	None	None	0	3	3.885358309990662
810	97.7143	97.8571	69	None	None	0	5	3.7219596171801794
811	97.8571	98.0000	65	None	None	0	3	3.975636087768362
812	98.0000	196.1429	67	None	None	0	4	4.071796218487343
813	98.0000	196.2857	70	None	None	0	5	4.542647058823514
814	98.1429	98.2857	64	None	None	0	2	4.963235294117642
815	98.2857	196.7143	65	None	None	0	3	4.770241495548339
816	98.2857	196.8571	69	None	None	0	4	6.545820145643565
817	98.4286	98.5714	62	None	None	0	1	15.2270701456437
818	98.5714	197.2857	64	None	None	0	2	14.9520701456437
819	98.5714	197.4286	67	None	None	0	3	14.600762956101256
820	98.7143	98.8571	61	None	None	0	1	13.936770086226026
821	98.8571	197.8571	62	None	None	0	2	12.337321556814235
822	98.8571	197.8571	65	None	None	0	3	12.249086262696549
823	100.5714	100.7143	69	None	None	0	4	12.537375594177185
824	100.7143	100.8571	71	None	None	0	1	4.700956454449051
825	100.8571	101.0000	73	None	None	0	2	5.307574101507893
826	101.0000	101.1429	74	None	None	0	3	5.476691748566781
827	101.1429	101.2857	76	None	None	0	4	5.1118224675210095
828	101.2857	101.4286	73	None	None	0	3	5.6826780824942436
829	101.4286	101.5714	77	None	None	0	5	6.205247526938682
830	101.5714	101.7143	74	None	None	0	4	5.564724651121737
831	101.7143	102.5714	76	None	None	0	5	6.029798180533506
832	102.1429	102.2857	62	None	None	0	1	5.631944444444454
833	102.2857	102.4286	64	None	None	0	3	4.826552287581635
834	102.4286	102.5714	62	None	None	0	1	4.064326563958876
835	102.5714	205.2857	65	None	None	0	2	4.140797152194181
836	102.5714	205.4286	69	None	None	0	4	3.7273984593837755
837	102.7143	102.8571	62	None	None	0	1	4.146516106442613
838	102.8571	206.0000	67	None	None	0	2	4.4210259103641425
839	102.8571	205.8571	71	None	None	0	4	3.9200046685340735
840	103.0000	103.1429	67	None	None	0	2	3.4690855508870455
841	103.1429	206.5714	69	None	None	0	3	3.456626400560246
842	103.1429	206.4286	73	None	None	0	4	5.152103758169844
843	103.2857	103.4286	69	None	None	0	2	8.285845588235063
844	103.4286	207.1429	71	None	None	0	3	9.039551237161245
845	103.4286	207.0000	74	None	None	0	5	8.234404178337709
846	103.5714	103.7143	71	None	None	0	3	10.572639472455444
847	103.7143	207.7143	73	None	None	0	4	14.97848097572349
848	103.7143	207.5714	76	None	None	0	5	15.361753034547027
849	103.8571	104.0000	73	None	None	0	4	18.701009570494598
850	104.0000	208.2857	62	None	None	0	1	20.549355158729824
851	104.0000	208.1429	74	None	None	0	3	17.74200221755355
852	104.0000	208.1429	78	None	None	0	5	21.833231209150266
853	104.1429	104.2857	74	None	None	0	4	20.390624999999925
854	104.2857	208.8571	64	None	None	0	1	19.7068014705881
855	104.2857	208.7143	79	None	None	0	5	15.347242647058604
856	104.4286	104.5714	76	None	None	0	4	14.606452391562447
857	104.5714	209.4286	66	None	None	0	1	11.434148469993973
858	104.5714	209.2857	81	None	None	0	5	7.982044711824211
859	104.7143	104.8571	72	None	None	0	3	6.0938094177064865
860	104.8571	210.0000	62	None	None	0	1	3.6003453654188657
861	104.8571	209.8571	70	None	None	0	4	3.6142751039809426
862	105.0000	105.1429	69	None	None	0	3	3.7651255199048825
863	105.1429	210.4286	67	None	None	0	2	4.45189022578725
864	105.1429	210.4286	70	None	None	0	4	6.4821486928104814
865	105.2857	105.4286	67	None	None	0	3	6.9240604575163704
866	105.4286	105.5714	72	None	None	0	5	6.933251633986952
867	105.5714	105.7143	69	None	None	0	3	6.550898692810499
868	105.7143	105.8571	74	None	None	0	5	6.805678104575214
869	105.8571	106.0000	70	None	None	0	4	5.259558823529358
870	106.0000	106.1429	69	None	None	0	3	4.527898918187941
871	106.1429	106.2857	67	None	None	0	2	4.596028660506408
872	106.2857	212.7143	62	None	None	0	1	3.6832290962362384
873	106.2857	212.7143	66	None	None	0	5	2.9219339268274376
874	106.4286	106.5714	62	None	None	0	1	3.2327191796258243
875	106.5714	106.7143	67	None	None	0	2	3.0268923363300395
876	106.7143	106.8571	64	None	None	0	1	3.8562485913906284
877	106.8571	107.0000	69	None	None	0	5	3.6757344593861356
878	108.0000	108.1429	62	None	None	0	2	4.067144759138233
879	108.2857	108.4286	64	None	None	0	3	4.784328854998799
880	108.5714	217.4286	62	None	None	0	1	4.7551470588235345
881	108.5714	217.2857	65	None	None	0	4	5.116339869281086
882	108.7143	108.8571	62	None	None	0	2	4.6979983660131
883	108.8571	218.0000	64	None	None	0	3	4.572998366013079
884	108.8571	217.8571	67	None	None	0	4	4.0517565359477015
885	109.0000	109.1429	64	None	None	0	2	4.359109477124224
886	109.1429	218.5714	65	None	None	0	3	4.11793300653599
887	109.1429	218.4286	69	None	None	0	4	3.2274101307189698
888	109.2857	109.4286	65	None	None	0	2	2.66847766884533
889	109.4286	219.1429	67	None	None	0	3	2.535360687484883
890	109.4286	219.0000	70	None	None	0	4	2.9931323034264445
891	109.5714	109.7143	67	None	None	0	2	2.919715262648307
892	109.7143	219.5714	69	None	None	0	3	2.630009380295359
893	109.7143	220.0000	72	None	None	0	5	2.221104151537189
894	109.8571	110.0000	65	None	None	0	2	3.1755159162430813
895	110.0000	110.1429	62	None	None	0	1	3.2284570927136755
896	110.2857	220.7143	67	None	None	0	4	2.5798183162153987
897	110.2857	221.1429	70	None	None	0	5	2.5012799564270427
898	110.4286	110.5714	64	None	None	0	2	2.196839445654828
899	110.5714	110.7143	60	None	None	0	1	2.936269558328408
900	110.7143	110.8571	64	None	None	0	2	3.2240453280077332
901	110.8571	221.8571	69	None	None	0	3	2.6300093802952955
902	110.8571	222.2857	72	None	None	0	5	2.2211041515370953
903	111.0000	111.1429	65	None	None	0	2	3.175515916242931
904	111.1429	111.2857	62	None	None	0	1	3.2284570927135294
905	111.4286	223.0000	67	None	None	0	4	2.5798183162152855
906	111.4286	223.4286	70	None	None	0	5	10.08080065359481
907	111.5714	111.7143	64	None	None	0	2	11.043464052287623
908	111.7143	111.8571	60	None	None	0	1	11.35073529411769
909	111.8571	112.0000	64	None	None	0	0	-1
910	112.0000	224.1429	69	None	None	0	0	-1
911	112.0000	224.2857	72	None	None	0	0	-1
912	112.1429	112.2857	65	None	None	0	0	-1
913	112.2857	224.7143	62	None	None	0	0	-1
914	112.2857	224.8571	81	None	None	0	0	-1
915	112.5714	225.2857	67	None	None	0	0	-1
916	112.5714	225.4286	70	None	None	0	0	-1
917	112.7143	112.8571	65	None	None	0	0	-1
918	112.8571	225.8571	60	None	None	0	0	-1
919	112.8571	226.0000	79	None	None	0	0	-1
920	113.0000	113.1429	64	None	None	0	1	8.214501633986895
921	113.1429	226.5714	65	None	None	0	2	7.726266339869235
922	113.1429	226.4286	69	None	None	0	3	7.333619281045692
923	113.2857	113.4286	65	None	None	0	1	6.701266339869218
924	113.4286	113.5714	72	None	None	0	2	5.026348039215662
925	113.5714	113.7143	69	None	None	0	1	5.23835784313719
926	113.7143	113.8571	77	None	None	0	3	5.226143790849671
927	113.8571	114.0000	72	None	None	0	1	5.226143790849654
928	114.0000	114.1429	81	None	None	0	5	4.749428104575214
929	114.1429	114.2857	77	None	None	0	4	3.8633169934640765
930	114.2857	114.4286	76	None	None	0	3	5.725282234105837
931	114.4286	114.5714	79	None	None	0	5	5.853958704694081
932	114.5714	114.7143	72	None	None	0	2	6.314988116458803
933	114.7143	114.8571	76	None	None	0	5	5.630941770647701
934	114.8571	115.0000	67	None	None	0	3	3.940949940582311
935	115.0000	115.1429	72	None	None	0	5	3.4681892453951657
936	115.1429	230.5714	66	None	None	0	2	6.963927881758729
937	115.1429	230.4286	70	None	None	0	4	6.356901737967868
938	115.2857	115.4286	69	None	None	0	3	7.413466864018294
939	115.4286	231.1429	67	None	None	0	1	7.0053192110176905
940	115.4286	231.0000	70	None	None	0	2	6.785466269841187
941	115.5714	115.7143	67	None	None	0	1	7.20826038748827
942	115.7143	115.8571	74	None	None	0	4	12.082443394024299
943	115.8571	116.0000	70	None	None	0	1	11.823619864612631
944	116.0000	116.1429	79	None	None	0	4	13.224457282913285
945	116.1429	116.2857	74	None	None	0	2	16.19651610644274
946	116.2857	116.4286	82	None	None	0	5	15.71282679738578
947	116.4286	116.5714	79	None	None	0	4	16.074550653594944
948	116.5714	116.7143	77	None	None	0	3	16.24587418300673
949	116.7143	116.8571	81	None	None	0	5	15.468504901960971
950	116.8571	234.0000	62	None	None	0	1	10.159681372549096
951	116.8571	233.8571	74	None	None	0	3	7.1391748366013505
952	117.0000	117.1429	77	None	None	0	5	6.973733660130809
953	117.1429	234.5714	62	None	None	0	1	4.338766339869337
954	117.1429	234.4286	69	None	None	0	3	3.651266339869314
955	117.2857	117.4286	74	None	None	0	5	3.74133986928108
956	117.4286	235.1429	68	None	None	0	1	5.150163398692824
957	117.4286	235.0000	72	None	None	0	3	4.773692810457528
958	117.5714	117.7143	71	None	None	0	2	6.039501633986897
959	117.7143	235.7143	69	None	None	0	1	5.657148692810415
960	117.7143	235.5714	72	None	None	0	2	6.587295751633962
961	117.8571	118.0000	69	None	None	0	1	6.756413398692779
962	118.0000	118.1429	76	None	None	0	2	5.362704248365996
963	118.1429	118.2857	72	None	None	0	1	5.973733660130719
964	118.2857	118.4286	81	None	None	0	3	6.3706495098038385
965	118.4286	118.5714	76	None	None	0	1	6.1250612745097195
966	118.5714	118.7143	84	None	None	0	5	7.117708333333264
967	118.7143	118.8571	81	None	None	0	4	6.69042075163391
968	118.8571	119.0000	80	None	None	0	3	6.4396854575162275
969	119.0000	119.1429	83	None	None	0	5	5.126266339869242
970	119.1429	119.2857	76	None	None	0	3	5.550274276377177
971	119.2857	119.4286	80	None	None	0	5	6.082516339869237
972	119.4286	119.5714	71	None	None	0	2	5.513104080015826
973	119.5714	119.7143	74	None	None	0	4	5.464084472172747
974	119.7143	119.8571	73	None	None	0	3	4.738875807625833
975	119.8571	120.0000	71	None	None	0	2	6.842552278214102
976	120.0000	120.2857	73	None	None	0	3	6.697231422599136
977	120.2857	240.8571	69	None	None	0	1	7.802691662250565
978	120.2857	240.8571	81	None	None	0	5	7.146645910616534
979	120.5714	241.4286	69	None	None	0	1	7.942397544603498
980	120.5714	241.7143	81	None	None	0	5	6.921482511923778
981	120.8571	121.1429	69	None	None	0	1	6.664946564211353
982	121.2857	121.4286	79	None	None	0	5	6.91956699346414
983	121.4286	243.1429	65	None	None	0	1	5.390155228758182
984	121.4286	243.1429	69	None	None	0	2	5.996772875816971
985	121.4286	243.0000	77	None	None	0	5	5.451151218062959
986	121.5714	121.7143	76	None	None	0	4	5.846576054664305
987	121.7143	243.7143	65	None	None	0	1	4.420731828084756
988	121.7143	243.7143	69	None	None	0	3	4.458104327589611
989	121.7143	243.5714	74	None	None	0	5	6.6888895078232835
990	121.8571	122.0000	72	None	None	0	4	7.053268592790616
991	122.0000	244.2857	65	None	None	0	1	6.772304540503072
992	122.0000	244.1429	70	None	None	0	3	7.512268518518587
993	122.1429	122.2857	69	None	None	0	2	7.311369825708097
994	122.2857	122.5714	70	None	None	0	3	6.8539351851852
995	122.5714	245.4286	67	None	None	0	1	6.03122184684688
996	122.5714	245.4286	70	None	None	0	2	8.01806825207568
997	122.5714	245.4286	79	None	None	0	5	6.557917108284852
998	122.8571	246.0000	67	None	None	0	1	7.4180069775659065
999	122.8571	246.0000	70	None	None	0	2	7.480016781487476
1000	122.8571	246.2857	79	None	None	0	5	7.544865637696526
1001	123.1429	246.5714	67	None	None	0	1	6.815617271683466
1002	123.1429	246.5714	70	None	None	0	2	6.985470212859917
1003	123.5714	123.7143	77	None	None	0	5	6.775181966726088
1004	123.7143	247.7143	64	None	None	0	1	4.6942996137848745
1005	123.7143	247.7143	67	None	None	0	2	4.93988784907899
1006	123.7143	247.5714	76	None	None	0	5	3.6740790255495566
1007	123.8571	124.0000	74	None	None	0	4	3.5989156268567175
1008	124.0000	248.2857	64	None	None	0	1	2.5550158447217166
1009	124.0000	248.2857	67	None	None	0	2	2.887041988512571
1010	124.0000	248.1429	72	None	None	0	4	3.3970501584472528
1011	124.1429	124.2857	70	None	None	0	3	3.9809776688453327
1012	124.2857	248.8571	64	None	None	0	1	3.754180283224416
1013	124.2857	248.7143	69	None	None	0	3	4.491312636165574
1014	124.4286	124.5714	67	None	None	0	2	4.897031590413954
1015	124.5714	124.8571	69	None	None	0	3	4.589351851851881
1016	124.8571	250.0000	65	None	None	0	1	3.765465465465475
1017	124.8571	250.0000	69	None	None	0	2	6.073145204027462
1018	124.8571	250.0000	77	None	None	0	5	5.09042461579214
1019	125.1429	250.5714	65	None	None	0	1	5.950514485073136
1020	125.1429	250.5714	69	None	None	0	2	6.333357622328041
1021	125.1429	250.8571	77	None	None	0	5	6.875637034092788
1022	125.4286	251.1429	65	None	None	0	1	6.1463886680796955
1023	125.4286	251.1429	69	None	None	0	2	6.306805334746363
1024	125.8571	126.0000	76	None	None	0	5	7.140767973856083
1025	126.0000	252.2857	62	None	None	0	1	5.61135620915027
1026	126.0000	252.2857	65	None	None	0	2	5.856944444444385
1027	126.0000	252.1429	74	None	None	0	5	4.591135620915038
1028	126.1429	126.2857	72	None	None	0	4	4.515972222222228
1029	126.2857	252.8571	62	None	None	0	1	3.4720724400871212
1030	126.2857	252.8571	65	None	None	0	2	3.804098583877966
1031	126.2857	252.7143	70	None	None	0	4	4.6443763616557225
1032	126.4286	126.5714	69	None	None	0	3	4.532448257080556
1033	126.5714	253.4286	62	None	None	0	1	3.754180283224383
1034	126.5714	253.2857	67	None	None	0	3	4.49131263616559
1035	126.7143	126.8571	65	None	None	0	2	4.897031590413942
1036	126.8571	127.1429	67	None	None	0	3	4.5893518518518475
1037	127.1429	254.5714	64	None	None	0	1	3.7654654654654784
1038	127.1429	254.5714	67	None	None	0	2	3.8672628510863998
1039	127.1429	254.5714	76	None	None	0	5	3.659279657809112
1040	127.4286	255.1429	64	None	None	0	1	3.1421227950640067
1041	127.4286	255.1429	67	None	None	0	2	3.74392018068493
1042	127.4286	255.4286	76	None	None	0	5	3.006787827743733
1043	127.7143	255.7143	64	None	None	0	1	2.601068873495382
1044	127.7143	255.7143	67	None	None	0	2	3.6293368473514844
1045	128.1429	128.2857	74	None	None	0	5	5.188953081232543
1046	128.2857	256.8571	64	None	None	0	1	6.3439775910364675
1047	128.2857	256.7143	73	None	None	0	5	5.569240196078473
1048	128.4286	128.5714	71	None	None	0	4	6.946486928104642
1049	128.5714	257.4286	64	None	None	0	2	6.4994281045752205
1050	128.5714	257.2857	69	None	None	0	5	6.268913398692882
1051	128.7143	128.8571	67	None	None	0	4	6.62022058823538
1052	128.8571	129.0000	65	None	None	0	3	7.088194444444563
1053	129.0000	129.1429	64	None	None	0	2	7.054370915032798
1054	129.1429	258.5714	62	None	None	0	1	6.930187908496848
1055	129.1429	258.4286	65	None	None	0	2	8.715441176470756
1056	129.1429	258.8571	74	None	None	0	5	8.048161764705915
1057	129.2857	129.4286	62	None	None	0	1	7.490808823529401
1058	129.4286	259.1429	64	None	None	0	2	6.651879084967284
1059	129.4286	259.0000	67	None	None	0	3	6.100408496731974
1060	129.5714	129.7143	64	None	None	0	1	4.9974673202613715
1061	129.7143	259.7143	65	None	None	0	2	3.8812908496731118
1062	129.7143	259.5714	69	None	None	0	3	4.754452614379011
1063	129.7143	260.0000	74	None	None	0	5	5.40334967320255
1064	129.8571	130.0000	65	None	None	0	2	5.257761437908585
1065	130.0000	260.2857	67	None	None	0	3	5.684232026143894
1066	130.0000	260.1429	70	None	None	0	4	6.164665032679837
1067	130.1429	130.2857	67	None	None	0	3	6.2896650326798
1068	130.2857	260.8571	62	None	None	0	1	6.925694444444398
1069	130.2857	260.7143	65	None	None	0	2	7.553635620914996
1070	130.2857	261.1429	74	None	None	0	5	6.326143790849619
1071	130.4286	130.5714	62	None	None	0	1	5.41662581699339
1072	130.5714	261.4286	64	None	None	0	2	4.465155228758069
1073	130.5714	261.2857	67	None	None	0	4	3.932475490195978
1074	130.7143	130.8571	64	None	None	0	2	3.2368872549018497
1075	130.8571	262.0000	65	None	None	0	3	4.536519607843096
1076	130.8571	261.8571	69	None	None	0	4	4.837173202614447
1077	131.0000	131.1429	65	None	None	0	2	5.257761437908585
1078	131.1429	262.5714	67	None	None	0	3	5.684232026143894
1079	131.1429	262.4286	70	None	None	0	4	6.16466503267975
1080	131.2857	131.4286	67	None	None	0	3	6.2896650326797525
1081	131.4286	263.1429	62	None	None	0	1	6.92569444444446
1082	131.4286	263.0000	65	None	None	0	2	7.553635620915057
1083	131.4286	263.4286	74	None	None	0	5	6.326143790849682
1084	131.5714	131.7143	62	None	None	0	1	5.416625816993452
1085	131.7143	263.7143	64	None	None	0	2	4.465155228758131
1086	131.7143	263.5714	67	None	None	0	4	4.010416666666624
1087	131.8571	132.0000	64	None	None	0	2	4.03100490196084
1088	132.0000	264.2857	65	None	None	0	3	4.064933473389392
1089	132.0000	264.1429	69	None	None	0	4	3.5761437908497005
1090	132.1429	132.2857	65	None	None	0	2	4.116961898395592
1091	132.2857	264.8571	67	None	None	0	3	3.8620599376112796
1092	132.2857	264.7143	70	None	None	0	4	3.5668393493759862
1093	132.4286	132.5714	67	None	None	0	3	6.167928673994776
1094	132.5714	265.2857	65	None	None	0	2	9.539185358486813
1095	132.5714	265.4286	69	None	None	0	4	8.97300888789857
1096	132.7143	132.8571	62	None	None	0	1	18.351323281838113
1097	132.8571	266.0000	70	None	None	0	3	17.769839324618996
1098	132.8571	266.0000	74	None	None	0	5	18.362670206971984
1099	133.1429	266.4286	64	None	None	0	2	17.226722494553634
1100	133.1429	266.5714	67	None	None	0	3	20.257986111111343
1101	133.2857	133.4286	61	None	None	0	1	20.451613562091737
1102	133.4286	267.1429	73	None	None	0	4	17.83478349673223
1103	133.4286	267.1429	76	None	None	0	5	17.57214052287602
1104	133.5714	133.7143	61	None	None	0	1	15.128304284677032
1105	133.7143	267.5714	65	None	None	0	2	22.171988952708226
1106	133.7143	267.7143	69	None	None	0	4	21.605812482119987
1107	133.8571	134.0000	62	None	None	0	1	30.984126876059594
1108	134.0000	268.2857	74	None	None	0	2	24.96827720285687
1109	134.0000	268.2857	77	None	None	0	3	25.255041908739102
1110	134.2857	268.7143	64	None	None	0	3	19.831839294359902
1111	134.2857	268.8571	67	None	None	0	4	22.514603758170157
1112	134.4286	134.5714	61	None	None	0	1	19.619995915032842
1113	134.5714	269.4286	73	None	None	0	4	17.003165849673334
1114	134.5714	269.4286	76	None	None	0	5	16.740522875817128
1115	134.7143	134.8571	61	None	None	0	1	14.29668663761814
1116	134.8571	269.8571	69	None	None	0	3	21.775338625910805
1117	134.8571	270.0000	72	None	None	0	5	21.10581248212005
1118	135.0000	135.1429	62	None	None	0	1	30.98412687605847
1119	135.1429	270.5714	74	None	None	0	2	26.64074452311722
1120	135.1429	270.5714	77	None	None	0	3	26.64074452311722
1121	135.4286	271.0000	64	None	None	0	3	24.704674261679262
1122	135.4286	271.1429	67	None	None	0	4	25.351491013071183
1123	135.5714	135.7143	61	None	None	0	1	21.699530228757393
1124	135.7143	271.7143	73	None	None	0	4	18.451654411763883
1125	135.7143	271.7143	76	None	None	0	5	18.62316176470505
1126	135.8571	136.0000	61	None	None	0	1	9.791462418300831
1127	136.0000	272.2857	62	None	None	0	2	8.52536764705894
1128	136.0000	272.1429	65	None	None	0	3	8.52079248366023
1129	136.0000	272.2857	74	None	None	0	5	5.386898395721862
1130	136.1429	136.2857	62	None	None	0	1	4.7009395424836855
1131	136.2857	136.4286	67	None	None	0	2	4.029545454545378
1132	136.4286	136.5714	64	None	None	0	1	4.398826500297021
1133	136.5714	136.7143	69	None	None	0	2	3.6021353238264116
1134	136.7143	136.8571	65	None	None	0	1	4.234488265002813
1135	136.8571	137.0000	71	None	None	0	2	3.386122251931059
1136	137.0000	137.1429	67	None	None	0	1	3.5358548722519196
1137	137.1429	137.2857	73	None	None	0	2	4.1393159536541795
1138	137.2857	137.4286	69	None	None	0	1	4.012845365418888
1139	137.4286	137.5714	74	None	None	0	2	4.488948306595354
1140	137.5714	137.7143	76	None	None	0	4	4.3487113784907825
1141	137.7143	137.8571	77	None	None	0	5	4.221873143196624
1142	137.8571	138.0000	74	None	None	0	3	4.3865790255496515
1143	138.0000	138.1429	76	None	None	0	4	4.311415626856832
1144	138.1429	138.2857	73	None	None	0	3	4.4433415032680035
1145	138.2857	138.4286	74	None	None	0	4	4.431658496732059
1146	138.4286	138.5714	69	None	None	0	2	4.300776143790877
1147	138.5714	138.7143	70	None	None	0	4	4.0015347805788934
1148	138.7143	138.8571	67	None	None	0	3	3.8853583099906626
1149	138.8571	139.0000	69	None	None	0	5	3.7219596171802474
1150	139.0000	139.1429	65	None	None	0	3	3.975636087768485
1151	139.1429	278.4286	67	None	None	0	4	4.071796218487382
1152	139.1429	278.5714	70	None	None	0	5	4.542647058823529
1153	139.2857	139.4286	64	None	None	0	2	4.542647058823529
1154	139.4286	279.0000	65	None	None	0	3	4.542647058823529
1155	139.4286	279.1429	69	None	None	0	5	4.542647058823529
1156	139.5714	139.7143	62	None	None	0	2	4.542647058823529
1157	139.7143	279.5714	64	None	None	0	3	4.542647058823529
1158	139.7143	279.7143	67	None	None	0	5	4.542647058823529
1159	139.8571	140.0000	61	None	None	0	2	4.542647058823529
1160	140.0000	280.1429	62	None	None	0	3	4.542647058823529
1161	140.0000	280.1429	65	None	None	0	0	4.542647058823529
