0	3.2500	6.8750	61	None	None	0	1	8.953646008068716
1	3.2500	6.8750	73	None	None	0	3	9.154642298173911
2	3.6250	3.7500	74	None	None	0	4	9.305811888817182
3	3.7500	3.8750	66	None	None	0	1	10.371099114818708
4	3.8750	4.0000	71	None	None	0	2	10.731603316499388
5	4.0000	4.2500	78	None	None	0	5	10.17741163982871
6	4.7500	9.8750	61	None	None	0	1	6.781895219544487
7	4.7500	9.8750	73	None	None	0	3	5.985417003058534
8	5.1250	5.2500	74	None	None	0	4	5.8913238713879945
9	5.2500	5.3750	66	None	None	0	1	7.368175723239859
10	5.3750	5.5000	71	None	None	0	2	7.171537067777679
11	5.5000	5.7500	78	None	None	0	5	6.300538668417926
12	6.2500	12.8750	66	None	None	0	1	5.913102992393126
13	6.2500	12.8750	78	None	None	0	3	4.948346180577496
14	6.6250	6.7500	79	None	None	0	4	5.142733664438663
15	6.7500	6.8750	72	None	None	0	1	8.624438488845835
16	6.8750	7.0000	76	None	None	0	2	12.899788628901861
17	7.0000	7.2500	84	None	None	0	5	11.825208796969083
18	7.7500	15.8750	72	None	None	0	1	12.246919267441159
19	7.7500	15.8750	84	None	None	0	3	11.218861377618557
20	8.1250	8.2500	85	None	None	0	4	11.914976665839108
21	8.2500	8.3750	78	None	None	0	1	9.957304708167156
22	8.3750	8.5000	82	None	None	0	2	11.322753417333617
23	8.5000	8.7500	90	None	None	0	5	9.855444271453038
24	9.2500	18.8750	73	None	None	0	1	7.4396179409208285
25	9.2500	18.8750	85	None	None	0	4	8.041687657696423
26	9.6250	9.7500	86	None	None	0	5	8.376535193201853
27	9.7500	9.8750	82	None	None	0	4	7.555048500881835
28	9.8750	10.0000	83	None	None	0	5	7.1402510906896905
29	10.0000	10.1250	77	None	None	0	4	7.381239685312362
30	10.1250	10.2500	78	None	None	0	5	7.406806578736404
31	10.2500	10.3750	73	None	None	0	4	6.814307885289893
32	10.3750	10.5000	74	None	None	0	0	-1
33	10.5000	10.6250	70	None	None	0	0	-1
34	10.6250	10.7500	71	None	None	0	0	-1
35	10.7500	11.1250	65	None	None	0	0	-1
36	11.1250	11.2500	66	None	None	0	0	-1
37	11.2500	11.3750	61	None	None	0	0	-1
38	11.3750	11.5000	62	None	None	0	0	-1
39	12.7500	25.7500	67	None	None	0	1	6.620537515853805
40	12.7500	25.7500	76	None	None	0	3	8.12831068161728
41	12.7500	25.7500	79	None	None	0	5	8.37425595238095
42	13.2500	26.7500	66	None	None	0	1	6.693133503401362
43	13.2500	26.7500	74	None	None	0	3	6.181823979591839
44	13.2500	26.7500	78	None	None	0	5	7.115244708994707
45	13.5000	27.2500	64	None	None	0	1	5.535737906273619
46	13.5000	27.2500	73	None	None	0	4	6.86297713529856
47	13.5000	27.2500	76	None	None	0	5	6.69954648526077
48	13.7500	27.7500	62	None	None	0	1	5.687063019652308
49	13.7500	27.7500	71	None	None	0	2	6.55384306500378
50	13.7500	27.7500	74	None	None	0	4	7.063621976568412
51	14.2500	28.7500	67	None	None	0	1	7.01111347316705
52	14.2500	28.7500	76	None	None	0	3	8.351651077097504
53	14.2500	28.7500	79	None	None	0	5	8.37425595238095
54	14.7500	29.7500	66	None	None	0	1	6.693133503401362
55	14.7500	29.7500	74	None	None	0	3	6.862776360544218
56	14.7500	29.7500	78	None	None	0	5	8.454530423280424
57	15.0000	30.2500	64	None	None	0	1	6.8750236205593325
58	15.0000	30.2500	73	None	None	0	4	6.737977135298558
59	15.0000	30.2500	76	None	None	0	5	6.767337490551776
60	15.2500	30.7500	62	None	None	0	1	5.570483749055178
61	15.2500	30.7500	71	None	None	0	2	5.428193499622071
62	15.2500	30.7500	74	None	None	0	3	5.981056311413448
63	15.7500	31.7500	72	None	None	0	1	5.17259542705971
64	15.7500	31.7500	81	None	None	0	3	6.513133030990173
65	15.7500	31.7500	84	None	None	0	5	6.535737906273615
66	16.2500	32.7500	71	None	None	0	1	6.318901171579742
67	16.2500	32.7500	79	None	None	0	3	6.209608843537414
68	16.2500	32.7500	83	None	None	0	5	7.1790202191987875
69	16.5000	33.2500	69	None	None	0	1	5.982166477702195
70	16.5000	33.2500	78	None	None	0	4	7.309405706727143
71	16.5000	33.2500	81	None	None	0	5	7.396967120181408
72	16.7500	33.7500	67	None	None	0	1	6.382511337868485
73	16.7500	33.7500	76	None	None	0	2	6.622874149659873
74	16.7500	33.7500	79	None	None	0	3	7.175736961451257
75	17.2500	34.7500	74	None	None	0	1	7.260133219954655
76	17.2500	34.7500	83	None	None	0	3	11.110874905517768
77	17.2500	34.7500	86	None	None	0	5	11.233253023431606
78	17.7500	35.7500	73	None	None	0	1	9.86481279019545
79	17.7500	35.7500	82	None	None	0	3	10.034011580822805
80	17.7500	35.7500	85	None	None	0	5	10.367194478801615
81	18.0000	36.2500	71	None	None	0	1	8.970085635264203
82	18.0000	36.2500	80	None	None	0	4	7.925896292860574
83	18.0000	36.2500	83	None	None	0	5	8.003837696694838
84	18.2500	36.7500	70	None	None	0	1	5.64774573971002
85	18.2500	36.7500	78	None	None	0	2	10.35167276506562
86	18.2500	36.7500	82	None	None	0	4	9.915164828557682
87	18.7500	37.7500	73	None	None	0	1	9.988505648139109
88	18.7500	37.7500	82	None	None	0	2	9.521484243617696
89	18.7500	37.7500	85	None	None	0	4	9.391764426397884
90	19.2500	38.7500	78	None	None	0	1	9.79896912645973
91	19.2500	38.7500	82	None	None	0	2	14.107057361753851
92	19.2500	38.7500	90	None	None	0	5	13.853268346147605
93	21.2500	42.8750	56	None	None	0	1	8.78208165775614
94	21.2500	42.8750	68	None	None	0	3	8.640186515860991
95	21.6250	21.7500	69	None	None	0	4	8.3728135379617
96	21.7500	21.8750	61	None	None	0	1	9.342187550192863
97	21.8750	22.0000	66	None	None	0	2	9.047929847111634
98	22.0000	22.2500	73	None	None	0	5	9.662955857515788
99	22.7500	45.8750	56	None	None	0	1	6.2674394372315625
100	22.7500	45.8750	68	None	None	0	3	5.488926011659307
101	23.1250	23.2500	69	None	None	0	4	5.535333697540676
102	23.2500	23.3750	61	None	None	0	1	8.939056297691852
103	23.3750	23.5000	66	None	None	0	2	8.644798594610625
104	23.5000	23.7500	73	None	None	0	5	9.25982460501478
105	24.2500	48.8750	61	None	None	0	1	9.015568688932236
106	24.2500	48.8750	73	None	None	0	3	8.453986480291206
107	24.6250	24.7500	74	None	None	0	4	8.215473531251945
108	24.7500	24.8750	66	None	None	0	1	9.099865065643485
109	24.8750	25.0000	69	None	None	0	2	8.850425289733122
110	25.0000	25.2500	78	None	None	0	5	5.640991516223717
111	25.7500	51.8750	66	None	None	0	1	5.151649288104397
112	25.7500	51.8750	78	None	None	0	3	4.805476927613154
113	26.1250	26.2500	79	None	None	0	4	4.3018846134945266
114	26.2500	26.3750	71	None	None	0	1	5.5618052484151566
115	26.3750	26.5000	76	None	None	0	2	6.95200132684653
116	26.5000	26.7500	83	None	None	0	5	7.514326256818514
117	27.2500	54.8750	71	None	None	0	1	8.093599752500676
118	27.2500	54.8750	83	None	None	0	3	7.425065672201894
119	27.6250	27.7500	84	None	None	0	4	7.531164251984688
120	27.7500	27.8750	76	None	None	0	1	9.835529331349768
121	27.8750	28.0000	79	None	None	0	2	11.711719807540241
122	28.0000	28.2500	88	None	None	0	5	10.42915678233016
123	28.7500	57.8750	73	None	None	0	1	8.364184302110003
124	28.7500	57.8750	85	None	None	0	3	8.01801194161876
125	29.1250	29.2500	86	None	None	0	4	7.514419627500132
126	29.2500	29.3750	77	None	None	0	1	8.774340262420761
127	29.3750	29.5000	83	None	None	0	2	10.164536340852134
128	29.5000	29.7500	91	None	None	0	5	9.089956508919355
129	30.2500	60.8750	71	None	None	0	1	8.093599752500676
130	30.2500	60.8750	83	None	None	0	3	7.425065672201894
131	30.6250	30.7500	84	None	None	0	4	7.531164251984688
132	30.7500	30.8750	76	None	None	0	1	9.835529331349768
133	30.8750	31.0000	79	None	None	0	2	13.585669387372178
134	31.0000	31.2500	88	None	None	0	5	12.511089555439408
135	31.7500	63.8750	73	None	None	0	1	10.691203387256026
136	31.7500	63.8750	85	None	None	0	3	10.128033877027693
137	32.1250	32.2500	86	None	None	0	4	9.937139975607474
138	32.2500	32.3750	77	None	None	0	1	10.355129393596885
139	32.3750	32.5000	83	None	None	0	2	10.392102874288126
140	32.5000	32.7500	91	None	None	0	5	10.186944144129393
141	33.2500	66.8750	75	None	None	0	1	7.344740596043485
142	33.2500	66.8750	87	None	None	0	4	6.493900259909035
143	33.6250	33.7500	88	None	None	0	5	7.125573192239863
144	33.7500	33.8750	83	None	None	0	4	5.366253807920457
145	33.8750	34.0000	84	None	None	0	5	5.7699087786806995
146	34.0000	34.1250	78	None	None	0	3	4.969042977814879
147	34.1250	34.2500	79	None	None	0	5	5.3575293452486275
148	34.2500	34.3750	75	None	None	0	4	5.8198202788114894
149	34.3750	34.5000	76	None	None	0	5	5.459701231192444
150	34.5000	34.6250	71	None	None	0	4	5.872620102444654
151	34.6250	34.7500	72	None	None	0	5	6.260485735141108
152	34.7500	35.1250	69	None	None	0	4	6.164365805687847
153	35.1250	35.2500	70	None	None	0	5	6.793853214686537
154	35.2500	35.3750	66	None	None	0	4	6.080449334615969
155	35.3750	35.5000	67	None	None	0	5	5.265634519801156
156	35.5000	35.6250	63	None	None	0	3	5.568574635241281
157	35.6250	35.7500	64	None	None	0	4	4.567472342472325
158	35.7500	35.8750	60	None	None	0	2	4.518443147460987
159	35.8750	36.0000	61	None	None	0	3	4.455569513158784
160	36.0000	36.1250	57	None	None	0	1	3.7237101027279427
161	36.1250	36.2500	58	None	None	0	2	2.1373155449048125
162	36.2500	36.5000	54	None	None	0	1	2.171525415721846
163	36.7500	73.7500	64	None	None	0	2	1.4499645691609981
164	36.7500	73.7500	67	None	None	0	4	1.4917965797430086
165	37.2500	74.7500	62	None	None	0	2	1.474534674981104
166	37.2500	74.7500	66	None	None	0	4	1.4936153628117972
167	37.5000	75.2500	61	None	None	0	2	1.4401263914656774
168	37.5000	75.2500	64	None	None	0	3	1.4730062100597814
169	37.7500	75.7500	59	None	None	0	1	1.493615362811797
170	37.7500	75.7500	62	None	None	0	2	1.493615362811797
171	38.2500	76.7500	64	None	None	0	2	1.5585955215419465
172	38.2500	76.7500	67	None	None	0	4	1.7077357331821648
173	38.7500	77.7500	62	None	None	0	2	1.9434500188964494
174	38.7500	77.7500	66	None	None	0	4	2.0387707860922166
175	39.0000	78.2500	61	None	None	0	2	2.0897486772486795
176	39.0000	78.2500	64	None	None	0	3	2.020639215282077
177	39.2500	78.7500	59	None	None	0	1	1.982893990929709
178	39.2500	78.7500	62	None	None	0	2	2.1533021541950106
179	39.7500	79.7500	63	None	None	0	1	1.4881330309901768
180	39.7500	79.7500	69	None	None	0	2	1.7688869992441445
181	39.7500	79.7500	72	None	None	0	4	1.5532785336356794
182	40.2500	80.7500	67	None	None	0	2	1.7398856764928188
183	40.2500	80.7500	71	None	None	0	4	1.4512252628324023
184	40.5000	81.2500	66	None	None	0	2	1.648680254930258
185	40.5000	81.2500	69	None	None	0	3	1.9631660997732385
186	40.7500	81.7500	64	None	None	0	1	1.9070436507936475
187	40.7500	81.7500	67	None	None	0	3	1.8635515822490623
188	41.2500	82.7500	65	None	None	0	1	1.6128659797252198
189	41.2500	82.7500	71	None	None	0	2	1.7159238695478076
190	41.2500	82.7500	74	None	None	0	4	1.4539802031923836
191	41.7500	83.7500	70	None	None	0	2	1.4429682984304817
192	41.7500	83.7500	73	None	None	0	4	1.165831228324664
193	42.0000	84.2500	68	None	None	0	2	0.9448991717899309
194	42.0000	84.2500	71	None	None	0	3	0.9415828452593198
195	42.7500	85.7500	65	None	None	0	1	1.0110321125695498
196	42.7500	85.7500	71	None	None	0	2	0.9341326027656243
197	42.7500	85.7500	74	None	None	0	4	1.9086455439069931
198	44.2500	88.7500	65	None	None	0	1	3.251502686764142
199	44.2500	88.7500	71	None	None	0	2	3.9408515323629896
200	44.2500	88.7500	74	None	None	0	4	7.720663684496548
201	45.2500	90.8750	65	None	None	0	1	8.442397832701284
202	45.2500	90.8750	70	None	None	0	2	8.364599895344524
203	45.2500	90.8750	73	None	None	0	3	8.67073419479433
204	45.2500	90.8750	77	None	None	0	4	8.448453615896103
205	45.6250	45.7500	78	None	None	0	5	8.817101226455478
206	45.7500	45.8750	70	None	None	0	1	5.777418686772945
207	45.8750	46.0000	73	None	None	0	2	6.559252901940491
208	46.0000	46.2500	82	None	None	0	5	7.227248618745742
209	46.7500	93.8750	67	None	None	0	1	8.172626770006248
210	46.7500	93.8750	73	None	None	0	2	7.825988114544063
211	46.7500	93.8750	77	None	None	0	3	7.648562598883255
212	46.7500	93.8750	79	None	None	0	4	7.579555829508839
213	47.1250	47.2500	80	None	None	0	5	7.990065866857112
214	47.2500	47.3750	71	None	None	0	1	8.951970628761883
215	47.3750	47.5000	77	None	None	0	2	7.030902807694069
216	47.5000	47.7500	85	None	None	0	5	9.579918474566847
217	48.2500	96.8750	65	None	None	0	1	8.634540323306341
218	48.2500	96.8750	70	None	None	0	2	8.51420036914286
219	48.2500	96.8750	73	None	None	0	3	8.775192644841015
220	48.2500	96.8750	77	None	None	0	4	8.448453615896103
221	48.6250	48.7500	78	None	None	0	5	8.817101226455478
222	48.7500	48.8750	70	None	None	0	1	5.777418686772945
223	48.8750	49.0000	73	None	None	0	2	6.559252901940491
224	49.0000	49.2500	82	None	None	0	5	7.227248618745742
225	49.7500	99.8750	67	None	None	0	1	7.542374669165912
226	49.7500	99.8750	73	None	None	0	2	7.195736013703726
227	49.7500	99.8750	77	None	None	0	3	7.005843389987574
228	49.7500	99.8750	79	None	None	0	4	6.971500486159378
229	50.1250	50.2500	80	None	None	0	5	7.261137932046831
230	50.2500	50.3750	71	None	None	0	1	6.943677614586517
231	50.3750	50.5000	77	None	None	0	2	5.739400718642953
232	50.5000	50.7500	85	None	None	0	5	5.065647884175823
233	51.2500	102.8750	69	None	None	0	1	5.182034438797672
234	51.2500	102.8750	73	None	None	0	2	5.637706707705231
235	51.2500	102.8750	78	None	None	0	3	7.064508337448047
236	51.2500	102.8750	81	None	None	0	4	7.632902361724419
237	51.6250	51.7500	82	None	None	0	5	8.62126422959756
238	51.7500	51.8750	77	None	None	0	4	8.067434549577404
239	51.8750	52.0000	78	None	None	0	5	6.776585402901193
240	52.0000	52.1250	72	None	None	0	0	-1
241	52.1250	52.2500	73	None	None	0	0	-1
242	52.2500	52.3750	69	None	None	0	0	-1
243	52.3750	52.5000	70	None	None	0	0	-1
244	52.5000	52.6250	65	None	None	0	0	-1
245	52.6250	52.7500	66	None	None	0	0	-1
246	52.7500	53.1250	60	None	None	0	0	-1
247	53.1250	53.2500	61	None	None	0	0	-1
248	67.7500	136.2500	82	None	None	0	1	1.3929869040789133
249	67.7500	136.2500	85	None	None	0	2	1.880451822134424
250	67.7500	136.2500	89	None	None	0	4	2.0124404307177475
251	68.5000	137.5000	82	None	None	0	1	2.516677839967164
252	68.5000	137.5000	85	None	None	0	2	2.6288627139167478
253	68.5000	137.5000	90	None	None	0	3	2.15762512797328
254	69.0000	138.2500	89	None	None	0	2	1.9601190800995858
255	69.0000	138.2500	92	None	None	0	3	2.5854586098508796
256	69.0000	138.2500	97	None	None	0	5	2.433570354548757
257	69.2500	139.2500	89	None	None	0	2	2.1314628448782216
258	69.2500	139.2500	92	None	None	0	3	2.261162300418021
259	69.2500	139.2500	97	None	None	0	5	1.788119187068785
260	70.0000	140.7500	87	None	None	0	2	1.992314097356131
261	70.0000	140.7500	90	None	None	0	3	1.8498116418284634
262	70.0000	140.7500	94	None	None	0	5	1.9247516178188557
263	70.7500	142.0000	83	None	None	0	1	2.181470972227294
264	70.7500	142.0000	87	None	None	0	3	2.2491767991468157
265	70.7500	142.0000	92	None	None	0	5	2.057931108951542
266	71.2500	142.7500	82	None	None	0	1	2.0895301683283733
267	71.2500	142.7500	87	None	None	0	2	2.864794814029521
268	71.2500	142.7500	90	None	None	0	4	2.5524837785041976
269	71.5000	143.7500	83	None	None	0	1	3.2259531662592984
270	71.5000	143.7500	87	None	None	0	3	3.1925579900069776
271	71.5000	143.7500	92	None	None	0	5	2.876468339861193
272	72.7500	145.7500	82	None	None	0	1	2.858941884834732
273	72.7500	145.7500	87	None	None	0	3	2.8703656462584917
274	72.7500	145.7500	90	None	None	0	5	2.642039871504146
275	73.0000	146.5000	82	None	None	0	2	1.8767054043839617
276	73.0000	146.5000	86	None	None	0	3	2.7606535457387724
277	73.0000	146.5000	89	None	None	0	5	5.691535104055387
278	73.5000	147.2500	77	None	None	0	1	5.239635152155435
279	73.5000	147.2500	82	None	None	0	3	5.608760074851791
280	73.5000	147.2500	86	None	None	0	5	6.608710339048382
281	74.5000	149.7500	78	None	None	0	3	6.524859994502852
282	74.5000	149.7500	82	None	None	0	4	6.783992814297437
283	74.5000	149.7500	87	None	None	0	5	13.97824551537787
284	75.7500	76.0000	75	None	None	0	0	-1
285	76.0000	76.7500	70	None	None	0	0	-1
286	77.2500	77.5000	75	None	None	0	0	-1
287	77.5000	78.2500	70	None	None	0	0	-1
288	78.2500	157.2500	82	None	None	0	0	-1
289	78.2500	157.2500	85	None	None	0	0	-1
290	78.2500	157.2500	89	None	None	0	0	-1
291	79.0000	158.7500	66	None	None	0	0	-1
292	79.0000	158.5000	82	None	None	0	1	2.516677839967164
293	79.0000	158.5000	85	None	None	0	2	2.6288627139167478
294	79.0000	158.5000	90	None	None	0	3	2.15762512797328
295	79.5000	159.2500	89	None	None	0	2	1.9601190800995858
296	79.5000	159.2500	92	None	None	0	3	2.5854586098508796
297	79.5000	159.2500	97	None	None	0	5	2.433570354548757
298	79.7500	160.2500	89	None	None	0	2	2.1314628448782216
299	79.7500	160.2500	92	None	None	0	3	2.261162300418021
300	79.7500	160.2500	97	None	None	0	5	1.788119187068785
301	80.5000	161.7500	87	None	None	0	2	1.992314097356131
302	80.5000	161.7500	90	None	None	0	3	1.8498116418284634
303	80.5000	161.7500	94	None	None	0	5	1.9247516178188557
304	81.2500	163.0000	83	None	None	0	1	2.181470972227294
305	81.2500	163.0000	87	None	None	0	3	2.1457000982211256
306	81.2500	163.0000	92	None	None	0	5	2.0242115027829453
307	81.7500	163.7500	82	None	None	0	1	1.9707001992716355
308	81.7500	163.7500	87	None	None	0	2	1.92489396993365
309	81.7500	163.7500	90	None	None	0	4	1.7106554967666103
310	82.0000	164.7500	83	None	None	0	1	1.824904767903629
311	82.0000	164.7500	87	None	None	0	2	1.4457097565657628
312	82.0000	164.7500	92	None	None	0	5	1.003003785288353
313	83.2500	166.7500	83	None	None	0	1	1.0526670849516544
314	83.2500	166.7500	87	None	None	0	2	1.0517923130451339
315	83.2500	166.7500	90	None	None	0	4	1.320464102748668
316	83.5000	167.7500	83	None	None	0	1	1.716439159438019
317	83.5000	167.7500	88	None	None	0	3	1.799696661573081
318	83.5000	167.7500	92	None	None	0	5	1.67742498955652
319	84.7500	169.7500	83	None	None	0	1	1.8121986521079623
320	84.7500	169.7500	87	None	None	0	2	2.632394755240575
321	84.7500	169.7500	90	None	None	0	4	2.5524837785041976
322	85.0000	170.7500	83	None	None	0	1	3.2259531662592984
323	85.0000	170.7500	87	None	None	0	3	3.1925579900069776
324	85.0000	170.7500	92	None	None	0	5	2.876468339861193
325	86.2500	172.7500	82	None	None	0	1	2.858941884834732
326	86.2500	172.7500	87	None	None	0	3	2.8703656462584917
327	86.2500	172.7500	90	None	None	0	5	2.642039871504146
328	86.5000	173.5000	82	None	None	0	2	1.8767054043839617
329	86.5000	173.5000	86	None	None	0	3	1.7854613309970386
330	86.5000	173.5000	89	None	None	0	5	1.143114392221527
331	87.0000	174.2500	77	None	None	0	1	0.6869666438659866
332	87.0000	174.2500	82	None	None	0	2	0.5665396212269452
333	87.0000	174.2500	86	None	None	0	4	0.7033259013955809
334	88.0000	176.7500	78	None	None	0	1	0.883147830167091
335	88.0000	176.7500	82	None	None	0	3	1.017901676609251
336	88.0000	176.7500	87	None	None	0	5	1.3058362949010147
337	91.7500	184.2500	78	None	None	0	2	1.3961126769184664
338	91.7500	184.2500	82	None	None	0	3	1.8402874281025532
339	91.7500	184.2500	85	None	None	0	4	1.8002647523655924
340	92.5000	185.5000	78	None	None	0	1	1.3040329263018344
341	92.5000	185.5000	82	None	None	0	2	2.4681532650939246
342	92.5000	185.5000	87	None	None	0	4	2.2958610148604963
343	93.0000	186.2500	82	None	None	0	1	2.1203619579144735
344	93.0000	186.2500	85	None	None	0	3	2.3027693842688626
345	93.0000	186.2500	89	None	None	0	5	2.392654713400515
346	93.2500	187.2500	82	None	None	0	2	1.9653137770259608
347	93.2500	187.2500	85	None	None	0	3	1.566972622382283
348	93.2500	187.2500	89	None	None	0	5	1.6071661998132547
349	94.0000	188.7500	78	None	None	0	1	1.1420634920634893
350	94.0000	188.7500	82	None	None	0	3	1.198997932506337
351	94.0000	188.7500	87	None	None	0	5	1.045961718020541
352	94.7500	190.2500	77	None	None	0	1	1.0255973222622372
353	94.7500	190.2500	80	None	None	0	2	0.9334904795251401
354	94.7500	190.2500	83	None	None	0	3	1.0205252934507092
355	95.5000	191.5000	77	None	None	0	1	1.1068634001219488
356	95.5000	191.5000	80	None	None	0	2	1.0671575177690085
357	95.5000	191.5000	85	None	None	0	4	1.0404535028296988
358	96.0000	192.2500	80	None	None	0	2	1.0367303469006606
359	96.0000	192.2500	83	None	None	0	3	1.453532370740506
360	96.0000	192.2500	87	None	None	0	5	1.430543061380397
361	96.2500	193.2500	80	None	None	0	2	1.437659241185654
362	96.2500	193.2500	83	None	None	0	3	1.3988270416391688
363	96.2500	193.2500	87	None	None	0	5	1.2480981786654082
364	97.0000	194.7500	77	None	None	0	2	0.9817943844204369
365	97.0000	194.7500	80	None	None	0	3	1.7446367941115881
366	97.0000	194.7500	85	None	None	0	5	1.9573885614852111
367	97.7500	196.0000	75	None	None	0	1	2.034782018868157
368	97.7500	196.0000	80	None	None	0	4	1.9311486968524896
369	97.7500	196.0000	83	None	None	0	5	2.0575481763973946
370	98.2500	196.7500	75	None	None	0	2	1.868943259121844
371	98.2500	196.7500	78	None	None	0	3	2.0699327458256174
372	98.2500	196.7500	82	None	None	0	5	1.6513528138528273
373	98.5000	197.7500	75	None	None	0	1	1.6162247474747489
374	98.5000	197.7500	80	None	None	0	4	1.383555796055801
375	98.5000	197.7500	83	None	None	0	5	1.3902824064530486
376	99.7500	199.7500	78	None	None	0	3	1.8731992544492622
377	99.7500	199.7500	82	None	None	0	5	2.0887510307153208
378	100.0000	200.7500	75	None	None	0	1	2.036877848782616
379	100.0000	200.7500	78	None	None	0	3	2.0755183639112293
380	100.0000	200.7500	83	None	None	0	5	2.081318284889722
381	101.2500	202.7500	75	None	None	0	2	2.110999068538757
382	101.2500	202.7500	78	None	None	0	3	2.450079021507598
383	101.2500	202.7500	82	None	None	0	5	2.5936920222634554
384	101.5000	203.7500	71	None	None	0	1	2.167439703153994
385	101.5000	203.7500	75	None	None	0	2	1.7378859363882488
386	101.5000	203.7500	80	None	None	0	3	1.0917662285941767
387	102.7500	205.7500	75	None	None	0	1	0.9273681515616938
388	102.7500	205.7500	78	None	None	0	2	0.9956688051564636
389	103.0000	206.7500	74	None	None	0	1	0.5962690452525051
390	103.0000	206.7500	77	None	None	0	3	0.7207694514756042
391	106.7500	215.0000	86	None	None	0	3	0.7330220797996603
392	106.7500	215.0000	89	None	None	0	4	0.8059269361866619
393	109.7500	220.2500	82	None	None	0	1	1.4054373851202264
394	109.7500	220.2500	85	None	None	0	2	1.8899008479247061
395	109.7500	220.2500	89	None	None	0	4	2.0124404307177475
396	110.5000	221.5000	82	None	None	0	1	2.516677839967164
397	110.5000	221.5000	85	None	None	0	2	2.6288627139167478
398	110.5000	221.5000	90	None	None	0	3	2.15762512797328
399	111.0000	222.2500	89	None	None	0	2	1.9601190800995858
400	111.0000	222.2500	92	None	None	0	3	3.4793367671744155
401	111.0000	222.2500	97	None	None	0	5	3.262952713552966
402	111.2500	223.2500	89	None	None	0	2	2.8183382010813074
403	111.2500	223.2500	92	None	None	0	3	2.7608606646121707
404	111.2500	223.2500	97	None	None	0	5	2.1934579892563133
405	112.0000	224.7500	87	None	None	0	2	2.089317848351464
406	112.0000	224.7500	90	None	None	0	3	2.144894624516474
407	112.0000	224.7500	94	None	None	0	5	1.8583216619981342
408	112.7500	226.2500	82	None	None	0	1	1.2078692082893767
409	112.7500	226.2500	85	None	None	0	2	1.3200540822389608
410	112.7500	226.2500	89	None	None	0	4	1.2902688348066553
411	113.5000	227.7500	82	None	None	0	1	1.4118629269889835
412	113.5000	227.7500	85	None	None	0	2	2.99567827130853
413	113.5000	227.7500	90	None	None	0	3	2.633264214776826
414	114.2500	229.2500	89	None	None	0	2	2.397293159688125
415	114.2500	229.2500	92	None	None	0	3	2.4189381813331443
416	114.2500	229.2500	97	None	None	0	5	2.1934579892563133
417	115.0000	230.7500	87	None	None	0	2	2.089317848351464
418	115.0000	230.7500	90	None	None	0	3	2.3388722155528914
419	115.0000	230.7500	94	None	None	0	5	1.9730859010270807
420	115.7500	232.2500	82	None	None	0	1	0.8402661064425799
421	115.7500	232.2500	85	None	None	0	2	0.9034313725490207
422	115.7500	232.2500	89	None	None	0	4	0.8736461251167148
423	116.5000	233.7500	82	None	None	0	1	0.9827731092437006
424	116.5000	233.7500	85	None	None	0	2	1.4170868347338983
425	116.5000	233.7500	90	None	None	0	4	1.244794584500472
426	117.2500	235.2500	82	None	None	0	1	0.8402661064425799
427	117.2500	235.2500	85	None	None	0	2	0.8673231792717104
428	117.2500	235.2500	89	None	None	0	4	0.8310384570494883
429	118.0000	236.7500	82	None	None	0	1	0.7863737161531307
430	118.0000	236.7500	85	None	None	0	2	0.8081108485060707
431	118.0000	236.7500	90	None	None	0	4	0.6543191234827274
432	118.7500	239.0000	82	None	None	0	1	0.24174253034546983
433	118.7500	239.0000	85	None	None	0	2	0.2602430555555529
434	118.7500	239.0000	89	None	None	0	5	1.855459449404758
435	120.2500	242.0000	82	None	None	0	2	1.7560174851190433
436	120.2500	242.0000	85	None	None	0	4	1.6058438740079337
437	120.2500	242.0000	88	None	None	0	5	1.5687065972222203
438	121.7500	245.0000	85	None	None	0	4	3.321957296176044
439	121.7500	245.0000	88	None	None	0	5	3.31701247970779
440	123.2500	248.0000	85	None	None	0	4	3.2969880163239518
441	123.2500	248.0000	88	None	None	0	5	3.2920431998556983
442	124.7500	250.2500	64	None	None	0	1	3.5087625698953815
443	124.7500	250.2500	67	None	None	0	2	3.5087625698953815
444	126.2500	253.2500	64	None	None	0	2	3.41278042703824
445	126.2500	253.2500	67	None	None	0	3	3.3040750698953825
446	127.7500	257.0000	85	None	None	0	3	3.5087625698953815
447	127.7500	257.0000	88	None	None	0	5	3.31701247970779
448	129.2500	260.0000	85	None	None	0	4	4.843658685064934
449	129.2500	260.0000	88	None	None	0	5	4.806521408279221
450	130.7500	263.0000	64	None	None	0	1	5.249845271915584
451	130.7500	263.0000	67	None	None	0	2	5.282037732233043
452	132.2500	266.0000	64	None	None	0	2	6.755453530844156
453	132.2500	266.0000	67	None	None	0	3	6.646748173701299
454	133.7500	269.0000	85	None	None	0	3	6.851435673701298
455	133.7500	269.0000	88	None	None	0	5	6.634716303661616
456	135.2500	272.0000	64	None	None	0	1	6.193673576927104
457	135.2500	272.0000	67	None	None	0	3	5.985421848816506
458	136.7500	275.0000	85	None	None	0	3	4.458695047392124
459	136.7500	275.0000	88	None	None	0	5	4.859393239923334
460	138.2500	278.0000	64	None	None	0	1	3.791023530928621
461	138.2500	278.0000	67	None	None	0	3	4.22664823557746
462	139.7500	281.0000	85	None	None	0	3	4.044393970013351
463	139.7500	281.0000	88	None	None	0	5	4.6137463203284765
464	142.7500	286.2500	64	None	None	0	1	3.9259989633211583
465	142.7500	286.2500	67	None	None	0	2	4.182176111599824
466	142.7500	285.8750	73	None	None	0	3	4.80225873975321
467	143.1250	143.2500	74	None	None	0	4	4.669257266968451
468	143.2500	143.3750	66	None	None	0	1	4.87970699000849
469	143.3750	143.5000	71	None	None	0	2	5.734544492969977
470	143.5000	143.7500	78	None	None	0	5	4.49799987512283
471	144.2500	289.2500	64	None	None	0	1	3.686235169240475
472	144.2500	289.2500	67	None	None	0	2	3.9323486146186246
473	144.2500	288.8750	73	None	None	0	3	4.0963763868120315
474	144.6250	144.7500	74	None	None	0	4	3.6451650250743595
475	144.7500	144.8750	66	None	None	0	1	4.1162849669373305
476	144.8750	145.0000	71	None	None	0	2	5.176999252651627
477	145.0000	145.2500	78	None	None	0	5	4.098017660014563
478	145.7500	292.2500	69	None	None	0	1	3.992135307073386
479	145.7500	292.2500	72	None	None	0	2	4.0219205545056935
480	145.7500	291.8750	78	None	None	0	3	3.7332668154981263
481	146.1250	146.2500	79	None	None	0	4	3.282055453760454
482	146.2500	146.3750	72	None	None	0	1	3.3498765215815203
483	146.3750	146.5000	76	None	None	0	2	7.552309637305223
484	146.5000	146.7500	84	None	None	0	5	6.92520879696908
485	147.2500	295.2500	76	None	None	0	1	7.0316763840038945
486	147.2500	295.2500	79	None	None	0	2	8.116285195630617
487	147.2500	294.8750	84	None	None	0	3	7.888647473875241
488	147.6250	147.7500	85	None	None	0	4	8.584762762095792
489	147.7500	147.8750	78	None	None	0	1	6.627090804423839
490	147.8750	148.0000	82	None	None	0	2	7.895057338902244
491	148.0000	148.2500	90	None	None	0	5	6.4277481930216664
492	148.7500	298.0000	74	None	None	0	1	7.1988966524054225
493	148.7500	297.8750	85	None	None	0	4	8.041687657696423
494	149.1250	149.2500	86	None	None	0	5	8.376535193201853
495	149.2500	149.3750	82	None	None	0	4	7.555048500881835
496	149.3750	149.5000	83	None	None	0	5	7.1402510906896905
497	149.5000	149.6250	77	None	None	0	4	7.381239685312362
498	149.6250	149.7500	78	None	None	0	5	7.406806578736404
499	149.7500	149.8750	73	None	None	0	4	6.4785920656088525
500	149.8750	150.0000	74	None	None	0	5	5.331279044355158
501	150.0000	150.1250	70	None	None	0	4	4.3561953966837965
502	150.1250	150.2500	71	None	None	0	5	3.1351423921486523
503	150.2500	150.6250	65	None	None	0	3	2.943841629419318
504	150.6250	150.7500	66	None	None	0	4	2.429714048562413
505	150.7500	150.8750	61	None	None	0	2	2.248875046294839
506	150.8750	151.0000	62	None	None	0	1	1.3063025657532334
507	152.2500	304.7500	64	None	None	0	2	1.2514397731785767
508	152.2500	304.7500	67	None	None	0	4	1.4917965797430086
509	152.7500	305.7500	62	None	None	0	2	1.474534674981104
510	152.7500	305.7500	66	None	None	0	4	1.4936153628117972
511	153.0000	306.2500	61	None	None	0	2	1.4401263914656774
512	153.0000	306.2500	64	None	None	0	3	1.4730062100597814
513	153.2500	306.7500	59	None	None	0	1	1.493615362811797
514	153.2500	306.7500	62	None	None	0	2	1.493615362811797
515	153.7500	307.7500	64	None	None	0	2	2.0696735638699923
516	153.7500	307.7500	67	None	None	0	4	2.1606127173091476
517	154.2500	308.7500	62	None	None	0	2	2.1433508125472427
518	154.2500	308.7500	66	None	None	0	4	2.442540627362058
519	154.5000	309.2500	61	None	None	0	2	2.19588014498729
520	154.5000	309.2500	64	None	None	0	3	2.214257369614517
521	154.7500	309.7500	59	None	None	0	1	2.2142573696145127
522	154.7500	309.7500	62	None	None	0	2	2.214257369614513
523	155.2500	310.7500	69	None	None	0	2	1.6498393801965245
524	155.2500	310.7500	72	None	None	0	4	1.6916713907785317
525	155.7500	311.7500	67	None	None	0	2	1.5477861093932477
526	155.7500	311.7500	71	None	None	0	4	1.5059931801003243
527	156.0000	312.2500	66	None	None	0	2	1.8730300453514706
528	156.0000	312.2500	69	None	None	0	3	1.8730300453514657
529	156.2500	312.7500	64	None	None	0	1	1.8090316429602034
530	156.2500	312.7500	67	None	None	0	2	2.0567434549577275
531	156.7500	313.7500	71	None	None	0	3	1.7472196454339188
532	156.7500	313.7500	74	None	None	0	5	1.8436151480794272
533	157.2500	314.7500	70	None	None	0	3	2.0790047584690416
534	157.2500	314.7500	73	None	None	0	5	2.5080361437504317
535	157.5000	315.2500	68	None	None	0	3	3.052726009868869
536	157.5000	315.2500	71	None	None	0	4	2.878257663971954
537	158.0000	316.2500	66	None	None	0	1	2.528097682561974
538	158.0000	316.2500	70	None	None	0	2	3.210608576914976
539	158.5000	317.2500	70	None	None	0	1	2.8066039064159316
540	158.5000	317.2500	73	None	None	0	2	3.0755613378733644
541	159.0000	318.2500	70	None	None	0	1	4.276416831586
542	159.0000	318.2500	78	None	None	0	5	4.330363410217456
543	160.7500	322.2500	59	None	None	0	1	3.5305223927293796
544	160.7500	322.2500	62	None	None	0	2	3.78413072795536
545	160.7500	321.8750	68	None	None	0	3	4.2878029574402845
546	161.1250	161.2500	69	None	None	0	4	4.1548014846555255
547	161.2500	161.3750	61	None	None	0	1	4.152396482250531
548	161.3750	161.5000	66	None	None	0	2	4.05087102358222
549	161.5000	161.7500	73	None	None	0	5	3.983544092809902
550	162.2500	325.2500	59	None	None	0	1	3.1717793869275486
551	162.2500	325.2500	62	None	None	0	2	3.4178928323056983
552	162.2500	324.8750	68	None	None	0	3	3.5819206044991057
553	162.6250	162.7500	69	None	None	0	4	3.448919131714347
554	162.7500	162.8750	61	None	None	0	1	3.6593688547543857
555	162.8750	163.0000	66	None	None	0	2	3.8594444529539667
556	163.0000	163.2500	73	None	None	0	5	3.792117522181652
557	163.7500	328.2500	64	None	None	0	1	3.686235169240475
558	163.7500	328.2500	67	None	None	0	2	3.9323486146186246
559	163.7500	327.8750	73	None	None	0	3	4.0963763868120315
560	164.1250	164.2500	74	None	None	0	4	4.180306130958497
561	164.2500	164.3750	66	None	None	0	1	4.206761157413531
562	164.3750	164.5000	71	None	None	0	2	4.675015125667503
563	164.5000	164.7500	78	None	None	0	5	3.6716637851312792
564	165.2500	331.2500	69	None	None	0	1	3.6359494994169936
565	165.2500	331.2500	72	None	None	0	2	3.8891241025916004
566	165.2500	330.8750	78	None	None	0	3	3.5612020246695213
567	165.6250	165.7500	79	None	None	0	4	3.4375485281832048
568	165.7500	165.8750	71	None	None	0	1	3.9772310678657385
569	165.8750	166.0000	76	None	None	0	2	2.6677072583419346
570	166.0000	166.2500	83	None	None	0	5	4.304612020246689
571	166.7500	333.8750	71	None	None	0	1	5.0924271462971085
572	166.7500	333.8750	76	None	None	0	2	4.919107818566016
573	166.7500	333.8750	79	None	None	0	3	4.919107818566016
574	166.7500	333.8750	83	None	None	0	4	4.70117481203007
575	167.1250	167.2500	84	None	None	0	5	5.213591401472862
576	167.2500	167.3750	76	None	None	0	1	4.270734258615728
577	167.3750	167.5000	79	None	None	0	2	4.9687140565955215
578	167.5000	167.7500	88	None	None	0	5	8.781922673375579
579	168.2500	336.8750	72	None	None	0	1	9.412174774215915
580	168.2500	336.8750	76	None	None	0	2	9.309023513711717
581	168.2500	336.8750	79	None	None	0	3	9.357576268146824
582	168.2500	336.8750	84	None	None	0	4	9.198379256008636
583	168.6250	168.7500	85	None	None	0	5	9.291010519040162
584	168.7500	168.8750	78	None	None	0	1	6.480332308361941
585	168.8750	169.0000	82	None	None	0	2	6.480332308361948
586	169.0000	169.2500	90	None	None	0	5	5.722679247137446
587	169.7500	339.8750	71	None	None	0	1	5.0924271462971085
588	169.7500	339.8750	76	None	None	0	2	4.919107818566016
589	169.7500	339.8750	79	None	None	0	3	4.919107818566016
590	169.7500	339.8750	83	None	None	0	4	4.70117481203007
591	170.1250	170.2500	84	None	None	0	5	5.213591401472862
592	170.2500	170.3750	76	None	None	0	1	4.270734258615728
593	170.3750	170.5000	79	None	None	0	2	4.9687140565955215
594	170.5000	170.7500	88	None	None	0	5	8.781922673375579
595	171.2500	342.8750	72	None	None	0	1	10.918477295224323
596	171.2500	342.8750	76	None	None	0	2	10.99993737925794
597	171.2500	342.8750	79	None	None	0	3	12.148396982397443
598	171.2500	342.8750	84	None	None	0	4	12.107250220662447
599	171.6250	171.7500	85	None	None	0	5	12.894040151945964
600	171.7500	171.8750	78	None	None	0	1	9.353203211109019
601	171.8750	172.0000	82	None	None	0	2	10.409969922755582
602	172.0000	172.2500	90	None	None	0	5	8.797158131372354
603	172.7500	345.8750	75	None	None	0	1	7.042863080018476
604	172.7500	345.8750	86	None	None	0	4	7.359000646156049
605	173.1250	173.2500	87	None	None	0	5	8.377376944043622
606	173.2500	173.3750	82	None	None	0	4	7.764572310405644
607	173.3750	173.5000	83	None	None	0	5	7.349774900213501
608	173.5000	173.6250	77	None	None	0	4	6.821033403614859
609	173.6250	173.7500	78	None	None	0	5	6.846600297038909
610	173.7500	173.8750	74	None	None	0	4	7.071205226593713
611	173.8750	174.0000	75	None	None	0	5	5.363947537193156
612	174.0000	174.1250	70	None	None	0	4	4.29457920595139
613	174.1250	174.2500	71	None	None	0	5	3.0779373408720274
614	174.2500	174.6250	65	None	None	0	3	2.7170618448402797
615	174.6250	174.7500	66	None	None	0	4	2.127614742235285
616	174.7500	174.8750	62	None	None	0	2	2.005290213465443
617	174.8750	175.0000	63	None	None	0	3	2.0362921975924233
618	175.7500	353.0000	58	None	None	0	1	1.832676368976593
619	175.7500	353.0000	66	None	None	0	3	1.7877564245030788
620	175.7500	353.0000	70	None	None	0	5	1.5879446167671614
621	177.2500	356.0000	59	None	None	0	0	-1
622	177.2500	356.0000	63	None	None	0	0	-1
623	177.2500	356.0000	66	None	None	0	0	-1
624	177.2500	356.0000	71	None	None	0	0	-1
625	178.7500	359.0000	58	None	None	0	0	-1
626	178.7500	359.0000	63	None	None	0	0	-1
627	178.7500	359.0000	66	None	None	0	0	-1
628	180.2500	181.0000	59	None	None	0	0	-1
629	185.2500	372.7500	63	None	None	0	0	-1
630	185.2500	372.7500	66	None	None	0	0	-1
631	185.2500	372.7500	75	None	None	0	0	-1
632	185.2500	372.7500	78	None	None	0	0	-1
633	187.5000	376.2857	66	None	None	0	0	-1
634	187.5000	376.2857	70	None	None	0	1	7.851682256395599
635	187.5000	376.2857	78	None	None	0	3	7.851682256395599
636	187.5000	376.2857	82	None	None	0	4	7.851682256395599
637	189.6429	379.7143	75	None	None	0	1	7.851682256395599
638	189.6429	379.7143	87	None	None	0	3	7.851682256395599
639	189.6429	379.7143	90	None	None	0	5	7.851682256395599
640	190.0714	383.1429	75	None	None	0	1	7.851682256395599
641	190.0714	383.1429	83	None	None	0	2	7.851682256395599
642	190.0714	383.1429	87	None	None	0	4	7.851682256395599
643	190.0714	383.1429	90	None	None	0	0	7.851682256395599
