0	0.0000	0.3409	44	None	None	1	-5	8.736002488845568
1	0.0000	0.3409	56	None	None	1	-1	9.019908640874617
2	0.3409	0.8523	37	None	None	1	-5	9.139021015503616
3	0.3409	0.8523	49	None	None	1	-2	9.166621665848472
4	0.6818	1.5341	66	None	None	1	-2	3.113279332351491
5	0.6818	1.5341	69	None	None	1	-1	2.8964162984781483
6	1.0227	2.2159	64	None	None	1	-4	2.578309605629192
7	1.0227	2.2159	68	None	None	1	-1	1.865093975734632
8	1.3636	2.8977	63	None	None	1	-2	1.3836506767655579
9	1.3636	2.8977	66	None	None	1	-1	1.4318465530542128
10	1.7045	3.5795	61	None	None	1	-3	2.2895443228838
11	1.7045	3.5795	64	None	None	1	-2	2.213807945858767
12	2.0455	4.2614	57	None	None	1	-5	3.064286590925045
13	2.0455	4.2614	61	None	None	1	-3	6.55827459849922
14	2.0455	4.2614	66	None	None	1	-1	6.071725752156555
15	2.3864	4.9432	56	None	None	1	-4	7.03375499684412
16	2.3864	4.9432	61	None	None	1	-2	13.481848306332864
17	2.3864	4.9432	64	None	None	1	-1	14.592378497790888
18	2.7273	5.6250	54	None	None	1	-5	14.770726383336855
19	2.7273	5.6250	61	None	None	1	-2	14.860464443509375
20	2.7273	5.6250	63	None	None	1	-1	13.05998170745962
21	3.0682	6.3068	49	None	None	1	-5	12.406666257568329
22	3.0682	6.3068	56	None	None	1	-4	15.85262144376652
23	3.0682	6.3068	64	None	None	1	-1	17.866318056432203
24	3.4091	6.9886	44	None	None	1	-5	17.47944923673938
25	3.4091	6.9886	54	None	None	1	-2	18.147711386960292
26	3.4091	6.9886	60	None	None	1	-1	17.65308810809549
27	3.7500	7.6705	49	None	None	1	-5	19.913250420443113
28	3.7500	7.6705	52	None	None	1	-4	22.92127987179164
29	3.7500	7.6705	61	None	None	1	-1	24.400207937863414
30	4.0909	8.3523	44	None	None	1	-5	22.03183208236658
31	4.0909	8.3523	56	None	None	1	-1	20.873034542732174
32	4.4318	9.0341	37	None	None	1	-5	15.969370205126735
33	4.4318	9.0341	49	None	None	1	-2	17.266584967320266
34	4.6023	9.3750	45	None	None	1	-5	26.137851569199128
35	4.6023	9.3750	57	None	None	1	-1	28.384070056594087
36	4.7727	9.7159	44	None	None	1	-5	25.807955324987162
37	4.7727	9.7159	56	None	None	1	-1	25.465938518264473
38	4.9432	10.0568	43	None	None	1	-5	23.66298620236878
39	4.9432	10.0568	55	None	None	1	-1	31.524944237116394
40	5.1136	10.3977	44	None	None	1	-5	32.641219660519766
41	5.1136	10.3977	56	None	None	1	-1	29.346895796004638
42	5.2841	10.7386	37	None	None	1	-5	21.464867752534815
43	5.2841	10.7386	49	None	None	1	-1	21.055683628987644
44	5.4545	10.9943	39	None	None	1	-5	22.790000171847854
45	5.4545	10.9943	51	None	None	1	-1	20.152994449313447
46	5.5398	5.6250	49	None	None	1	-2	19.11373064563247
47	5.6250	5.7102	47	None	None	1	-1	13.719777972538722
48	5.7102	5.7955	46	None	None	1	-2	18.187316194371395
49	5.7955	11.6761	44	None	None	1	-5	14.484433732593224
50	5.7955	11.6761	44	None	None	1	-4	12.88076248904468
51	5.8807	5.9659	46	None	None	1	-3	14.694960560911476
52	5.9659	6.0511	43	None	None	1	-4	20.03856753335279
53	6.0511	6.1364	44	None	None	1	-3	20.144614860259008
54	6.1364	6.2216	46	None	None	1	-1	19.392482228065045
55	6.2216	6.3068	47	None	None	1	-3	16.11770863764725
56	6.3068	6.3920	44	None	None	1	-4	19.35509786736777
57	6.3920	6.4773	46	None	None	1	-3	19.206105755185476
58	6.4773	6.5625	47	None	None	1	-2	18.410750803388805
59	6.5625	6.6477	49	None	None	1	-1	18.30470347648256
60	6.6477	6.7330	46	None	None	1	-4	16.256548836303402
61	6.7330	6.8182	47	None	None	1	-3	16.375450384652815
62	6.8182	6.9034	49	None	None	1	-1	16.30560911481155
63	6.9034	6.9886	51	None	None	1	-2	11.809202453987725
64	6.9886	7.0739	47	None	None	1	-4	12.012045963579697
65	7.0739	7.1591	49	None	None	1	-3	15.292793845554574
66	7.1591	7.2443	51	None	None	1	-2	15.56056334599279
67	7.2443	7.3295	52	None	None	1	-1	13.876392540656349
68	7.3295	7.4148	51	None	None	1	-3	10.623653715064762
69	7.4148	7.5000	56	None	None	1	-1	11.169958126399827
70	7.5000	7.5852	49	None	None	1	-4	10.244148129599473
71	7.5852	7.6705	51	None	None	1	-2	9.10355021354145
72	7.6705	7.7557	49	None	None	1	-3	10.991774828540814
73	7.7557	7.8409	56	None	None	1	-1	8.006381898362598
74	7.8409	7.9261	47	None	None	1	-5	9.011937801705548
75	7.9261	8.0114	49	None	None	1	-4	9.507414479084066
76	8.0114	8.0966	47	None	None	1	-5	11.989162945341716
77	8.0966	8.1818	56	None	None	1	-1	11.778821139907903
78	8.1818	8.2670	46	None	None	1	-5	13.516482339357015
79	8.2670	8.3523	47	None	None	1	-4	13.243999624389623
80	8.3523	8.4375	46	None	None	1	-5	12.225187805183431
81	8.4375	8.5227	55	None	None	1	-1	14.979204749384422
82	8.5227	8.6080	44	None	None	1	-5	14.182128250073017
83	8.6080	8.7784	52	None	None	1	-3	13.474220956276163
84	8.6932	8.7784	59	None	None	1	-1	12.699118359000034
85	8.7784	17.6420	51	None	None	1	-3	12.000345352865057
86	8.7784	17.6420	51	None	None	1	-2	12.787987771795795
87	8.8636	8.9489	43	None	None	1	-5	11.796739841130696
88	8.9489	9.1193	52	None	None	1	-3	10.0631727946802
89	9.0341	9.1193	58	None	None	1	-1	11.911797295605336
90	9.1193	18.3239	51	None	None	1	-3	12.220298610241624
91	9.1193	18.3239	51	None	None	1	-2	13.445305913776522
92	9.2045	9.2898	44	None	None	1	-5	14.182128250072996
93	9.2898	9.4602	52	None	None	1	-3	13.474220956276142
94	9.3750	9.4602	59	None	None	1	-1	12.699118359000012
95	9.4602	19.0057	51	None	None	1	-3	15.977120111848414
96	9.4602	19.0057	51	None	None	1	-2	17.166899827415595
97	9.5455	9.6307	43	None	None	1	-5	16.20511173794669
98	9.6307	9.8011	52	None	None	1	-3	14.331197591511026
99	9.7159	9.8011	58	None	None	1	-1	13.932743731439405
100	9.8011	19.6875	51	None	None	1	-3	13.724019260055769
101	9.8011	19.6875	51	None	None	1	-2	11.836968243330071
102	9.8864	19.9432	44	None	None	1	-5	15.280084972931647
103	9.8864	19.9432	56	None	None	1	-2	10.467853331808909
104	10.0568	10.2273	61	None	None	1	-2	7.331598830008207
105	10.2273	10.3977	59	None	None	1	-4	6.224022466129325
106	10.3977	10.5682	64	None	None	1	-2	6.01339821642944
107	10.5682	10.7386	63	None	None	1	-4	6.202346063609544
108	10.7386	10.9091	66	None	None	1	-2	5.8136138697010615
109	10.9091	11.0795	64	None	None	1	-1	3.6482696858812305
110	11.0795	22.3295	56	None	None	1	-5	2.911238722293043
111	11.0795	22.3295	63	None	None	1	-4	2.5682012471164315
112	11.0795	22.3295	66	None	None	1	-3	2.3268676002556234
113	11.2500	22.6705	61	None	None	1	-5	1.9604710612767495
114	11.2500	22.6705	64	None	None	1	-4	1.843896252659147
115	11.5909	23.3523	66	None	None	1	-3	2.392010309278352
116	11.5909	23.3523	69	None	None	1	-2	2.325405007363769
117	11.9318	24.0341	64	None	None	1	-4	2.578309605629193
118	11.9318	24.0341	68	None	None	1	-1	1.8650939757346343
119	12.2727	24.7159	63	None	None	1	-2	1.3836506767655585
120	12.2727	24.7159	66	None	None	1	-1	1.431846553054213
121	12.6136	25.3977	61	None	None	1	-3	2.2895443228838004
122	12.6136	25.3977	64	None	None	1	-2	2.213807945858768
123	12.9545	26.0795	57	None	None	1	-5	3.0642865909250476
124	12.9545	26.0795	61	None	None	1	-3	6.558274598499218
125	12.9545	26.0795	66	None	None	1	-1	6.071725752156552
126	13.2955	26.7614	56	None	None	1	-4	7.033754996844116
127	13.2955	26.7614	61	None	None	1	-2	13.481848306332875
128	13.2955	26.7614	64	None	None	1	-1	14.592378497790902
129	13.6364	27.4432	54	None	None	1	-5	14.770726383336868
130	13.6364	27.4432	61	None	None	1	-2	16.90582395329268
131	13.6364	27.4432	63	None	None	1	-1	15.015249579213132
132	13.9773	28.1250	49	None	None	1	-5	16.308309517965274
133	13.9773	28.1250	56	None	None	1	-4	14.892215588984747
134	13.9773	28.1250	64	None	None	1	-1	16.180870269069842
135	14.3182	28.8068	44	None	None	1	-5	9.937710685648835
136	14.3182	28.8068	54	None	None	1	-2	8.572025855015545
137	14.3182	28.8068	60	None	None	1	-1	8.680076033849963
138	14.6591	29.4886	45	None	None	1	-5	6.635070101923933
139	14.6591	29.4886	52	None	None	1	-4	4.710970118287869
140	14.6591	29.4886	61	None	None	1	-1	3.9577668782289575
141	15.0000	30.3409	53	None	None	1	-5	7.734711547849393
142	15.0000	30.3409	59	None	None	1	-4	8.555590002323962
143	15.0000	30.3409	62	None	None	1	-2	11.297304611584472
144	15.0000	30.3409	65	None	None	1	-1	14.628466354632216
145	15.3409	30.8523	54	None	None	1	-5	19.16031837379038
146	15.3409	30.8523	57	None	None	1	-4	20.12600946122191
147	15.3409	30.8523	61	None	None	1	-3	24.563955110763068
148	15.3409	30.8523	66	None	None	1	-1	27.379407477276708
149	15.5114	31.1932	50	None	None	1	-5	30.80686203052654
150	15.5114	31.1932	62	None	None	1	-1	33.05308051792148
151	15.6818	31.5341	49	None	None	1	-5	31.08782798833819
152	15.6818	31.5341	61	None	None	1	-1	28.499592694220535
153	15.8523	31.8750	45	None	None	1	-5	24.622914961271707
154	15.8523	31.8750	57	None	None	1	-1	24.796843919358007
155	16.0227	32.2159	42	None	None	1	-5	21.667607898335465
156	16.0227	32.2159	54	None	None	1	-1	18.41359954652846
157	16.1932	32.5568	37	None	None	1	-5	11.681637576815096
158	16.1932	32.5568	49	None	None	1	-1	12.611678304762734
159	16.3636	33.0682	38	None	None	1	-5	17.199345324535866
160	16.3636	33.0682	50	None	None	1	-1	17.1505748961191
161	16.7045	16.7898	41	None	None	1	-3	16.585373454085072
162	16.7898	16.8750	42	None	None	1	-2	17.41350667056188
163	16.8750	16.9602	40	None	None	1	-4	22.23571428571427
164	16.9602	17.0455	41	None	None	1	-1	20.736006427110695
165	17.0455	17.1307	42	None	None	1	-4	12.880762489044688
166	17.1307	17.2159	44	None	None	1	-3	13.865863277826453
167	17.2159	17.3011	41	None	None	1	-4	15.051236731911594
168	17.3011	17.3864	42	None	None	1	-3	15.379019378712647
169	17.3864	17.4716	44	None	None	1	-1	14.704976141786057
170	17.4716	17.5568	45	None	None	1	-3	8.085855487389235
171	17.5568	17.6420	42	None	None	1	-4	7.93829973707275
172	17.6420	17.7273	44	None	None	1	-3	8.022962313759866
173	17.7273	17.8125	45	None	None	1	-2	8.96614081215314
174	17.8125	17.8977	47	None	None	1	-1	9.813582140422682
175	17.8977	17.9830	45	None	None	1	-4	5.748809523809523
176	17.9830	18.0682	47	None	None	1	-3	6.588511539585152
177	18.0682	18.1534	41	None	None	1	-5	7.772974486318036
178	18.1534	18.2386	42	None	None	1	-4	8.10209611451946
179	18.2386	18.3239	40	None	None	1	-5	8.449401110137336
180	18.3239	18.4091	41	None	None	1	-4	9.985996689064201
181	18.4091	18.4943	42	None	None	1	-3	11.036829292044017
182	18.4943	18.5795	44	None	None	1	-2	13.814702015775609
183	18.5795	18.6648	41	None	None	1	-5	10.52988606485538
184	18.6648	18.7500	42	None	None	1	-4	10.135957736878003
185	18.7500	18.8352	44	None	None	1	-3	17.903267114616803
186	18.8352	18.9205	45	None	None	1	-2	17.107912162820117
187	18.9205	19.0057	42	None	None	1	-5	15.324160093485226
188	19.0057	19.0909	44	None	None	1	-4	15.090106144707347
189	19.0909	19.1761	45	None	None	1	-3	14.411403252507537
190	19.1761	19.2614	47	None	None	1	-1	18.487476872139418
191	19.2614	19.3466	45	None	None	1	-2	21.508647385334452
192	19.3466	19.4318	47	None	None	1	-1	20.523546596552663
193	19.4318	19.5170	48	None	None	1	-3	12.84089979550097
194	19.5170	19.6023	49	None	None	1	-2	14.464387963774445
195	19.6023	19.6875	46	None	None	1	-4	19.89931346771833
196	19.6875	19.7727	48	None	None	1	-3	19.85899795501018
197	19.7727	19.8580	49	None	None	1	-1	19.625372480280415
198	19.8580	19.9432	51	None	None	1	-2	14.77997370727429
199	19.9432	20.0284	48	None	None	1	-4	19.38124939137204
200	20.0284	20.1136	49	None	None	1	-3	20.144614860259
201	20.1136	20.1989	51	None	None	1	-1	19.392482228065102
202	20.1989	20.2841	52	None	None	1	-3	16.11770863764726
203	20.2841	20.3693	49	None	None	1	-4	19.355097867367768
204	20.3693	20.4545	51	None	None	1	-3	19.206105755185472
205	20.4545	20.5398	52	None	None	1	-2	18.410750803388822
206	20.5398	20.6250	54	None	None	1	-1	18.3047034764826
207	20.6250	20.7102	51	None	None	1	-4	14.94182490992306
208	20.7102	20.7955	52	None	None	1	-3	14.178459441036102
209	20.7955	20.8807	54	None	None	1	-1	23.18155613983828
210	20.8807	20.9659	56	None	None	1	-2	18.441240627130142
211	20.9659	21.0511	52	None	None	1	-4	18.644084136722114
212	21.0511	21.1364	54	None	None	1	-3	18.731629175187404
213	21.1364	21.2216	56	None	None	1	-2	18.85358360112955
214	21.2216	21.3068	57	None	None	1	-1	28.71796669588071
215	21.3068	21.3920	56	None	None	1	-2	27.07305482520198
216	21.3920	21.4773	54	None	None	1	-3	38.56151524004291
217	21.4773	21.5625	52	None	None	1	-1	30.544337325932503
218	21.5625	21.6477	51	None	None	1	0	-1
219	21.6477	21.7330	49	None	None	1	0	-1
220	21.7330	21.8182	47	None	None	1	0	-1
221	21.8182	21.9034	45	None	None	1	0	-1
222	21.9034	21.9886	44	None	None	1	0	-1
223	21.9886	22.0739	42	None	None	1	0	-1
224	22.0739	22.1591	40	None	None	1	0	-1
225	22.1591	22.3295	39	None	None	1	0	-1
226	22.5000	45.1705	59	None	None	1	-4	2.799058781588235
227	22.5000	45.1705	63	None	None	1	-1	2.038110140963597
228	22.8409	45.8523	58	None	None	1	-2	1.5566668419945227
229	22.8409	45.8523	61	None	None	1	-1	1.6048627182831767
230	23.1818	46.5341	56	None	None	1	-3	2.0771606236996414
231	23.1818	46.5341	59	None	None	1	-2	2.0739795918367205
232	23.5227	47.2159	51	None	None	1	-5	1.462852409004829
233	23.5227	47.2159	55	None	None	1	-3	1.71142567851882
234	23.5227	47.2159	58	None	None	1	-2	2.26264070061013
235	23.8636	47.8977	51	None	None	1	-5	8.44383255020222
236	23.8636	47.8977	56	None	None	1	-3	13.67051108323075
237	23.8636	47.8977	59	None	None	1	-2	13.820893050577176
238	24.2045	48.5795	51	None	None	1	-5	13.616582098759848
239	24.2045	48.5795	58	None	None	1	-2	16.490134467865943
240	24.2045	48.5795	61	None	None	1	-1	19.61693073588509
241	24.5455	49.4318	52	None	None	1	-4	19.20844754204676
242	24.5455	49.4318	64	None	None	1	-1	19.017393393488334
243	24.8864	24.9716	43	None	None	1	-5	15.858494011101339
244	24.9716	25.0568	44	None	None	1	-2	12.529572012854196
245	25.0568	25.1420	41	None	None	1	-5	8.449401110137297
246	25.1420	25.2273	43	None	None	1	-4	9.98599668906417
247	25.2273	25.3125	44	None	None	1	-3	11.036829292044008
248	25.3125	25.3977	46	None	None	1	-2	14.643799298860621
249	25.3977	25.4830	43	None	None	1	-5	9.895530236634515
250	25.4830	25.5682	44	None	None	1	-4	10.224651864835895
251	25.5682	25.6534	46	None	None	1	-3	12.981005940208403
252	25.6534	25.7386	47	None	None	1	-2	16.32535300418735
253	25.7386	25.8239	44	None	None	1	-5	12.58805141688573
254	25.8239	25.9091	46	None	None	1	-4	20.265770766384172
255	25.9091	25.9943	47	None	None	1	-3	22.504547667737754
256	25.9943	26.0795	49	None	None	1	-2	23.968000779043624
257	26.0795	26.1648	46	None	None	1	-4	22.892530918297695
258	26.1648	26.2500	47	None	None	1	-3	32.491420780991206
259	26.2500	26.3352	49	None	None	1	-2	35.33584574934253
260	26.3352	26.4205	51	None	None	1	-1	34.07002629272555
261	26.4205	26.5057	49	None	None	1	-3	32.15065731814185
262	26.5057	26.5909	58	None	None	1	-1	27.025036517674515
263	26.5909	26.6761	47	None	None	1	-4	26.141308793456002
264	26.6761	26.7614	49	None	None	1	-2	27.732018697049345
265	26.7614	26.8466	47	None	None	1	-3	28.618959976628652
266	26.8466	26.9318	56	None	None	1	-1	28.618959976628652
267	26.9318	27.0170	46	None	None	1	-4	28.68818531502577
268	27.0170	27.1023	47	None	None	1	-2	26.946116953939015
269	27.1023	27.1875	46	None	None	1	-3	32.17257796209789
270	27.1875	27.2727	55	None	None	1	-1	29.27101078915314
271	27.2727	27.3580	45	None	None	1	-4	26.911443961557737
272	27.3580	27.4432	46	None	None	1	-2	23.678941047673195
273	27.4432	27.5284	45	None	None	1	-3	22.87130197682339
274	27.5284	27.6136	54	None	None	1	-1	12.488807571180585
275	27.6136	55.3977	41	None	None	1	-5	9.779061474430586
276	27.6136	55.3977	53	None	None	1	-2	5.252281746031747
277	27.9545	56.0795	61	None	None	1	-2	2.7084304941907917
278	27.9545	56.0795	65	None	None	1	-1	2.4472007445589816
279	28.2955	56.7614	60	None	None	1	-3	2.3477898461790097
280	28.2955	56.7614	63	None	None	1	-1	1.8470585828833286
281	28.6364	57.4432	58	None	None	1	-2	1.2065169366715784
282	28.6364	57.4432	61	None	None	1	-1	2.0521723122238615
283	28.9773	58.1250	53	None	None	1	-5	2.8847846097201777
284	28.9773	58.1250	57	None	None	1	-4	2.86808930616922
285	28.9773	58.1250	60	None	None	1	-2	5.1705883126446786
286	29.3182	58.8068	53	None	None	1	-5	12.835354279168708
287	29.3182	58.8068	58	None	None	1	-4	14.501485503863616
288	29.3182	58.8068	61	None	None	1	-2	14.962721094172096
289	29.6591	59.4886	53	None	None	1	-5	15.903978430334472
290	29.6591	59.4886	60	None	None	1	-2	16.910990727379023
291	29.6591	59.4886	63	None	None	1	-1	16.287011038735486
292	30.0000	60.3409	54	None	None	1	-4	16.893633111172495
293	30.0000	60.3409	66	None	None	1	-1	13.121427102295815
294	30.3409	30.4261	45	None	None	1	-5	7.899095057245841
295	30.4261	30.5114	46	None	None	1	-4	10.827500939025928
296	30.5114	30.5966	44	None	None	1	-5	10.867879053461886
297	30.5966	30.6818	45	None	None	1	-4	9.749668906417398
298	30.6818	30.7670	46	None	None	1	-3	10.387978381536712
299	30.7670	30.8523	48	None	None	1	-2	14.010908003283115
300	30.8523	30.9375	45	None	None	1	-5	10.968377084985354
301	30.9375	31.0227	46	None	None	1	-4	10.46936549670993
302	31.0227	31.1080	48	None	None	1	-3	12.30109205236285
303	31.1080	31.1932	49	None	None	1	-2	16.387636506545327
304	31.1932	31.2784	46	None	None	1	-5	11.33692910702112
305	31.2784	31.3636	48	None	None	1	-4	12.278393709221906
306	31.3636	31.4489	49	None	None	1	-3	14.716788392248489
307	31.4489	31.5341	51	None	None	1	-2	14.894176648164352
308	31.5341	31.6193	48	None	None	1	-5	10.974773590417804
309	31.6193	31.7045	49	None	None	1	-4	12.243860161651607
310	31.7045	31.7898	50	None	None	1	-3	11.74254552536765
311	31.7898	31.8750	51	None	None	1	-2	16.329092414061773
312	31.8750	31.9602	49	None	None	1	-5	10.867879053461849
313	31.9602	32.0455	50	None	None	1	-4	9.749668906417353
314	32.0455	32.1307	51	None	None	1	-3	10.387978381536616
315	32.1307	32.2159	53	None	None	1	-2	14.01090800328306
316	32.2159	32.3011	50	None	None	1	-5	10.968377084985278
317	32.3011	32.3864	51	None	None	1	-4	10.46936549670994
318	32.3864	32.4716	53	None	None	1	-3	11.356306776289252
319	32.4716	32.5568	54	None	None	1	-2	11.17602632054868
320	32.5568	32.6420	51	None	None	1	-5	6.0092690140378675
321	32.6420	32.7273	53	None	None	1	-4	6.260086733869242
322	32.7273	32.8125	54	None	None	1	-3	5.295079486267149
323	32.8125	32.8977	56	None	None	1	-2	4.860722754516196
324	32.8977	32.9830	53	None	None	1	-4	9.070407490995937
325	32.9830	33.0682	54	None	None	1	-1	9.296044768338499
326	33.0682	66.3068	53	None	None	1	-2	6.97360830909223
327	33.0682	66.3068	57	None	None	1	-1	7.243820277251832
328	33.4091	66.9886	52	None	None	1	-3	7.2438202772518325
329	33.4091	66.9886	58	None	None	1	-1	7.243820277251838
330	33.7500	67.6705	51	None	None	1	-4	7.116692965846181
331	33.7500	67.6705	58	None	None	1	-1	6.6928045444982525
332	34.0909	68.5227	44	None	None	1	-5	6.902529250531849
333	34.0909	68.5227	56	None	None	1	-2	5.524694198985432
334	34.4318	69.0341	56	None	None	1	-2	6.8344880134184365
335	34.4318	69.0341	60	None	None	1	-1	7.599951930944215
336	34.7727	69.7159	55	None	None	1	-3	7.798810546555403
337	34.7727	69.7159	61	None	None	1	-1	7.593201808214715
338	35.1136	70.3977	54	None	None	1	-4	7.223070078546898
339	35.1136	70.3977	61	None	None	1	-1	6.507557069219443
340	35.4545	71.2500	47	None	None	1	-5	4.693742840778948
341	35.4545	71.2500	59	None	None	1	-2	2.903002781868765
342	35.7955	71.9318	59	None	None	1	-4	1.6823555882834211
343	35.7955	71.9318	63	None	None	1	-2	1.8658239240713435
344	36.1364	72.6136	59	None	None	1	-3	1.974185894288986
345	36.1364	72.6136	64	None	None	1	-1	2.9999795450826183
346	36.4773	73.2955	59	None	None	1	-4	3.058199353624592
347	36.4773	73.2955	65	None	None	1	-1	2.7827943462608276
348	36.8182	73.9773	59	None	None	1	-4	2.457325928653234
349	36.8182	73.9773	66	None	None	1	-1	3.5643460562919107
350	37.1591	74.6591	59	None	None	1	-4	4.027798232695115
351	37.1591	74.6591	67	None	None	1	-1	4.4490058910161725
352	37.5000	75.3409	59	None	None	1	-5	3.740648011782009
353	37.5000	75.3409	68	None	None	1	-1	4.031607289680765
354	37.8409	76.0227	59	None	None	1	-5	4.9973554238911175
355	37.8409	76.0227	69	None	None	1	-1	7.071912468263479
356	38.1818	76.7045	59	None	None	1	-5	7.513692816584358
357	38.1818	76.7045	70	None	None	1	-1	6.850695762092474
358	38.5227	77.3864	59	None	None	1	-5	7.499313191639712
359	38.5227	77.3864	71	None	None	1	-1	8.102073476070982
360	38.8636	38.9489	67	None	None	1	-2	11.143140661277878
361	38.9489	39.0341	66	None	None	1	-3	11.5084147872882
362	39.0341	39.1193	67	None	None	1	-1	9.864939629848095
363	39.1193	39.2045	59	None	None	1	-5	9.396651729019538
364	39.2045	39.5455	60	None	None	1	-4	10.137804713730855
365	39.5455	39.6307	66	None	None	1	-2	11.692737310385965
366	39.6307	39.7159	65	None	None	1	-3	11.068236385271549
367	39.7159	39.8011	66	None	None	1	-1	8.375002334119452
368	39.8011	39.8864	58	None	None	1	-5	8.476312427654854
369	39.8864	40.2273	59	None	None	1	-4	8.333737688147608
370	40.2273	40.3125	64	None	None	1	-2	11.143140661277894
371	40.3125	40.3977	63	None	None	1	-3	15.522895262504868
372	40.3977	40.4830	64	None	None	1	-1	15.00928132284262
373	40.4830	40.5682	55	None	None	1	-5	15.803044254617074
374	40.5682	40.9091	57	None	None	1	-4	19.26190100795234
375	40.9091	40.9943	63	None	None	1	-2	20.99181169400274
376	40.9943	41.0795	62	None	None	1	-3	21.93659697007635
377	41.0795	41.1648	63	None	None	1	-1	17.539000876424183
378	41.1648	41.2500	54	None	None	1	-2	16.604206836108684
379	41.2500	41.3352	55	None	None	1	-2	15.872480280455743
380	41.3352	41.4205	57	None	None	1	-1	16.55985977212966
381	41.4205	41.5057	54	None	None	1	-3	14.437647287953984
382	41.5057	41.5909	55	None	None	1	-1	10.880241503554345
383	41.5909	41.6761	54	None	None	1	-2	9.09982471516212
384	41.6761	41.7614	55	None	None	1	-1	7.431989482909709
385	41.7614	41.8466	52	None	None	1	-3	6.819807186678337
386	41.8466	41.9318	55	None	None	1	-1	5.4374427889765204
387	41.9318	42.0170	52	None	None	1	-3	4.147735904177616
388	42.0170	42.1023	54	None	None	1	-2	4.283669295939229
389	42.1023	42.1875	50	None	None	1	-3	4.843470639789652
390	42.1875	42.2727	52	None	None	1	-2	4.843470639789652
391	42.2727	42.3580	50	None	None	1	-3	4.843470639789635
392	42.3580	42.4432	52	None	None	1	-2	4.843470639789635
393	42.4432	42.5284	48	None	None	1	-3	4.843470639789635
394	42.5284	42.6136	50	None	None	1	-2	4.843470639789654
395	42.6136	42.6989	48	None	None	1	-3	4.843470639789655
396	42.6989	42.7841	50	None	None	1	-2	4.843470639789655
397	42.7841	42.8693	47	None	None	1	-3	4.84347063978965
398	42.8693	42.9545	48	None	None	1	-2	4.843470639789655
399	42.9545	43.0398	47	None	None	1	-3	4.843470639789659
400	43.0398	43.1250	48	None	None	1	-2	4.843470639789665
401	43.1250	43.2102	45	None	None	1	-3	4.095004382120954
402	43.2102	43.2955	47	None	None	1	-2	4.890359333917598
403	43.2955	43.3807	45	None	None	1	-3	4.890359333917593
404	43.3807	43.4659	47	None	None	1	-2	5.909463549086275
405	43.4659	43.5511	43	None	None	1	-5	6.777402572565272
406	43.5511	43.6364	45	None	None	1	-4	11.667362646574409
407	43.6364	43.7216	43	None	None	1	-5	11.460745643945137
408	43.7216	43.8068	45	None	None	1	-4	12.997253580453062
409	43.8068	43.8920	42	None	None	1	-5	14.559385795302186
410	43.8920	43.9773	43	None	None	1	-4	18.565618145092806
411	43.9773	44.1477	41	None	None	1	-5	18.35900114246354
412	44.3182	44.4034	49	None	None	1	-2	20.049936702697366
413	44.4034	44.4886	50	None	None	1	-1	20.049936702697444
414	44.4886	44.5739	48	None	None	1	-4	15.349683513487214
415	44.5739	44.6591	49	None	None	1	-3	17.25739604635312
416	44.6591	44.7443	49	None	None	1	-2	15.178868438991167
417	44.7443	44.8295	50	None	None	1	-1	15.178868438991165
418	44.8295	44.9148	48	None	None	1	-4	10.478615249780933
419	44.9148	45.0000	49	None	None	1	-3	11.000788781770416
420	45.0000	45.0852	49	None	None	1	-2	8.922261174408462
421	45.0852	45.1705	50	None	None	1	-1	8.92226117440838
422	45.1705	45.2557	48	None	None	1	-5	4.151660336936393
423	45.2557	45.3409	49	None	None	1	-4	3.9619534521374846
424	45.3409	45.4261	49	None	None	1	-4	3.9619534521374846
425	45.4261	45.5114	50	None	None	1	-3	4.906738728211101
426	45.5114	45.5966	48	None	None	1	-5	4.151660336936393
427	45.5966	45.6818	49	None	None	1	-4	3.9619534521374846
428	45.6818	45.7670	49	None	None	1	-4	3.9619534521374846
429	45.7670	45.8523	50	None	None	1	-3	4.906738728211101
430	45.8523	45.9375	48	None	None	1	-5	4.151660336936393
431	45.9375	46.0227	49	None	None	1	-4	3.9619534521374846
432	46.0227	46.1080	49	None	None	1	-5	5.682249975654859
433	46.1080	46.1932	50	None	None	1	0	-1
434	46.1932	46.2784	48	None	None	1	0	-1
435	46.2784	46.3636	49	None	None	1	0	-1
436	46.3636	46.4489	49	None	None	1	0	-1
437	46.4489	46.5341	50	None	None	1	0	-1
438	46.5341	46.6193	48	None	None	1	0	-1
439	46.6193	46.7045	49	None	None	1	0	-1
440	46.7045	46.8750	50	None	None	1	-5	34.6339734091096
441	47.0455	47.1307	80	None	None	1	-1	12.722677475898292
442	47.1307	47.2159	74	None	None	1	-2	10.579732690622228
443	47.2159	47.3011	71	None	None	1	-3	9.918811471418815
444	47.3011	47.3864	65	None	None	1	-5	13.988014899211183
445	47.3864	47.4716	77	None	None	1	-1	13.988014899211183
446	47.4716	47.5568	71	None	None	1	-2	11.128593339176142
447	47.5568	47.6420	68	None	None	1	-3	12.093974583698493
448	47.6420	47.7273	62	None	None	1	-5	13.901358457493401
449	47.7273	47.8125	74	None	None	1	-1	17.18111305872039
450	47.8125	47.8977	68	None	None	1	-2	15.566542506573153
451	47.8977	47.9830	65	None	None	1	-3	16.50819456616997
452	47.9830	48.0682	59	None	None	1	-5	16.415162138474976
453	48.0682	48.1534	71	None	None	1	-1	16.41516213847504
454	48.1534	48.2386	65	None	None	1	-2	15.774164962508543
455	48.2386	48.3239	62	None	None	1	-3	15.2458029019379
456	48.3239	48.4091	56	None	None	1	-5	16.50181858019282
457	48.4091	48.4943	68	None	None	1	-1	12.722677475898353
458	48.4943	48.5795	62	None	None	1	-2	10.579732690622292
459	48.5795	48.6648	59	None	None	1	-3	9.91881147141886
460	48.6648	48.7500	53	None	None	1	-5	13.988014899211233
461	48.7500	48.8352	65	None	None	1	-1	19.116849255039366
462	48.8352	48.9205	59	None	None	1	-2	16.259393098837098
463	48.9205	49.0057	56	None	None	1	-3	18.11653595597995
464	49.0057	49.0909	50	None	None	1	-5	22.66920661524568
465	49.0909	49.1761	62	None	None	1	-1	22.110047982467417
466	49.1761	49.2614	56	None	None	1	-2	21.73888233829564
467	49.2614	49.3466	53	None	None	1	-1	16.34492966520188
468	49.3466	49.4318	47	None	None	1	-3	21.600163865221337
469	49.4318	49.6023	43	None	None	1	-5	21.441092874861997
470	49.7727	49.8580	51	None	None	1	-2	23.132028435095823
471	49.8580	49.9432	52	None	None	1	-1	23.132028435095826
472	49.9432	50.0284	50	None	None	1	-4	18.343402473463794
473	50.0284	50.1136	51	None	None	1	-3	20.316846820527843
474	50.1136	50.1989	51	None	None	1	-2	18.238319213165887
475	50.1989	50.2841	52	None	None	1	-1	18.238319213165887
476	50.2841	50.3693	50	None	None	1	-4	13.255740578440026
477	50.3693	50.4545	51	None	None	1	-3	13.478439964943094
478	50.4545	50.5398	51	None	None	1	-2	11.399912357581139
479	50.5398	50.6250	52	None	None	1	-1	11.399912357581139
480	50.6250	50.7102	50	None	None	1	-5	6.277841075080297
481	50.7102	50.7955	51	None	None	1	-4	5.778829486804909
482	50.7955	50.8807	51	None	None	1	-4	5.778829486804909
483	50.8807	50.9659	52	None	None	1	-3	6.723614762878606
484	50.9659	51.0511	50	None	None	1	-5	6.277841075080347
485	51.0511	51.1364	51	None	None	1	-4	5.778829486804957
486	51.1364	51.2216	51	None	None	1	-4	5.778829486804957
487	51.2216	51.3068	52	None	None	1	-3	6.723614762878574
488	51.3068	51.3920	50	None	None	1	-5	6.2778410750803415
489	51.3920	51.4773	51	None	None	1	-4	5.778829486804954
490	51.4773	51.5625	51	None	None	1	-5	7.869889960074012
491	51.5625	51.6477	52	None	None	1	0	-1
492	51.6477	51.7330	50	None	None	1	0	-1
493	51.7330	51.8182	51	None	None	1	0	-1
494	51.8182	51.9034	51	None	None	1	0	-1
495	51.9034	51.9886	52	None	None	1	0	-1
496	51.9886	52.0739	50	None	None	1	0	-1
497	52.0739	52.1591	51	None	None	1	0	-1
498	52.1591	52.3295	52	None	None	1	-5	18.139751484048197
499	52.5000	52.5852	79	None	None	1	-1	16.891126205083207
500	52.5852	52.6705	73	None	None	1	-2	15.276555652935972
501	52.6705	52.7557	70	None	None	1	-3	15.586305872042002
502	52.7557	52.8409	64	None	None	1	-5	18.237248028045613
503	52.8409	52.9261	76	None	None	1	-1	21.5170026292726
504	52.9261	53.0114	70	None	None	1	-2	19.902432077125365
505	53.0114	53.0966	67	None	None	1	-3	20.051674944006265
506	53.0966	53.1818	61	None	None	1	-5	21.23538562664332
507	53.1818	53.2670	73	None	None	1	-1	17.456244522348857
508	53.2670	53.3523	67	None	None	1	-2	15.313299737072791
509	53.3523	53.4375	64	None	None	1	-3	15.842465186483642
510	53.4375	53.5227	58	None	None	1	-5	16.609509202453925
511	53.5227	53.6080	70	None	None	1	-1	12.83036809815945
512	53.6080	53.6932	64	None	None	1	-2	10.687423312883386
513	53.6932	53.7784	61	None	None	1	-3	10.774968351348683
514	53.7784	53.8636	55	None	None	1	-5	13.611371603856226
515	53.8636	53.9489	67	None	None	1	-1	16.891126205083214
516	53.9489	54.0341	61	None	None	1	-2	15.276555652935983
517	54.0341	54.1193	58	None	None	1	-3	15.586305872042015
518	54.1193	54.2045	52	None	None	1	-5	18.23724802804552
519	54.2045	54.2898	64	None	None	1	-1	18.043363521277588
520	54.2898	54.3750	58	None	None	1	-2	15.77395072548443
521	54.3750	54.4602	55	None	None	1	-3	16.275265361768387
522	54.4602	54.5455	49	None	None	1	-5	21.184336352127687
523	54.5455	54.6307	61	None	None	1	-1	16.273381049761362
524	54.6307	54.7159	55	None	None	1	-2	15.934993670269774
525	54.7159	54.8011	52	None	None	1	-1	23.642706203135653
526	54.8011	54.8864	46	None	None	1	-4	21.759187846917925
527	54.8864	54.9716	47	None	None	1	-4	22.98676599474147
528	54.9716	55.0568	51	None	None	1	-2	23.113234005258565
529	55.0568	55.1420	55	None	None	1	-1	22.674048105949957
530	55.1420	55.2273	56	None	None	1	-3	19.84579316389136
531	55.2273	55.3125	58	None	None	1	-1	22.888825591586585
532	55.3125	55.3977	59	None	None	1	-4	13.835692375109527
533	55.3977	55.4830	61	None	None	1	-3	14.802760736196275
534	55.4830	55.5682	63	None	None	1	-2	18.7289219982471
535	55.5682	55.6534	64	None	None	1	-1	18.04336352127763
536	55.6534	55.7386	58	None	None	1	-2	15.773950725484472
537	55.7386	55.8239	55	None	None	1	-3	16.27526536176844
538	55.8239	55.9091	49	None	None	1	-5	19.62636089200505
539	55.9091	55.9943	61	None	None	1	-1	16.273381049761415
540	55.9943	56.0795	55	None	None	1	-2	15.934993670269748
541	56.0795	56.1648	52	None	None	1	-3	23.18814879735124
542	56.1648	56.2500	46	None	None	1	-5	22.30120751777192
543	56.2500	56.3352	47	None	None	1	-4	21.06827344434701
544	56.3352	56.4205	51	None	None	1	-2	21.901334112377004
545	56.4205	56.5057	55	None	None	1	-1	21.50486171973898
546	56.5057	56.5909	56	None	None	1	-4	17.202497808939473
547	56.5909	56.6761	58	None	None	1	-3	21.698729184925423
548	56.6761	56.7614	59	None	None	1	-2	21.25067922874664
549	56.7614	56.8466	61	None	None	1	-1	19.462148213068364
550	56.8466	56.9318	63	None	None	1	-2	17.09592462751964
551	56.9318	57.0170	66	None	None	1	-1	17.58063589443949
552	57.0170	57.1023	60	None	None	1	-2	14.515868146849668
553	57.1023	57.1875	57	None	None	1	-3	14.294132826954826
554	57.1875	57.2727	51	None	None	1	-5	17.928620118804076
555	57.2727	57.3580	63	None	None	1	-1	15.807673580679655
556	57.3580	57.4432	57	None	None	1	-2	31.827889765313685
557	57.4432	57.5284	54	None	None	1	-3	31.976881877495984
558	57.5284	57.6136	48	None	None	1	-5	29.527188625962253
559	57.6136	57.6989	49	None	None	1	-4	31.067017236343002
560	57.6989	57.7841	53	None	None	1	-3	29.678761320479726
561	57.7841	57.8693	57	None	None	1	-2	29.79541338007656
562	57.8693	57.9545	58	None	None	1	-3	28.45003338758879
563	57.9545	58.0398	60	None	None	1	-1	26.068788865239984
564	58.0398	58.1250	61	None	None	1	-4	8.612220552842793
565	58.1250	58.2102	63	None	None	1	-3	8.683332637758555
566	58.2102	58.2955	65	None	None	1	-2	12.150435082008217
567	58.2955	58.3807	68	None	None	1	-1	17.33711343433101
568	58.3807	58.4659	62	None	None	1	-2	15.194168649054951
569	58.4659	58.5511	59	None	None	1	-3	15.411083635908586
570	58.5511	58.6364	54	None	None	1	-5	18.113531363465853
571	58.6364	58.7216	65	None	None	1	-1	22.116335920871627
572	58.7216	58.8068	59	None	None	1	-2	19.030358707900568
573	58.8068	58.8920	56	None	None	1	-3	20.51427388951512
574	58.8920	58.9773	50	None	None	1	-5	23.39672592963586
575	58.9773	59.0625	69	None	None	1	-1	40.672799549267395
576	59.0625	59.1477	63	None	None	1	-2	38.56052961061708
577	59.1477	59.2330	60	None	None	1	-3	37.985035404754775
578	59.2330	59.3182	54	None	None	1	-5	39.05133654688852
579	59.3182	59.4034	66	None	None	1	-1	33.82609553023648
580	59.4034	59.4886	60	None	None	1	-2	30.887795793163743
581	59.4886	59.5739	57	None	None	1	-3	32.140011198753385
582	59.5739	59.6591	51	None	None	1	-5	32.907055214723776
583	59.6591	59.7443	70	None	None	1	-1	10.863404421073087
584	59.7443	59.8295	64	None	None	1	0	-1
585	59.8295	59.9148	61	None	None	1	0	-1
586	59.9148	60.0000	57	None	None	1	0	-1
587	60.0000	60.0852	67	None	None	1	0	-1
588	60.0852	60.1705	61	None	None	1	0	-1
589	60.1705	60.2557	58	None	None	1	0	-1
590	60.2557	60.3409	52	None	None	1	0	-1
591	60.3409	121.0227	56	None	None	1	-5	18.285590850076353
592	60.3409	121.0227	63	None	None	1	-4	15.402955178220836
593	60.3409	121.0227	66	None	None	1	-3	15.168998609908428
594	60.3409	121.0227	69	None	None	1	-1	14.385212457410628
595	60.6818	60.8523	68	None	None	1	-2	19.830233328955735
596	61.4489	61.5341	72	None	None	1	-4	18.85520637702939
597	61.5341	61.6193	73	None	None	1	-3	18.85520637702939
598	61.6193	61.7045	76	None	None	1	-1	18.85520637702939
599	61.7045	61.7898	75	None	None	1	-2	18.85520637702939
600	61.7898	61.8750	66	None	None	1	-5	18.855206377029265
601	61.8750	61.9602	68	None	None	1	-4	18.855206377029273
602	61.9602	62.0455	71	None	None	1	-2	18.855206377029273
603	62.0455	62.1307	69	None	None	1	-1	18.855206377029525
604	62.1307	62.2159	60	None	None	1	-4	17.949090883797467
605	62.2159	62.3011	61	None	None	1	-3	17.74624737420549
606	62.3011	62.3864	64	None	None	1	-1	17.48285060445463
607	62.3864	62.4716	63	None	None	1	0	-1
608	62.4716	62.5568	54	None	None	1	0	-1
609	62.5568	62.6420	56	None	None	1	0	-1
610	62.6420	62.7273	59	None	None	1	0	-1
611	62.7273	62.8125	57	None	None	1	0	-1
612	62.8125	62.8977	54	None	None	1	0	-1
613	62.8977	62.9830	50	None	None	1	0	-1
614	62.9830	63.0682	49	None	None	1	-1	9.14267729898038
615	63.0682	126.3068	36	None	None	1	-5	5.066870144963817
616	63.0682	126.3068	48	None	None	1	-2	2.93298580301685
617	64.4318	129.2045	44	None	None	1	-5	2.9030181855975528
618	64.4318	129.2045	51	None	None	1	0	-1
619	64.4318	129.2045	54	None	None	1	0	-1
620	64.4318	129.2045	60	None	None	1	0	-1
621	65.7955	131.9318	44	None	None	1	0	-1
622	65.7955	131.9318	51	None	None	1	0	-1
623	65.7955	131.9318	54	None	None	1	0	-1
624	65.7955	131.9318	60	None	None	1	0	-1
625	68.1818	68.2670	44	None	None	1	0	-1
626	68.2670	68.3523	42	None	None	1	0	-1
627	68.3523	68.4375	40	None	None	1	0	-1
628	68.4375	68.5227	39	None	None	1	0	-1
629	68.5227	68.6932	37	None	None	1	0	-1
630	68.8636	137.8977	66	None	None	1	-3	2.3920103092783727
631	68.8636	137.8977	69	None	None	1	-2	2.325405007363791
632	69.2045	138.5795	64	None	None	1	-4	2.5783096056292107
633	69.2045	138.5795	68	None	None	1	-1	1.8650939757346299
634	69.5455	139.2614	63	None	None	1	-2	1.3836506767655588
635	69.5455	139.2614	66	None	None	1	-1	1.4318465530542133
636	69.8864	139.9432	61	None	None	1	-3	2.2895443228837906
637	69.8864	139.9432	64	None	None	1	-2	2.2138079458587536
638	70.2273	140.6250	57	None	None	1	-5	3.0642865909250268
639	70.2273	140.6250	61	None	None	1	-3	6.55827459849918
640	70.2273	140.6250	66	None	None	1	-1	6.071725752156517
641	70.5682	141.3068	56	None	None	1	-4	7.033754996844077
642	70.5682	141.3068	61	None	None	1	-2	13.481848306333
643	70.5682	141.3068	64	None	None	1	-1	14.592378497791062
644	70.9091	141.9886	54	None	None	1	-5	14.770726383337047
645	70.9091	141.9886	61	None	None	1	-2	14.860464443509569
646	70.9091	141.9886	63	None	None	1	-1	13.059981707459823
647	71.2500	142.6705	49	None	None	1	-5	12.406666257568538
648	71.2500	142.6705	56	None	None	1	-4	15.852621443766711
649	71.2500	142.6705	64	None	None	1	-1	17.866318056432384
650	71.5909	143.3523	44	None	None	1	-5	17.47944923673935
651	71.5909	143.3523	54	None	None	1	-2	18.14771138696021
652	71.5909	143.3523	60	None	None	1	-1	17.65308810809539
653	71.9318	144.0341	49	None	None	1	-5	19.913250420442996
654	71.9318	144.0341	52	None	None	1	-4	22.921279871791512
655	71.9318	144.0341	61	None	None	1	-1	24.400207937863286
656	72.2727	144.7159	44	None	None	1	-5	22.031832082366464
657	72.2727	144.7159	56	None	None	1	-1	20.873034542732064
658	72.6136	145.3977	37	None	None	1	-5	15.969370205126653
659	72.6136	145.3977	49	None	None	1	-2	17.26658496732019
660	72.7841	145.7386	45	None	None	1	-5	26.13785156919952
661	72.7841	145.7386	57	None	None	1	-1	28.38407005659464
662	72.9545	146.0795	44	None	None	1	-5	25.80795532498774
663	72.9545	146.0795	56	None	None	1	-1	25.46593851826505
664	73.1250	146.4205	43	None	None	1	-5	23.66298620236936
665	73.1250	146.4205	55	None	None	1	-1	22.89545055825488
666	73.2955	146.7614	44	None	None	1	-5	23.980669264492754
667	73.2955	146.7614	56	None	None	1	-1	22.048912267215332
668	73.4659	147.1023	37	None	None	1	-5	14.975200515497033
669	73.4659	147.1023	49	None	None	1	-1	11.680876650981707
670	73.6364	147.3580	39	None	None	1	-5	11.789134181279843
671	73.6364	147.3580	51	None	None	1	-1	9.152128458745405
672	73.7216	73.8068	49	None	None	1	-2	8.112864655064508
673	73.8068	73.8920	47	None	None	1	-3	9.94459121071751
674	73.8920	73.9773	46	None	None	1	-4	8.894133522529811
675	73.9773	148.0398	44	None	None	1	-5	9.714229720518219
676	73.9773	148.0398	44	None	None	1	-4	8.938691693446264
677	74.0625	74.1477	46	None	None	1	-3	12.045639789658203
678	74.1477	74.2330	43	None	None	1	-5	9.895530236634457
679	74.2330	74.3182	44	None	None	1	-4	10.224651864835986
680	74.3182	74.4034	46	None	None	1	-3	12.812294283766551
681	74.4034	74.4886	47	None	None	1	-2	16.162870219662736
682	74.4886	74.5739	44	None	None	1	-5	9.973484690399477
683	74.5739	74.6591	46	None	None	1	-4	9.550123116731138
684	74.6591	74.7443	47	None	None	1	-3	8.871420224531379
685	74.7443	74.8295	49	None	None	1	-2	10.6751888485453
686	74.8295	74.9148	46	None	None	1	-5	7.543762781186144
687	74.9148	75.0000	47	None	None	1	-4	8.024849060278353
688	75.0000	75.0852	49	None	None	1	-3	8.734752653617573
689	75.0852	75.1705	51	None	None	1	-2	8.734752653617536
690	75.1705	75.2557	47	None	None	1	-5	6.314397701820995
691	75.2557	75.3409	49	None	None	1	-4	7.343531850367827
692	75.3409	75.4261	51	None	None	1	-3	9.49566900379772
693	75.4261	75.5114	52	None	None	1	-2	8.639631414938085
694	75.5114	75.5966	51	None	None	1	-4	6.471411877634558
695	75.5966	75.6818	56	None	None	1	-2	7.688063937231493
696	75.6818	75.7670	49	None	None	1	-4	7.584074120445677
697	75.7670	75.8523	51	None	None	1	-3	8.606666388436786
698	75.8523	75.9375	49	None	None	1	-5	9.97018557934431
699	75.9375	76.0227	56	None	None	1	-1	8.00638189836265
700	76.0227	76.1080	47	None	None	1	-5	9.01193780170549
701	76.1080	76.1932	49	None	None	1	-4	9.507414479084058
702	76.1932	76.2784	47	None	None	1	-5	11.989162945341727
703	76.2784	76.3636	56	None	None	1	-1	10.3194531391288
704	76.3636	76.4489	46	None	None	1	-5	11.696378142258956
705	76.4489	76.5341	47	None	None	1	-4	13.243999624389597
706	76.5341	76.6193	46	None	None	1	-5	12.225187805183534
707	76.6193	76.7045	55	None	None	1	-1	14.979204749384609
708	76.7045	76.7898	44	None	None	1	-5	14.182128250073248
709	76.7898	76.9602	52	None	None	1	-3	13.474220956276211
710	76.8750	76.9602	59	None	None	1	-1	12.699118359000128
711	76.9602	154.0057	51	None	None	1	-3	12.000345352865066
712	76.9602	154.0057	51	None	None	1	-2	12.787987771795715
713	77.0455	77.1307	43	None	None	1	-5	11.796739841130657
714	77.1307	77.3011	52	None	None	1	-3	10.06317279467998
715	77.2159	77.3011	58	None	None	1	-1	11.911797295605027
716	77.3011	154.6875	51	None	None	1	-3	12.2202986102413
717	77.3011	154.6875	51	None	None	1	-2	13.445305913776231
718	77.3864	77.4716	44	None	None	1	-5	14.182128250072658
719	77.4716	77.6420	52	None	None	1	-3	13.474220956275833
720	77.5568	77.6420	59	None	None	1	-1	12.699118358999666
721	77.6420	155.3693	51	None	None	1	-3	15.977120111848286
722	77.6420	155.3693	51	None	None	1	-2	17.331965853826144
723	77.7273	77.8125	43	None	None	1	-5	16.679841629903404
724	77.8125	77.9830	52	None	None	1	-3	14.258495177212035
725	77.8977	77.9830	58	None	None	1	-1	14.724327031426089
726	77.9830	156.0511	51	None	None	1	-3	13.892313244316208
727	77.9830	156.0511	51	None	None	1	-2	12.314926093136805
728	78.0682	156.3068	44	None	None	1	-5	13.216026016015668
729	78.0682	156.3068	56	None	None	1	-2	8.403794374892788
730	78.2386	78.4091	61	None	None	1	-1	5.102473846681512
731	78.4091	78.5795	59	None	None	1	-3	4.075523066369399
732	78.5795	78.7500	64	None	None	1	-1	4.022041673812371
733	78.7500	78.9205	63	None	None	1	-2	3.433858668651547
734	78.9205	79.0909	66	None	None	1	-1	3.5812609285245554
735	79.0909	79.2614	64	None	None	1	-2	3.2421234178501823
736	79.2614	158.6932	56	None	None	1	-5	2.911238722293027
737	79.2614	158.6932	63	None	None	1	-4	2.5682012471164213
738	79.2614	158.6932	66	None	None	1	-3	2.3268676002556146
739	79.4318	159.0341	61	None	None	1	-5	1.96047106127675
740	79.4318	159.0341	64	None	None	1	-4	1.8438962526591507
741	79.7727	159.7159	66	None	None	1	-3	2.3920103092783727
742	79.7727	159.7159	69	None	None	1	-2	2.325405007363791
743	80.1136	160.3977	64	None	None	1	-4	2.5783096056292107
744	80.1136	160.3977	68	None	None	1	-1	1.8650939757346299
745	80.4545	161.0795	63	None	None	1	-2	1.3836506767655588
746	80.4545	161.0795	66	None	None	1	-1	1.4318465530542133
747	80.7955	161.7614	61	None	None	1	-3	2.2895443228837906
748	80.7955	161.7614	64	None	None	1	-2	2.2138079458587536
749	81.1364	162.4432	57	None	None	1	-5	3.0642865909250268
750	81.1364	162.4432	61	None	None	1	-3	6.55827459849918
751	81.1364	162.4432	66	None	None	1	-1	6.071725752156517
752	81.4773	163.1250	56	None	None	1	-4	7.033754996844077
753	81.4773	163.1250	61	None	None	1	-2	13.481848306332783
754	81.4773	163.1250	64	None	None	1	-1	14.592378497790799
755	81.8182	163.8068	54	None	None	1	-5	14.770726383336763
756	81.8182	163.8068	61	None	None	1	-2	16.905823953292636
757	81.8182	163.8068	63	None	None	1	-1	15.015249579213107
758	82.1591	164.4886	49	None	None	1	-5	16.308309517965363
759	82.1591	164.4886	56	None	None	1	-4	14.892215588984845
760	82.1591	164.4886	64	None	None	1	-1	16.180870269069928
761	82.5000	165.1705	44	None	None	1	-5	9.937710685648973
762	82.5000	165.1705	54	None	None	1	-2	8.572025855015694
763	82.5000	165.1705	60	None	None	1	-1	8.680076033850115
764	82.8409	165.8523	45	None	None	1	-5	6.635070101924024
765	82.8409	165.8523	52	None	None	1	-4	4.710970118287904
766	82.8409	165.8523	61	None	None	1	-1	3.9577668782289335
767	83.1818	166.7045	53	None	None	1	-5	7.734711547849346
768	83.1818	166.7045	59	None	None	1	-4	8.55559000232391
769	83.1818	166.7045	62	None	None	1	-2	11.297304611584403
770	83.1818	166.7045	65	None	None	1	-1	14.628466354632126
771	83.5227	167.2159	54	None	None	1	-5	19.160318373790286
772	83.5227	167.2159	57	None	None	1	-4	20.12600946122182
773	83.5227	167.2159	61	None	None	1	-3	24.56395511076291
774	83.5227	167.2159	66	None	None	1	-1	27.37940747727651
775	83.6932	167.5568	50	None	None	1	-5	30.806862030526368
776	83.6932	167.5568	62	None	None	1	-1	33.053080517921316
777	83.8636	167.8977	49	None	None	1	-5	31.087827988338102
778	83.8636	167.8977	61	None	None	1	-1	28.49959269422052
779	84.0341	168.2386	45	None	None	1	-5	23.88670157557377
780	84.0341	168.2386	57	None	None	1	-1	23.83793114715696
781	84.2045	168.5795	42	None	None	1	-5	19.082636113572427
782	84.2045	168.5795	54	None	None	1	-1	15.828627761765446
783	84.3750	168.9205	37	None	None	1	-5	9.096665792052132
784	84.3750	168.9205	49	None	None	1	-1	7.634884044588369
785	84.5455	169.4318	38	None	None	1	-5	7.070150635887436
786	84.5455	169.4318	50	None	None	1	-1	7.244079593973727
787	84.8864	84.9716	41	None	None	1	-4	8.880579900672034
788	84.9716	85.0568	42	None	None	1	-3	9.931412503651995
789	85.0568	85.1420	40	None	None	1	-5	8.449401110137426
790	85.1420	85.2273	41	None	None	1	-4	9.985996689064269
791	85.2273	85.3125	42	None	None	1	-3	11.036829292043983
792	85.3125	85.3977	44	None	None	1	-2	13.814702015775799
793	85.3977	85.4830	41	None	None	1	-5	10.529886064855322
794	85.4830	85.5682	42	None	None	1	-4	10.135957736877906
795	85.5682	85.6534	44	None	None	1	-3	10.118429253091756
796	85.6534	85.7386	45	None	None	1	-2	10.118429253091756
797	85.7386	85.8239	42	None	None	1	-5	5.34874866101861
798	85.8239	85.9091	44	None	None	1	-4	5.114694712240693
799	85.9091	85.9943	45	None	None	1	-3	5.231346771837631
800	85.9943	86.0795	47	None	None	1	-2	6.979226312201848
801	86.0795	86.1648	45	None	None	1	-4	5.7488095238095855
802	86.1648	86.2500	47	None	None	1	-3	6.588511539585149
803	86.2500	86.3352	41	None	None	1	-5	7.772974486318155
804	86.3352	86.4205	42	None	None	1	-4	8.102096114519387
805	86.4205	86.5057	40	None	None	1	-5	8.449401110137277
806	86.5057	86.5909	41	None	None	1	-4	9.985996689064203
807	86.5909	86.6761	42	None	None	1	-3	11.036829292044082
808	86.6761	86.7614	44	None	None	1	-2	13.81470201577585
809	86.7614	86.8466	41	None	None	1	-5	10.529886064855374
810	86.8466	86.9318	42	None	None	1	-4	10.135957736878094
811	86.9318	87.0170	44	None	None	1	-3	12.694415230304706
812	87.0170	87.1023	45	None	None	1	-2	17.10791216281997
813	87.1023	87.1875	42	None	None	1	-5	11.24579316389106
814	87.1875	87.2727	44	None	None	1	-4	11.056086279092193
815	87.2727	87.3580	45	None	None	1	-3	10.776604343168461
816	87.3580	87.4432	47	None	None	1	-2	14.631465019545798
817	87.4432	87.5284	45	None	None	1	-5	9.173843606972513
818	87.5284	87.6136	47	None	None	1	-4	10.02838779683625
819	87.6136	87.6989	48	None	None	1	-3	9.34968490463649
820	87.6989	87.7841	49	None	None	1	-2	10.973173072909823
821	87.7841	87.8693	46	None	None	1	-5	6.251037101957272
822	87.8693	87.9545	48	None	None	1	-4	7.787632680884159
823	87.9545	88.0398	49	None	None	1	-3	9.495783425844808
824	88.0398	88.1250	51	None	None	1	-2	12.544945953841488
825	88.1250	88.2102	48	None	None	1	-5	8.790870581361368
826	88.2102	88.2955	49	None	None	1	-4	10.224651864835788
827	88.2955	88.3807	51	None	None	1	-3	10.680480085694706
828	88.3807	88.4659	52	None	None	1	-2	9.915235173824136
829	88.4659	88.5511	49	None	None	1	-5	5.291411042944757
830	88.5511	88.6364	51	None	None	1	-4	5.780407050345746
831	88.6364	88.7216	52	None	None	1	-3	5.101704158145863
832	88.7216	88.8068	54	None	None	1	-2	6.125586717304539
833	88.8068	88.8920	51	None	None	1	-4	5.773166812737312
834	88.8920	88.9773	52	None	None	1	-3	5.091211412990564
835	88.9773	89.0625	48	None	None	1	-5	5.353678547083432
836	89.0625	89.1477	49	None	None	1	-4	6.787459830558065
837	89.1477	89.2330	47	None	None	1	-5	7.1347648261758945
838	89.2330	89.3182	48	None	None	1	-4	7.787632680884143
839	89.3182	89.4034	49	None	None	1	-3	8.04968351348711
840	89.4034	89.4886	51	None	None	1	-2	13.431585353978104
841	89.4886	89.5739	48	None	None	1	-5	9.920337910215457
842	89.5739	89.6591	49	None	None	1	-4	9.730631025416503
843	89.6591	89.7443	51	None	None	1	-3	12.186405687019503
844	89.7443	89.8295	52	None	None	1	-2	13.138930275587024
845	89.8295	89.9148	49	None	None	1	-5	9.422063978966042
846	89.9148	90.0000	51	None	None	1	-4	10.027712045963728
847	90.0000	90.0852	53	None	None	1	-3	11.701438796377694
848	90.0852	90.1705	54	None	None	1	-2	12.529572012854334
849	90.1705	90.2557	52	None	None	1	-5	8.449401110137277
850	90.2557	90.3409	53	None	None	1	-4	9.985996689064203
851	90.3409	90.4261	54	None	None	1	-3	11.036829292044082
852	90.4261	90.5114	56	None	None	1	-2	13.81470201577586
853	90.5114	90.5966	53	None	None	1	-5	10.529886064855383
854	90.5966	90.6818	54	None	None	1	-4	10.135957736878103
855	90.6818	90.7670	56	None	None	1	-3	12.694415230304722
856	90.7670	90.8523	57	None	None	1	-2	17.10791216281997
857	90.8523	90.9375	54	None	None	1	-5	10.613891323400303
858	90.9375	91.0227	56	None	None	1	-4	11.219539390398134
859	91.0227	91.1080	57	None	None	1	-3	12.112372188138755
860	91.1080	91.1932	59	None	None	1	-2	15.131066802998907
861	91.1932	91.2784	57	None	None	1	-5	10.327604927451338
862	91.2784	91.3636	59	None	None	1	-4	10.270150452818937
863	91.3636	91.4489	60	None	None	1	-3	9.591447560619187
864	91.4489	91.5341	61	None	None	1	-2	11.214935728892533
865	91.5341	91.6193	59	None	None	1	-5	7.1347648261758545
866	91.6193	91.7045	60	None	None	1	-4	7.787632680884192
867	91.7045	91.7898	61	None	None	1	-3	9.495783425844849
868	91.7898	91.8750	63	None	None	1	-2	12.54494595384151
869	91.8750	91.9602	60	None	None	1	-5	8.790870581361387
870	91.9602	92.0455	61	None	None	1	-4	10.224651864835817
871	92.0455	92.1307	63	None	None	1	-3	12.812294283766716
872	92.1307	92.2159	64	None	None	1	-2	16.16287021966216
873	92.2159	92.3011	61	None	None	1	-5	9.973484690399788
874	92.3011	92.3864	63	None	None	1	-4	9.5501231167315
875	92.3864	92.4716	64	None	None	1	-3	8.871420224531612
876	92.4716	92.5568	66	None	None	1	-2	10.675188848545716
877	92.5568	92.6420	63	None	None	1	-5	7.543762781185985
878	92.6420	92.7273	64	None	None	1	-4	6.521170513195019
879	92.7273	92.8125	66	None	None	1	-3	6.60871555166028
880	92.8125	92.8977	68	None	None	1	-2	8.412277589972637
881	92.8977	92.9830	64	None	None	1	-4	18.644084136721798
882	92.9830	93.0682	66	None	None	1	-3	18.731629175187084
883	93.0682	93.1534	68	None	None	1	-2	18.85358360112924
884	93.1534	93.2386	69	None	None	1	-1	28.717966695880712
885	93.2386	93.3239	68	None	None	1	-2	27.073054825202092
886	93.3239	93.4091	66	None	None	1	-3	27.054321258155614
887	93.4091	93.4943	64	None	None	1	-1	20.515374288774545
888	93.4943	93.5795	63	None	None	1	-2	28.62505599376686
889	93.5795	93.6648	61	None	None	1	-3	28.563608920049877
890	93.6648	93.7500	59	None	None	1	-1	20.11612133605948
891	93.7500	93.8352	57	None	None	1	-2	30.564728795403543
892	93.8352	93.9205	56	None	None	1	-3	30.18178011490879
893	93.9205	94.0057	54	None	None	1	-4	29.888677086376305
894	94.0057	94.0909	52	None	None	1	-1	20.515374288774346
895	94.0909	94.1761	51	None	None	1	-2	28.625055993767468
896	94.1761	94.2614	49	None	None	1	-3	28.563608920050484
897	94.2614	94.3466	47	None	None	1	-1	20.11612133606029
898	94.3466	94.4318	45	None	None	1	-2	30.564728795404353
899	94.4318	94.5170	44	None	None	1	-3	30.181780114909596
900	94.5170	94.6023	42	None	None	1	-4	37.06967641862512
901	94.6023	94.6875	40	None	None	1	-1	24.538291752304765
902	94.6875	94.7727	39	None	None	1	-2	24.274102715738987
903	94.7727	94.8580	37	None	None	1	-3	30.19056677653897
904	94.8580	94.9432	35	None	None	1	-1	21.90919982586237
905	94.9432	95.0284	33	None	None	1	-3	21.304421958735624
906	95.0284	95.1136	32	None	None	1	-4	29.72842328190513
907	95.1136	190.5682	30	None	None	1	-5	38.81787589029291
908	95.1136	190.5682	42	None	None	1	-1	34.59569352041266
909	95.4545	191.2500	32	None	None	1	-5	47.74969336777421
910	95.4545	191.2500	44	None	None	1	-1	57.387628807045616
911	95.7955	191.7614	25	None	None	1	-5	51.909676182696735
912	95.7955	191.7614	37	None	None	1	-2	54.78558242148083
913	96.1364	192.4432	44	None	None	1	-2	63.04579998420545
914	96.1364	192.4432	56	None	None	1	-1	52.926769279139975
915	96.3068	96.4773	37	None	None	1	-5	54.96556003353696
916	96.4773	193.1250	46	None	None	1	-3	62.77725614055117
917	96.4773	193.1250	58	None	None	1	-1	50.53948103050721
918	96.6477	96.8182	37	None	None	1	-5	42.99712980430271
919	96.8182	193.8068	45	None	None	1	-3	50.11642752339033
920	96.8182	193.8068	57	None	None	1	-1	46.50610339373848
921	96.9886	97.1591	37	None	None	1	-5	44.27086310714766
922	97.1591	194.4886	44	None	None	1	-4	48.21070094704551
923	97.1591	194.4886	56	None	None	1	-1	40.2866513271976
924	97.3295	97.5000	37	None	None	1	-5	33.90840860153594
925	97.5000	195.1705	44	None	None	1	-4	35.490084128889606
926	97.5000	195.1705	55	None	None	1	-1	33.66907572552817
927	97.6705	97.8409	37	None	None	1	-5	27.06406372072627
928	97.8409	195.8523	44	None	None	1	-4	28.085770022294515
929	97.8409	195.8523	54	None	None	1	-1	23.463040930657883
930	98.0114	98.1818	37	None	None	1	-5	27.44725271060793
931	98.1818	196.5341	44	None	None	1	-4	35.63109767716595
932	98.1818	196.5341	51	None	None	1	-1	34.91493121057932
933	98.3523	98.5227	37	None	None	1	-5	44.087837515958554
934	98.5227	197.2159	44	None	None	1	-4	53.596455248766546
935	98.5227	197.2159	52	None	None	1	-1	54.15569894624553
936	98.6932	98.8636	37	None	None	1	-5	53.99284952076105
937	98.8636	197.8977	44	None	None	1	-4	60.8508188989885
938	98.8636	197.8977	56	None	None	1	-1	52.9267692791406
939	99.0341	99.2045	37	None	None	1	-5	54.965560033537585
940	99.2045	198.5795	46	None	None	1	-3	62.77725614055179
941	99.2045	198.5795	58	None	None	1	-1	50.53948103050783
942	99.3750	99.5455	37	None	None	1	-5	42.99712980430248
943	99.5455	199.2614	45	None	None	1	-3	50.1164275233901
944	99.5455	199.2614	57	None	None	1	-1	46.50610339373825
945	99.7159	99.8864	37	None	None	1	-5	44.27086310714742
946	99.8864	199.9432	44	None	None	1	-4	48.210700947045275
947	99.8864	199.9432	56	None	None	1	-1	40.28665132719737
948	100.0568	100.2273	37	None	None	1	-5	33.908408601535704
949	100.2273	200.6250	44	None	None	1	-4	35.49008412888951
950	100.2273	200.6250	55	None	None	1	-1	33.58192086358339
951	100.3977	100.5682	37	None	None	1	-5	24.681230587472985
952	100.5682	201.3068	44	None	None	1	-4	22.9887669353456
953	100.5682	201.3068	54	None	None	1	0	-1
954	100.7386	100.9091	37	None	None	1	0	-1
955	100.9091	201.9886	44	None	None	1	0	-1
956	100.9091	201.9886	51	None	None	1	0	-1
957	101.0795	101.2500	37	None	None	1	0	-1
958	101.2500	202.6705	37	None	None	1	0	-1
959	101.2500	202.6705	44	None	None	1	0	-1
960	101.2500	202.6705	52	None	None	1	-5	26.96364317531459
961	101.5909	101.6761	68	None	None	1	-1	20.211449856016106
962	101.6761	101.7614	67	None	None	1	-3	20.024420934017602
963	101.7614	101.8466	68	None	None	1	-1	16.031257042694175
964	101.8466	101.9318	56	None	None	1	-5	17.37089645674206
965	101.9318	102.0170	67	None	None	1	-1	17.023832477776192
966	102.0170	102.1023	66	None	None	1	-2	16.22847752597967
967	102.1023	102.1875	67	None	None	1	-1	15.485182171027647
968	102.1875	102.2727	56	None	None	1	-5	14.823694753974998
969	102.2727	102.3580	66	None	None	1	-2	13.824921747840408
970	102.3580	102.4432	65	None	None	1	-3	13.718874420934183
971	102.4432	102.5284	66	None	None	1	-1	8.151389758357395
972	102.5284	102.6136	56	None	None	1	-5	9.45804432202326
973	102.6136	102.6989	65	None	None	1	-1	9.035783147614866
974	102.6989	102.7841	64	None	None	1	-2	8.675222236133612
975	102.7841	102.8693	65	None	None	1	-1	8.570138975835738
976	102.8693	102.9545	56	None	None	1	-5	7.717972956053538
977	102.9545	103.0398	64	None	None	1	-2	7.463459371478666
978	103.0398	103.1250	63	None	None	1	-3	7.463459371478585
979	103.1250	103.2102	64	None	None	1	-2	7.463459371478584
980	103.2102	103.2955	56	None	None	1	-5	7.0089708275947915
981	103.2955	103.3807	63	None	None	1	-2	7.390040065105765
982	103.3807	103.4659	62	None	None	1	-3	6.765539139991401
983	103.4659	103.5511	63	None	None	1	-2	5.885521611507544
984	103.5511	103.6364	56	None	None	1	-3	24.221017486749588
985	103.6364	103.7216	62	None	None	1	-1	28.3954259004216
986	103.7216	103.8068	61	None	None	1	-2	28.395425900421777
987	103.8068	103.8920	62	None	None	1	-1	28.395425900421618
988	103.8920	103.9773	56	None	None	1	-3	36.951204039898585
989	103.9773	104.0625	61	None	None	1	-1	39.45456366595741
990	104.0625	104.1477	60	None	None	1	-2	40.24991861775412
991	104.1477	104.2330	61	None	None	1	-1	37.73370477025203
992	104.2330	104.3182	44	None	None	1	-5	33.472874671341145
993	104.3182	104.4034	60	None	None	1	-1	39.18014899211294
994	104.4034	104.4886	59	None	None	1	-2	39.18014899211276
995	104.4886	104.5739	60	None	None	1	-1	40.030455740579086
996	104.5739	104.6591	44	None	None	1	-5	41.26597596093688
997	104.6591	104.7443	59	None	None	1	-1	39.81987604857953
998	104.7443	104.8295	58	None	None	1	-2	39.819876048579346
999	104.8295	104.9148	59	None	None	1	-1	39.8198760485795
1000	104.9148	105.0000	44	None	None	1	-5	36.97932264930524
1001	105.0000	105.0852	58	None	None	1	-1	31.659603105045637
1002	105.0852	105.1705	57	None	None	1	-2	30.503687241767853
1003	105.1705	105.2557	58	None	None	1	-1	24.749173657192717
1004	105.2557	105.3409	44	None	None	1	-5	27.47610492049614
1005	105.3409	105.4261	57	None	None	1	-1	26.030005008138442
1006	105.4261	105.5114	56	None	None	1	-2	26.030005008138627
1007	105.5114	105.5966	57	None	None	1	-1	26.03000500813847
1008	105.5966	105.6818	44	None	None	1	-5	23.189451608864907
1009	105.6818	105.7670	56	None	None	1	-2	18.86850507074027
1010	105.7670	105.8523	55	None	None	1	-3	20.024420934018227
1011	105.8523	105.9375	56	None	None	1	-1	16.031257042694364
1012	105.9375	106.0227	44	None	None	1	-5	17.370896456742027
1013	106.0227	106.1080	55	None	None	1	-1	22.787160385626695
1014	106.1080	106.1932	54	None	None	1	-2	20.5919807186678
1015	106.1932	106.2784	55	None	None	1	-1	21.959903593339078
1016	106.2784	106.3636	44	None	None	1	-5	20.492682402381966
1017	106.3636	106.4489	54	None	None	1	-1	20.456434096711355
1018	106.4489	106.5341	53	None	None	1	-2	18.598837921404666
1019	106.5341	106.6193	54	None	None	1	-1	12.112099057467994
1020	106.6193	106.7045	44	None	None	1	-2	5.98148176610016
1021	106.7045	213.5795	37	None	None	1	-5	9.067746947019279
1022	106.7045	213.5795	44	None	None	1	0	-1
1023	106.7045	213.5795	52	None	None	1	0	-1
1024	108.0682	216.3068	49	None	None	1	0	-1
1025	108.0682	216.3068	56	None	None	1	0	-1
1026	108.0682	216.3068	64	None	None	1	0	-1
1027	109.1761	109.2614	56	None	None	1	0	-1
1028	109.2614	109.3466	49	None	None	1	0	-1
1029	109.3466	109.4318	49	None	None	1	0	-1
1030	109.4318	109.6023	37	None	None	1	0	-1
1031	110.1136	220.3977	49	None	None	1	0	-1
1032	110.1136	220.3977	56	None	None	1	0	-1
1033	110.1136	220.3977	64	None	None	1	0	-1
1034	110.7102	221.5057	25	None	None	1	0	-1
1035	110.7102	221.5057	37	None	None	1	0	-1
1036	110.7102	221.5057	49	None	None	1	0	-1
1037	110.7102	221.5057	61	None	None	1	0	-1
1038	110.7955	222.9545	25	None	None	1	0	-1
1039	110.7955	222.9545	37	None	None	1	0	-1
1040	110.7955	222.9545	49	None	None	1	0	-1
1041	110.7955	222.9545	61	None	None	1	0	-1
