//Version: PianoFingering_v170101
1	0.000000	0.500000	B-4	63	80	0	1	-0.925785
2	0.000000	0.250000	E-2	69	80	1	-5	-0.504576
3	0.250000	0.500000	G3	90	80	1	-5	-7.597455
4	0.250000	0.500000	E-4	90	80	1	-2	-4.281723
5	0.500000	2.500000	G5	63	80	0	4	-4.946245
6	0.500000	0.750000	B-3	90	80	1	-4	-4.045906
7	0.500000	0.750000	E-4	90	80	1	-2	-2.507290
8	0.500000	0.750000	G4	90	80	1	-1	-3.262923
9	0.750000	1.000000	E-3	69	80	1	-5	-5.753604
10	1.000000	1.250000	A-3	90	80	1	-3	-3.463793
11	1.000000	1.250000	D4	90	80	1	-1	-4.001517
12	1.250000	1.500000	C-4	90	80	1	-3	-4.276897
13	1.250000	1.500000	D4	90	80	1	-2	-3.046717
14	1.250000	1.500000	A-4	90	80	1	-1	-5.267467
15	1.500000	1.750000	E-2	69	80	1	-5	-4.456078
16	1.750000	2.000000	G3	90	80	1	-5	-7.597455
17	1.750000	2.000000	E-4	90	80	1	-2	-4.281723
18	2.000000	2.250000	B-3	90	80	1	-4	-4.045906
19	2.000000	2.250000	E-4	90	80	1	-2	-2.507290
20	2.000000	2.250000	G4	90	80	1	-1	-3.262923
21	2.250000	2.500000	D2	69	80	1	-5	-4.456078
22	2.500000	3.000000	F5	63	80	0	3	-2.238713
23	2.500000	2.750000	G3	90	80	1	-4	-8.234056
24	2.500000	2.750000	E-4	90	80	1	-1	-4.009808
25	2.750000	3.000000	B-3	90	80	1	-4	-4.223116
26	2.750000	3.000000	E-4	90	80	1	-2	-2.507290
27	2.750000	3.000000	G4	90	80	1	-1	-3.262923
28	3.000000	3.500000	G5	63	80	0	4	-2.883688
29	3.000000	3.250000	C2	63	80	1	-5	-4.456078
30	3.250000	3.500000	G3	90	80	1	-4	-5.094177
31	3.250000	3.500000	E4	90	80	1	-1	-3.451917
32	3.500000	5.000000	F5	63	80	0	3	-2.238713
33	3.500000	3.750000	B-3	90	80	1	-4	-6.237620
34	3.500000	3.750000	E4	90	80	1	-2	-4.383116
35	3.500000	3.750000	G4	90	80	1	-1	-2.415329
36	3.750000	4.000000	C3	63	80	1	-5	-4.212346
37	4.000000	4.250000	G3	90	80	1	-3	-3.416097
38	4.000000	4.250000	E4	90	80	1	-1	-4.439870
39	4.250000	4.500000	C4	90	80	1	-3	-4.276897
40	4.250000	4.500000	E4	90	80	1	-2	-3.046717
41	4.250000	4.500000	B-4	90	80	1	-1	-5.267467
42	4.500000	4.750000	F2	63	80	1	-5	-5.805721
43	4.750000	5.000000	F3	90	80	1	-5	-5.534856
44	4.750000	5.000000	D-4	90	80	1	-2	-4.281723
45	5.000000	6.000000	E-5	63	80	0	2	-3.032881
46	5.000000	5.250000	B-3	90	80	1	-4	-3.718276
47	5.000000	5.250000	D-4	90	80	1	-2	-2.359478
48	5.000000	5.250000	E4	90	80	1	-1	-2.464298
49	5.250000	5.500000	F2	63	80	1	-5	-5.805721
50	5.500000	5.750000	F3	90	80	1	-5	-5.534856
51	5.500000	5.750000	C4	90	80	1	-2	-2.554480
52	5.750000	6.000000	A-3	90	80	1	-4	-4.647576
53	5.750000	6.000000	C4	90	80	1	-2	-2.871001
54	5.750000	6.000000	F4	90	80	1	-1	-2.320150
55	6.000000	6.500000	B-4	63	80	0	1	-3.434905
56	6.000000	6.250000	B-2	63	80	1	-5	-6.587391
57	6.250000	6.500000	F3	90	80	1	-2	-4.203307
58	6.250000	6.500000	D4	90	80	1	-1	-5.516002
59	6.500000	7.500000	G5	63	80	0	4	-4.946245
60	6.500000	6.750000	B-3	90	80	1	-4	-5.569465
61	6.500000	6.750000	D4	90	80	1	-2	-2.871001
62	6.500000	6.750000	A-4	90	80	1	-1	-5.267467
63	6.750000	7.000000	B2	63	80	1	-5	-6.473863
64	7.000000	7.250000	G3	90	80	1	-4	-6.359022
65	7.000000	7.250000	F4	90	80	1	-1	-4.427076
66	7.250000	7.500000	D4	90	80	1	-3	-4.276897
67	7.250000	7.500000	F4	90	80	1	-2	-3.046717
68	7.250000	7.500000	G4	90	80	1	-1	-2.578439
69	7.500000	8.000000	C5	63	80	0	1	-2.857522
70	7.500000	7.750000	C3	63	80	1	-5	-4.212346
71	7.750000	8.000000	G3	90	80	1	-3	-3.416097
72	7.750000	8.000000	E-4	90	80	1	-1	-4.707497
73	8.000000	9.000000	C6	63	80	0	5	-2.242366
74	8.000000	8.250000	C4	90	80	1	-3	-5.325522
75	8.000000	8.250000	E-4	90	80	1	-2	-3.407298
76	8.000000	8.250000	G4	90	80	1	-1	-3.262923
77	8.250000	8.500000	A2	63	80	1	-5	-5.805721
78	8.500000	8.750000	G-3	90	80	1	-2	-4.731534
79	8.500000	8.750000	E-4	90	80	1	-1	-5.516002
80	8.750000	9.000000	C4	90	80	1	-3	-5.325522
81	8.750000	9.000000	E-4	90	80	1	-2	-3.407298
82	8.750000	9.000000	G-4	90	80	1	-1	-2.415329
83	9.000000	9.500000	G5	63	80	0	2	-3.071676
84	9.000000	9.250000	B-2	63	80	1	-5	-5.860818
85	9.250000	9.500000	F3	90	80	1	-4	-6.683330
86	9.250000	9.500000	E-4	90	80	1	-1	-4.244654
87	9.500000	11.000000	B-5	63	80	0	3	-3.409656
88	9.500000	9.750000	B-3	90	80	1	-4	-4.223116
89	9.500000	9.750000	E-4	90	80	1	-2	-2.507290
90	9.500000	9.750000	A-4	90	80	1	-1	-2.320150
91	9.750000	10.000000	B-1	63	80	1	-5	-4.456078
92	10.000000	10.250000	F3	90	80	1	-1	-7.515526
93	10.000000	10.250000	D4	90	80	1	-1	-7.627055
94	10.250000	10.500000	B-3	90	80	1	-5	-5.919258
95	10.250000	10.500000	A-4	90	80	1	-1	-3.610078
96	10.500000	10.750000	E-2	63	80	1	-5	-4.456078
97	10.750000	11.000000	G3	90	80	1	-5	-7.597455
98	10.750000	11.000000	E-4	90	80	1	-2	-4.281723
99	11.000000	12.000000	A-5	63	80	0	2	-2.287533
100	11.000000	11.250000	B-3	90	80	1	-4	-4.045906
101	11.000000	11.250000	E-4	90	80	1	-2	-2.507290
102	11.000000	11.250000	G4	90	80	1	-1	-3.262923
103	11.250000	11.500000	E-3	63	80	1	-5	-5.753604
104	11.500000	11.750000	G3	90	80	1	-3	-4.118108
105	11.500000	11.750000	E-4	90	80	1	-1	-4.707497
106	11.750000	12.000000	B-3	90	80	1	-4	-4.223116
107	11.750000	12.000000	E-4	90	80	1	-2	-2.507290
108	11.750000	12.000000	G4	90	80	1	-1	-3.262923
109	12.000000	12.500000	G5	63	80	0	1	-3.290753
110	12.000000	12.250000	E-3	63	80	1	-5	-5.753604
111	12.250000	12.500000	G3	90	80	1	-3	-4.118108
112	12.250000	12.500000	E-4	90	80	1	-1	-4.707497
113	12.500000	14.000000	F5	63	80	0	3	-4.737465
114	12.500000	12.750000	B-3	90	80	1	-4	-4.223116
115	12.500000	12.750000	E-4	90	80	1	-2	-2.507290
116	12.500000	12.750000	G4	90	80	1	-1	-3.262923
117	12.750000	13.000000	E-3	63	80	1	-5	-5.753604
118	13.000000	13.250000	A-3	90	80	1	-3	-3.463793
119	13.000000	13.250000	D4	90	80	1	-1	-4.001517
120	13.250000	13.500000	C-4	90	80	1	-3	-4.276897
121	13.250000	13.500000	D4	90	80	1	-2	-3.046717
122	13.250000	13.500000	A-4	90	80	1	-1	-5.267467
123	13.500000	13.750000	E-3	63	80	1	-5	-3.781310
124	13.750000	14.000000	G3	90	80	1	-3	-4.118108
125	13.750000	14.000000	E-4	90	80	1	-1	-4.707497
126	14.000000	15.000000	G5	63	80	0	4	-2.883688
127	14.000000	14.250000	B-3	90	80	1	-4	-4.223116
128	14.000000	14.250000	E-4	90	80	1	-2	-2.507290
129	14.000000	14.250000	G4	90	80	1	-1	-3.262923
130	14.250000	14.500000	D3	63	80	1	-5	-3.781310
131	14.500000	14.750000	G3	90	80	1	-3	-3.463793
132	14.500000	14.750000	E-4	90	80	1	-1	-4.707497
133	14.750000	15.000000	B-3	90	80	1	-4	-4.223116
134	14.750000	15.000000	E-4	90	80	1	-2	-2.507290
135	14.750000	15.000000	G4	90	80	1	-1	-3.262923
136	15.000000	15.500000	D5	63	80	0	2	-3.266530
137	15.000000	15.250000	C3	63	80	1	-5	-4.212346
138	15.250000	15.500000	G3	90	80	1	-3	-3.416097
139	15.250000	15.500000	E4	90	80	1	-1	-4.439870
140	15.500000	17.000000	E-5	63	80	0	3	-3.190537
141	15.500000	15.750000	B-3	90	80	1	-4	-6.237620
142	15.500000	15.750000	E4	90	80	1	-2	-4.383116
143	15.500000	15.750000	G4	90	80	1	-1	-2.415329
144	15.750000	16.000000	C3	63	80	1	-5	-4.212346
145	16.000000	16.250000	G3	90	80	1	-3	-3.416097
146	16.000000	16.250000	E4	90	80	1	-1	-4.439870
147	16.250000	16.500000	C4	90	80	1	-3	-4.276897
148	16.250000	16.500000	E4	90	80	1	-2	-3.046717
149	16.250000	16.500000	B-4	90	80	1	-1	-5.267467
150	16.500000	16.750000	F2	63	80	1	-5	-5.805721
151	16.750000	17.000000	F3	90	80	1	-5	-5.534856
152	16.750000	17.000000	D-4	90	80	1	-2	-4.281723
153	17.000000	18.500000	C5	63	80	0	2	-3.286699
154	17.000000	17.250000	B-3	90	80	1	-4	-3.718276
155	17.000000	17.250000	D-4	90	80	1	-2	-2.359478
156	17.000000	17.250000	E4	90	80	1	-1	-2.464298
157	17.250000	17.500000	F2	63	80	1	-5	-5.805721
158	17.500000	17.750000	F3	90	80	1	-5	-5.534856
159	17.500000	17.750000	C4	90	80	1	-2	-2.554480
160	17.750000	18.000000	A-3	90	80	1	-4	-4.647576
161	17.750000	18.000000	C4	90	80	1	-2	-2.871001
162	17.750000	18.000000	F4	90	80	1	-1	-2.320150
163	18.000000	18.250000	B-2	63	80	1	-5	-6.587391
164	18.250000	18.500000	F3	90	80	1	-2	-4.203307
165	18.250000	18.500000	D4	90	80	1	-1	-5.516002
166	18.500000	19.000000	B-4	63	80	0	1	-3.967913
167	18.500000	18.750000	B-3	90	80	1	-4	-5.569465
168	18.500000	18.750000	D4	90	80	1	-2	-2.871001
169	18.500000	18.750000	A-4	90	80	1	-1	-5.267467
170	18.750000	19.000000	B2	63	80	1	-5	-6.473863
171	19.000000	19.500000	D6	63	80	0	5	-7.112706
172	19.000000	19.250000	G3	90	80	1	-4	-6.359022
173	19.000000	19.250000	F4	90	80	1	-1	-4.427076
174	19.250000	19.500000	D4	90	80	1	-3	-4.276897
175	19.250000	19.500000	F4	90	80	1	-2	-3.046717
176	19.250000	19.500000	G4	90	80	1	-1	-2.578439
177	19.500000	20.000000	C6	63	80	0	4	-2.814339
178	19.500000	19.750000	C3	63	80	1	-5	-4.212346
179	19.750000	20.000000	G3	90	80	1	-3	-3.416097
180	19.750000	20.000000	E-4	90	80	1	-1	-4.707497
181	20.000000	20.250000	B-5	63	80	0	3	-3.510496
182	20.000000	20.250000	C4	90	80	1	-3	-5.325522
183	20.000000	20.250000	E-4	90	80	1	-2	-3.407298
184	20.000000	20.250000	G4	90	80	1	-1	-3.262923
185	20.250000	20.500000	A-5	63	80	0	2	-2.287533
186	20.250000	20.500000	A2	63	80	1	-5	-5.805721
187	20.500000	20.750000	G5	63	80	0	1	-3.290753
188	20.500000	20.750000	G-3	90	80	1	-2	-4.731534
189	20.500000	20.750000	E-4	90	80	1	-1	-5.516002
190	20.750000	21.000000	A-5	63	80	0	4	-5.465822
191	20.750000	21.000000	C4	90	80	1	-3	-5.325522
192	20.750000	21.000000	E-4	90	80	1	-2	-3.407298
193	20.750000	21.000000	G-4	90	80	1	-1	-2.415329
194	21.000000	21.250000	C5	63	80	0	1	-3.549056
195	21.000000	21.250000	B-2	63	80	1	-5	-5.860818
196	21.250000	21.500000	D5	63	80	0	2	-2.867384
197	21.250000	21.500000	F3	90	80	1	-4	-6.683330
198	21.250000	21.500000	E-4	90	80	1	-1	-4.244654
199	21.500000	23.000000	E-5	63	80	0	3	-3.190537
200	21.500000	21.750000	B-3	90	80	1	-4	-4.223116
201	21.500000	21.750000	E-4	90	80	1	-2	-2.507290
202	21.500000	21.750000	A-4	90	80	1	-1	-2.320150
203	21.750000	22.000000	B-1	63	80	1	-5	-4.456078
204	22.000000	22.250000	F3	90	80	1	-1	-7.515526
205	22.000000	22.250000	D4	90	80	1	-1	-7.627055
206	22.250000	22.500000	B-3	90	80	1	-5	-5.919258
207	22.250000	22.500000	A-4	90	80	1	-1	-3.610078
208	22.500000	22.750000	E-2	63	80	1	-5	-4.456078
209	22.750000	23.000000	G3	90	80	1	-5	-7.597455
210	22.750000	23.000000	E-4	90	80	1	-2	-4.281723
211	23.000000	23.250000	B-3	90	80	1	-4	-4.045906
212	23.000000	23.250000	E-4	90	80	1	-2	-2.507290
213	23.000000	23.250000	G4	90	80	1	-1	-3.262923
214	23.250000	23.500000	E-3	63	80	1	-5	-5.753604
215	23.500000	23.750000	G3	90	80	1	-3	-4.118108
216	23.500000	23.750000	E-4	90	80	1	-1	-4.707497
217	23.750000	24.000000	B-3	90	80	1	-4	-4.223116
218	23.750000	24.000000	E-4	90	80	1	-2	-2.507290
219	23.750000	24.000000	G4	90	80	1	-1	-3.262923
220	24.000000	24.500000	B-4	63	80	0	1	-2.905888
221	24.000000	24.250000	B-2	63	80	1	-5	-5.753604
222	24.250000	24.500000	F3	90	80	1	-2	-4.203307
223	24.250000	24.500000	D4	90	80	1	-1	-5.516002
224	24.500000	26.000000	G5	63	80	0	4	-4.946245
225	24.500000	24.750000	B-3	90	80	1	-4	-5.569465
226	24.500000	24.750000	D4	90	80	1	-2	-2.871001
227	24.500000	24.750000	F4	90	80	1	-1	-2.415329
228	24.750000	25.000000	B-2	63	80	1	-5	-6.587391
229	25.000000	25.250000	F3	90	80	1	-2	-4.203307
230	25.000000	25.250000	D4	90	80	1	-1	-5.516002
231	25.250000	25.500000	B-3	90	80	1	-4	-5.569465
232	25.250000	25.500000	D4	90	80	1	-2	-2.871001
233	25.250000	25.500000	F4	90	80	1	-1	-2.415329
234	25.500000	25.750000	A2	45	80	1	-5	-5.860818
235	25.750000	26.000000	F3	90	80	1	-2	-4.349399
236	25.750000	26.000000	C4	90	80	1	-1	-4.047397
237	26.000000	26.250000	F5	63	80	0	3	-2.238713
238	26.000000	26.250000	C4	90	80	1	-2	-4.675782
239	26.000000	26.250000	F4	90	80	1	-1	-2.320150
240	26.250000	26.500000	G5	63	80	0	4	-2.883688
241	26.250000	26.500000	A2	45	80	1	-5	-5.860818
242	26.500000	26.750000	F5	63	80	0	3	-2.238713
243	26.500000	26.750000	F3	90	80	1	-2	-4.349399
244	26.500000	26.750000	C4	90	80	1	-1	-4.047397
245	26.750000	27.000000	E5	63	80	0	2	-2.287533
246	26.750000	27.000000	C4	90	80	1	-2	-4.675782
247	26.750000	27.000000	F4	90	80	1	-1	-2.320150
248	27.000000	27.250000	F5	63	80	0	3	-2.675961
249	27.000000	27.250000	A-2	45	80	1	-5	-5.753604
250	27.250000	27.500000	G5	63	80	0	4	-2.883688
251	27.250000	27.500000	E-3	90	80	1	-3	-3.416097
252	27.250000	27.500000	C4	90	80	1	-1	-4.531747
253	27.500000	28.000000	F5	63	80	0	3	-2.238713
254	27.500000	27.750000	A-3	90	80	1	-4	-5.569465
255	27.500000	27.750000	C4	90	80	1	-2	-2.871001
256	27.500000	27.750000	E-4	90	80	1	-1	-3.101885
257	27.750000	28.000000	A-1	45	80	1	-5	-4.456078
258	28.000000	29.250000	E-5	76	80	0	2	-3.032881
259	28.000000	28.250000	E-3	90	80	1	-4	-5.094177
260	28.000000	28.250000	C-4	90	80	1	-1	-3.887622
261	28.250000	28.500000	A-3	90	80	1	-3	-4.826899
262	28.250000	28.500000	C-4	90	80	1	-2	-2.872099
263	28.250000	28.500000	E-4	90	80	1	-1	-3.194227
264	28.500000	28.750000	E-2	45	80	1	-5	-5.451251
265	28.750000	29.000000	G3	90	80	1	-5	-7.597455
266	28.750000	29.000000	E-4	90	80	1	-2	-4.281723
267	29.000000	29.250000	B-3	90	80	1	-4	-4.045906
268	29.000000	29.250000	E-4	90	80	1	-2	-2.507290
269	29.000000	29.250000	G4	90	80	1	-1	-3.262923
270	29.250000	29.500000	F5	63	80	0	3	-3.265372
271	29.250000	29.500000	E-3	45	80	1	-5	-5.753604
272	29.500000	29.750000	E-5	63	80	0	2	-3.032881
273	29.500000	29.750000	G3	90	80	1	-3	-4.118108
274	29.500000	29.750000	E-4	90	80	1	-1	-4.707497
275	29.750000	30.000000	D5	63	80	0	1	-3.290753
276	29.750000	30.000000	B-3	90	80	1	-4	-4.223116
277	29.750000	30.000000	E-4	90	80	1	-2	-2.507290
278	29.750000	30.000000	G4	90	80	1	-1	-3.262923
279	30.000000	30.250000	E-5	63	80	0	2	-3.900292
280	30.000000	30.250000	E2	126	80	1	-5	-4.456078
281	30.250000	30.500000	F5	63	80	0	3	-3.265372
282	30.250000	30.500000	E3	90	80	1	-5	-5.534856
283	30.250000	30.500000	D-4	90	80	1	-2	-4.731534
284	30.500000	30.750000	G5	63	80	0	4	-2.883688
285	30.500000	30.750000	B-3	90	80	1	-4	-3.718276
286	30.500000	30.750000	D-4	90	80	1	-2	-2.359478
287	30.500000	30.750000	G4	90	80	1	-1	-4.366821
288	30.750000	31.000000	B4	63	80	0	1	-2.969918
289	30.750000	31.000000	E2	126	80	1	-5	-4.456078
290	31.000000	31.250000	C5	63	80	0	2	-2.867384
291	31.000000	31.250000	E3	90	80	1	-4	-4.924626
292	31.000000	31.250000	C4	90	80	1	-1	-3.451917
293	31.250000	31.500000	D-5	63	80	0	3	-3.190537
294	31.250000	31.500000	B-3	90	80	1	-3	-4.826899
295	31.250000	31.500000	C4	90	80	1	-2	-2.872099
296	31.250000	31.500000	G4	90	80	1	-1	-4.047397
297	31.500000	31.750000	C5	63	80	0	2	-2.803601
298	31.500000	31.750000	F2	126	80	1	-5	-4.456078
299	31.750000	32.000000	F5	63	80	0	3	-4.897982
300	31.750000	32.000000	F3	90	80	1	-4	-4.924626
301	31.750000	32.000000	E-4	90	80	1	-1	-4.244654
302	32.000000	32.250000	E5	63	80	0	2	-2.287533
303	32.000000	32.250000	C4	90	80	1	-3	-5.325522
304	32.000000	32.250000	E-4	90	80	1	-2	-3.407298
305	32.000000	32.250000	A4	90	80	1	-1	-4.366821
306	32.250000	32.500000	A-5	63	80	0	4	-3.522723
307	32.250000	32.500000	G2	126	80	1	-5	-4.456078
308	32.500000	32.750000	G5	63	80	0	3	-3.302559
309	32.500000	32.750000	G3	90	80	1	-5	-5.534856
310	32.500000	32.750000	D4	90	80	1	-2	-2.554480
311	32.750000	33.000000	D-6	63	80	0	5	-5.123457
312	32.750000	33.000000	B-3	90	80	1	-4	-4.647576
313	32.750000	33.000000	D4	90	80	1	-2	-2.871001
314	32.750000	33.000000	B-4	90	80	1	-1	-6.027486
315	33.000000	33.250000	C6	63	80	0	4	-4.300502
316	33.000000	33.250000	C2	126	80	1	-5	-5.805721
317	33.250000	33.500000	G5	63	80	0	2	-3.266530
318	33.250000	33.500000	G3	90	80	1	-4	-5.094177
319	33.250000	33.500000	E-4	90	80	1	-1	-4.009808
320	33.500000	35.000000	B-5	63	80	0	4	-4.064995
321	33.500000	33.750000	C4	90	80	1	-3	-5.325522
322	33.500000	33.750000	E-4	90	80	1	-2	-3.407298
323	33.500000	33.750000	G4	90	80	1	-1	-3.262923
324	33.750000	34.000000	F2	126	80	1	-5	-4.456078
325	34.000000	34.250000	F3	90	80	1	-4	-4.924626
326	34.000000	34.250000	E-4	90	80	1	-1	-4.244654
327	34.250000	34.500000	C4	90	80	1	-3	-5.325522
328	34.250000	34.500000	E-4	90	80	1	-2	-3.407298
329	34.250000	34.500000	F4	90	80	1	-1	-2.464298
330	34.500000	34.750000	B-3	90	80	1	-4	-4.339145
331	34.500000	34.750000	D4	90	80	1	-2	-2.871001
332	34.750000	35.000000	A3	90	80	1	-3	-5.147120
333	34.750000	35.000000	D#4	90	80	1	-1	-4.411093
334	35.000000	36.000000	A-5	63	80	0	3	-2.238713
335	35.000000	35.250000	G#3	126	80	1	-3	-4.266477
336	35.250000	35.500000	G3	126	80	1	-4	-3.777019
337	35.500000	35.750000	F3	90	80	1	-5	-3.249332
338	35.500000	35.750000	C4	90	80	1	-2	-2.554480
339	35.500000	35.750000	E-4	90	80	1	-1	-3.101885
340	35.750000	36.000000	B-3	90	80	1	-3	-3.831713
341	35.750000	36.000000	F4	90	80	1	-1	-3.687814
342	36.000000	36.500000	G5	63	80	0	2	-2.803601
343	36.000000	36.250000	E-2	90	80	1	-5	-5.704159
344	36.250000	36.500000	G3	90	80	1	-5	-7.597455
345	36.250000	36.500000	E-4	90	80	1	-2	-4.281723
346	36.500000	38.000000	F5	63	80	0	1	-2.609267
347	36.500000	36.750000	B-3	90	80	1	-4	-4.045906
348	36.500000	36.750000	E-4	90	80	1	-2	-2.507290
349	36.500000	36.750000	G4	90	80	1	-1	-3.262923
350	36.750000	37.000000	E-3	90	80	1	-5	-5.753604
351	37.000000	37.250000	A-3	90	80	1	-3	-3.463793
352	37.000000	37.250000	D4	90	80	1	-1	-4.001517
353	37.250000	37.500000	B-3	90	80	1	-4	-5.569465
354	37.250000	37.500000	D4	90	80	1	-2	-2.871001
355	37.250000	37.500000	A-4	90	80	1	-1	-5.267467
356	37.500000	37.750000	E-3	90	80	1	-5	-3.781310
357	37.750000	38.000000	G3	90	80	1	-3	-4.118108
358	37.750000	38.000000	E-4	90	80	1	-1	-4.707497
359	38.000000	38.500000	G5	69	80	0	2	-2.867384
360	38.000000	38.250000	B-3	90	80	1	-4	-4.223116
361	38.000000	38.250000	E-4	90	80	1	-2	-2.507290
362	38.000000	38.250000	G4	90	80	1	-1	-3.262923
363	38.250000	38.500000	D3	90	80	1	-5	-3.781310
364	38.500000	39.000000	G5	63	80	0	4	-6.366682
365	38.500000	38.750000	G3	90	80	1	-3	-3.463793
366	38.500000	38.750000	E-4	90	80	1	-1	-4.707497
367	38.750000	39.000000	B-3	90	80	1	-4	-4.223116
368	38.750000	39.000000	E-4	90	80	1	-2	-2.507290
369	38.750000	39.000000	G4	90	80	1	-1	-3.262923
370	39.000000	39.500000	D5	63	80	0	2	-3.266530
371	39.000000	39.250000	C3	90	80	1	-5	-4.212346
372	39.250000	39.500000	G3	90	80	1	-3	-3.416097
373	39.250000	39.500000	E4	90	80	1	-1	-4.439870
374	39.500000	41.000000	E-5	63	80	0	3	-3.190537
375	39.500000	39.750000	B-3	90	80	1	-4	-6.237620
376	39.500000	39.750000	E4	90	80	1	-2	-4.383116
377	39.500000	39.750000	G4	90	80	1	-1	-2.415329
378	39.750000	40.000000	C3	90	80	1	-5	-4.212346
379	40.000000	40.250000	G3	90	80	1	-3	-3.416097
380	40.000000	40.250000	E4	90	80	1	-1	-4.439870
381	40.250000	40.500000	C4	90	80	1	-3	-4.276897
382	40.250000	40.500000	E4	90	80	1	-2	-3.046717
383	40.250000	40.500000	B-4	90	80	1	-1	-5.267467
384	40.500000	40.750000	F2	90	80	1	-5	-5.805721
385	40.750000	41.000000	F3	90	80	1	-5	-5.534856
386	40.750000	41.000000	D-4	90	80	1	-2	-4.281723
387	41.000000	42.500000	C5	63	80	0	2	-3.286699
388	41.000000	41.250000	B-3	90	80	1	-4	-3.718276
389	41.000000	41.250000	D-4	90	80	1	-2	-2.359478
390	41.000000	41.250000	E4	90	80	1	-1	-2.464298
391	41.250000	41.500000	F2	90	80	1	-5	-5.805721
392	41.500000	41.750000	F3	90	80	1	-5	-5.534856
393	41.500000	41.750000	C4	90	80	1	-2	-2.554480
394	41.750000	42.000000	A-3	90	80	1	-4	-4.647576
395	41.750000	42.000000	C4	90	80	1	-2	-2.871001
396	41.750000	42.000000	F4	90	80	1	-1	-2.320150
397	42.000000	42.250000	B-2	63	80	1	-5	-6.587391
398	42.250000	42.500000	F3	90	80	1	-2	-4.203307
399	42.250000	42.500000	D4	90	80	1	-1	-5.516002
400	42.500000	43.000000	B-4	63	80	0	1	-3.967913
401	42.500000	42.750000	B-3	90	80	1	-4	-5.569465
402	42.500000	42.750000	D4	90	80	1	-2	-2.871001
403	42.500000	42.750000	A-4	90	80	1	-1	-5.267467
404	42.750000	43.000000	B2	63	80	1	-5	-6.473863
405	43.000000	43.500000	D6	63	80	0	5	-7.112706
406	43.000000	43.250000	G3	90	80	1	-4	-6.359022
407	43.000000	43.250000	F4	90	80	1	-1	-4.427076
408	43.250000	43.500000	D4	90	80	1	-3	-4.276897
409	43.250000	43.500000	F4	90	80	1	-2	-3.046717
410	43.250000	43.500000	G4	90	80	1	-1	-2.578439
411	43.500000	44.000000	C6	69	80	0	4	-2.814339
412	43.500000	43.750000	C3	63	80	1	-5	-4.212346
413	43.750000	44.000000	G3	90	80	1	-3	-3.416097
414	43.750000	44.000000	E-4	90	80	1	-1	-4.707497
415	44.000000	44.250000	B-5	69	80	0	3	-3.510496
416	44.000000	44.250000	C4	90	80	1	-3	-5.325522
417	44.000000	44.250000	E-4	90	80	1	-2	-3.407298
418	44.000000	44.250000	G4	90	80	1	-1	-3.262923
419	44.250000	44.500000	A-5	69	80	0	2	-2.287533
420	44.250000	44.500000	A2	63	80	1	-5	-5.805721
421	44.500000	44.750000	G5	69	80	0	1	-3.290753
422	44.500000	44.750000	G-3	90	80	1	-2	-4.731534
423	44.500000	44.750000	E-4	90	80	1	-1	-5.516002
424	44.750000	45.000000	A-5	69	80	0	4	-5.465822
425	44.750000	45.000000	C4	90	80	1	-3	-5.325522
426	44.750000	45.000000	E-4	90	80	1	-2	-3.407298
427	44.750000	45.000000	G-4	90	80	1	-1	-2.415329
428	45.000000	45.250000	C5	63	80	0	1	-3.549056
429	45.000000	45.250000	B-2	63	80	1	-5	-5.860818
430	45.250000	45.500000	D5	63	80	0	2	-2.867384
431	45.250000	45.500000	F3	90	80	1	-4	-6.683330
432	45.250000	45.500000	E-4	90	80	1	-1	-4.244654
433	45.500000	47.500000	E-5	63	80	0	3	-3.190537
434	45.500000	45.750000	B-3	90	80	1	-4	-4.223116
435	45.500000	45.750000	E-4	90	80	1	-2	-2.507290
436	45.500000	45.750000	A-4	90	80	1	-1	-2.320150
437	45.750000	46.000000	B-1	63	80	1	-5	-4.456078
438	46.000000	46.250000	F3	90	80	1	-1	-7.515526
439	46.000000	46.250000	D4	90	80	1	-1	-7.627055
440	46.250000	46.500000	B-3	90	80	1	-4	-5.569465
441	46.250000	46.500000	D4	90	80	1	-2	-2.871001
442	46.250000	46.500000	A-4	90	80	1	-1	-5.267467
443	46.500000	46.750000	E-2	63	80	1	-5	-4.456078
444	46.750000	47.000000	G3	90	80	1	-5	-7.597455
445	46.750000	47.000000	E-4	90	80	1	-2	-4.281723
446	47.000000	47.250000	B-3	90	80	1	-4	-4.045906
447	47.000000	47.250000	E-4	90	80	1	-2	-2.507290
448	47.000000	47.250000	G4	90	80	1	-1	-3.262923
449	47.250000	47.500000	E-3	63	80	1	-5	-5.753604
450	47.500000	48.000000	D5	63	80	0	2	-2.803601
451	47.500000	47.750000	G3	90	80	1	-3	-4.118108
452	47.500000	47.750000	E-4	90	80	1	-1	-4.707497
453	47.750000	48.000000	B-3	90	80	1	-4	-4.223116
454	47.750000	48.000000	E-4	90	80	1	-2	-2.507290
455	47.750000	48.000000	G4	90	80	1	-1	-3.262923
456	48.000000	48.500000	E-5	63	80	0	3	-3.190537
457	48.000000	48.250000	B-2	63	80	1	-5	-5.753604
458	48.250000	48.500000	F3	90	80	1	-2	-4.203307
459	48.250000	48.500000	D4	90	80	1	-1	-5.516002
460	48.500000	50.000000	F5	63	80	0	4	-4.111873
461	48.500000	48.750000	B-3	90	80	1	-4	-5.569465
462	48.500000	48.750000	D4	90	80	1	-2	-2.871001
463	48.500000	48.750000	F4	90	80	1	-1	-2.415329
464	48.750000	49.000000	B-2	63	80	1	-5	-6.587391
465	49.000000	49.250000	F3	90	80	1	-2	-4.203307
466	49.000000	49.250000	D4	90	80	1	-1	-5.516002
467	49.250000	49.500000	B-3	90	80	1	-4	-5.569465
468	49.250000	49.500000	D4	90	80	1	-2	-2.871001
469	49.250000	49.500000	F4	90	80	1	-1	-2.415329
470	49.500000	49.750000	A2	63	80	1	-5	-5.860818
471	49.750000	50.000000	F3	90	80	1	-2	-4.349399
472	49.750000	50.000000	C4	90	80	1	-1	-4.047397
473	50.000000	51.000000	G5	76	80	0	5	-2.706622
474	50.000000	50.250000	C4	90	80	1	-2	-4.675782
475	50.000000	50.250000	F4	90	80	1	-1	-2.320150
476	50.250000	50.500000	A2	63	80	1	-5	-5.860818
477	50.500000	50.750000	F3	90	80	1	-2	-4.349399
478	50.500000	50.750000	C4	90	80	1	-1	-4.047397
479	50.750000	51.000000	C4	90	80	1	-2	-4.675782
480	50.750000	51.000000	F4	90	80	1	-1	-2.320150
481	51.000000	51.500000	F5	63	80	0	4	-2.814339
482	51.000000	51.250000	A-2	63	80	1	-5	-5.753604
483	51.250000	51.500000	E-3	90	80	1	-3	-3.416097
484	51.250000	51.500000	C4	90	80	1	-1	-4.531747
485	51.500000	53.000000	F5	45	80	0	4	-4.784491
486	51.500000	51.750000	A-3	90	80	1	-4	-5.569465
487	51.500000	51.750000	C4	90	80	1	-2	-2.871001
488	51.500000	51.750000	E-4	90	80	1	-1	-3.101885
489	51.750000	52.000000	A-1	63	80	1	-5	-4.456078
490	52.000000	52.250000	E-3	90	80	1	-4	-5.094177
491	52.000000	52.250000	C-4	90	80	1	-1	-3.887622
492	52.250000	52.500000	A-3	90	80	1	-3	-4.826899
493	52.250000	52.500000	C-4	90	80	1	-2	-2.872099
494	52.250000	52.500000	E-4	90	80	1	-1	-3.194227
495	52.500000	52.750000	E-2	90	80	1	-5	-5.451251
496	52.500000	52.750000	E-3	90	80	1	-1	-1.202832
497	52.750000	53.000000	G3	90	80	1	-4	-7.964472
498	52.750000	53.000000	E-4	90	80	1	-1	-4.009808
499	53.000000	54.500000	C5	45	80	0	2	-3.266530
500	53.000000	53.250000	B-3	90	80	1	-4	-4.223116
501	53.000000	53.250000	E-4	90	80	1	-2	-2.507290
502	53.000000	53.250000	G4	90	80	1	-1	-3.262923
503	53.250000	53.500000	E-2	90	80	1	-5	-5.704159
504	53.250000	53.500000	E-3	90	80	1	-1	-1.202832
505	53.500000	53.750000	G3	90	80	1	-4	-7.964472
506	53.500000	53.750000	E-4	90	80	1	-1	-4.009808
507	53.750000	54.000000	B-3	90	80	1	-4	-4.223116
508	53.750000	54.000000	E-4	90	80	1	-2	-2.507290
509	53.750000	54.000000	G4	90	80	1	-1	-3.262923
510	54.000000	54.250000	E2	126	80	1	-5	-4.456078
511	54.250000	54.500000	E3	90	80	1	-5	-5.534856
512	54.250000	54.500000	D-4	90	80	1	-2	-4.731534
513	54.500000	55.000000	E-5	51	80	0	3	-3.409656
514	54.500000	54.750000	B-3	90	80	1	-4	-3.718276
515	54.500000	54.750000	D-4	90	80	1	-2	-2.359478
516	54.500000	54.750000	G4	90	80	1	-1	-4.366821
517	54.750000	55.000000	E2	126	80	1	-5	-4.456078
518	55.000000	55.500000	E-5	51	80	0	3	-4.378151
519	55.000000	55.250000	E3	90	80	1	-4	-4.924626
520	55.000000	55.250000	C4	90	80	1	-1	-3.451917
521	55.250000	55.500000	B-3	90	80	1	-3	-4.826899
522	55.250000	55.500000	C4	90	80	1	-2	-2.872099
523	55.250000	55.500000	G4	90	80	1	-1	-4.047397
524	55.500000	56.000000	E-5	51	80	0	3	-4.378151
525	55.500000	55.750000	F2	126	80	1	-5	-4.456078
526	55.750000	56.000000	F3	90	80	1	-4	-4.924626
527	55.750000	56.000000	E-4	90	80	1	-1	-4.244654
528	56.000000	56.500000	E-5	45	80	0	3	-4.378151
529	56.000000	56.250000	C4	90	80	1	-3	-5.325522
530	56.000000	56.250000	E-4	90	80	1	-2	-3.407298
531	56.000000	56.250000	A4	90	80	1	-1	-4.366821
532	56.250000	56.500000	G2	126	80	1	-5	-4.456078
533	56.500000	56.750000	D5	45	80	0	2	-2.803601
534	56.500000	56.750000	G3	90	80	1	-5	-5.534856
535	56.500000	56.750000	D4	90	80	1	-2	-2.554480
536	56.750000	57.000000	E-5	45	80	0	3	-3.190537
537	56.750000	57.000000	B-3	90	80	1	-4	-4.647576
538	56.750000	57.000000	D4	90	80	1	-2	-2.871001
539	56.750000	57.000000	B-4	90	80	1	-1	-6.027486
540	57.000000	57.375000	F5	45	80	0	4	-4.111873
541	57.000000	57.250000	C2	126	80	1	-5	-5.805721
542	57.250000	57.500000	G3	90	80	1	-4	-5.094177
543	57.250000	57.500000	E-4	90	80	1	-1	-4.009808
544	57.375000	57.500000	E-5	45	80	0	3	-3.510496
545	57.500000	59.000000	E-5	45	80	0	3	-4.378151
546	57.500000	57.750000	C4	90	80	1	-3	-5.325522
547	57.500000	57.750000	E-4	90	80	1	-2	-3.407298
548	57.500000	57.750000	G4	90	80	1	-1	-3.262923
549	57.750000	58.000000	F2	126	80	1	-5	-4.456078
550	58.000000	58.250000	F3	90	80	1	-4	-4.924626
551	58.000000	58.250000	E-4	90	80	1	-1	-4.244654
552	58.250000	58.500000	C4	90	80	1	-3	-5.325522
553	58.250000	58.500000	E-4	90	80	1	-2	-3.407298
554	58.250000	58.500000	F4	90	80	1	-1	-2.464298
555	58.500000	58.750000	B-3	90	80	1	-4	-4.339145
556	58.500000	58.750000	D4	90	80	1	-2	-2.871001
557	58.750000	59.000000	A3	90	80	1	-3	-5.147120
558	58.750000	59.000000	D#4	90	80	1	-1	-4.411093
559	59.000000	60.500000	B-4	45	80	0	1	-2.905888
560	59.000000	59.250000	G#3	126	80	1	-3	-4.266477
561	59.250000	59.500000	G3	126	80	1	-4	-3.777019
562	59.500000	59.750000	F3	90	80	1	-5	-3.249332
563	59.500000	59.750000	C4	90	80	1	-2	-2.554480
564	59.500000	59.750000	E-4	90	80	1	-1	-3.101885
565	59.750000	60.000000	B-3	90	80	1	-3	-3.831713
566	59.750000	60.000000	F4	90	80	1	-1	-3.687814
567	60.000000	60.250000	E-2	96	80	1	-5	-5.704159
568	60.250000	60.500000	G3	90	80	1	-5	-7.597455
569	60.250000	60.500000	E-4	90	80	1	-2	-4.281723
570	60.500000	62.000000	B-5	126	80	0	5	-2.242366
571	60.500000	60.750000	B-3	90	80	1	-4	-4.045906
572	60.500000	60.750000	E-4	90	80	1	-2	-2.507290
573	60.500000	60.750000	G4	90	80	1	-1	-3.262923
574	60.750000	61.000000	E-3	96	80	1	-5	-5.753604
575	61.000000	61.250000	A-3	90	80	1	-3	-3.463793
576	61.000000	61.250000	D4	90	80	1	-1	-4.001517
577	61.250000	61.500000	B-3	90	80	1	-4	-5.569465
578	61.250000	61.500000	D4	90	80	1	-2	-2.871001
579	61.250000	61.500000	A-4	90	80	1	-1	-5.267467
580	61.500000	61.750000	E-3	96	80	1	-5	-3.781310
581	61.750000	62.000000	G3	90	80	1	-3	-4.118108
582	61.750000	62.000000	E-4	90	80	1	-1	-4.707497
583	62.000000	63.000000	A5	126	80	0	4	-4.300502
584	62.000000	62.250000	B-3	90	80	1	-4	-4.223116
585	62.000000	62.250000	E-4	90	80	1	-2	-2.507290
586	62.000000	62.250000	G4	90	80	1	-1	-3.262923
587	62.250000	62.500000	D3	90	80	1	-5	-3.781310
588	62.500000	62.750000	G3	90	80	1	-3	-3.463793
589	62.500000	62.750000	E-4	90	80	1	-1	-4.707497
590	62.750000	63.000000	B-3	90	80	1	-4	-4.223116
591	62.750000	63.000000	E-4	90	80	1	-2	-2.507290
592	62.750000	63.000000	G4	90	80	1	-1	-3.262923
593	63.000000	63.500000	G5	126	80	0	3	-2.238713
594	63.000000	63.250000	C3	96	80	1	-5	-4.212346
595	63.250000	63.500000	G3	90	80	1	-3	-3.416097
596	63.250000	63.500000	E4	90	80	1	-1	-4.439870
597	63.500000	65.000000	A4	90	80	0	1	-5.548003
598	63.500000	65.000000	F5	90	80	0	5	-3.707830
599	63.500000	63.750000	B-3	90	80	1	-4	-6.237620
600	63.500000	63.750000	E4	90	80	1	-2	-4.383116
601	63.500000	63.750000	G4	90	80	1	-1	-2.415329
602	63.750000	64.000000	C3	96	80	1	-5	-4.212346
603	64.000000	64.250000	G3	90	80	1	-3	-3.416097
604	64.000000	64.250000	E4	90	80	1	-1	-4.439870
605	64.250000	64.500000	C4	90	80	1	-3	-4.276897
606	64.250000	64.500000	E4	90	80	1	-2	-3.046717
607	64.250000	64.500000	B-4	90	80	1	-1	-5.267467
608	64.500000	64.750000	F2	90	80	1	-5	-5.805721
609	64.750000	65.000000	F3	90	80	1	-5	-5.534856
610	64.750000	65.000000	D-4	90	80	1	-2	-4.281723
611	65.000000	66.500000	B-4	90	80	0	2	-3.763668
612	65.000000	66.500000	D5	90	80	0	4	-3.927704
613	65.000000	65.250000	B-3	90	80	1	-4	-3.718276
614	65.000000	65.250000	D-4	90	80	1	-2	-2.359478
615	65.000000	65.250000	E4	90	80	1	-1	-2.464298
616	65.250000	65.500000	F2	90	80	1	-5	-5.805721
617	65.500000	65.750000	F3	90	80	1	-5	-5.534856
618	65.500000	65.750000	C4	90	80	1	-2	-2.554480
619	65.750000	66.000000	A-3	90	80	1	-4	-4.647576
620	65.750000	66.000000	C4	90	80	1	-2	-2.871001
621	65.750000	66.000000	F4	90	80	1	-1	-2.320150
622	66.000000	66.250000	B-2	90	80	1	-5	-6.587391
623	66.250000	66.500000	F3	90	80	1	-2	-4.203307
624	66.250000	66.500000	D4	90	80	1	-1	-5.516002
625	66.500000	68.000000	G4	90	80	0	1	-2.857522
626	66.500000	68.000000	E-5	90	80	0	5	-4.305381
627	66.500000	66.750000	B-3	90	80	1	-4	-5.569465
628	66.500000	66.750000	D4	90	80	1	-2	-2.871001
629	66.500000	66.750000	A-4	90	80	1	-1	-5.267467
630	66.750000	67.000000	B2	90	80	1	-5	-6.473863
631	67.000000	67.250000	G3	90	80	1	-4	-6.359022
632	67.000000	67.250000	F4	90	80	1	-1	-4.427076
633	67.250000	67.500000	D4	90	80	1	-3	-4.276897
634	67.250000	67.500000	F4	90	80	1	-2	-3.046717
635	67.250000	67.500000	G4	90	80	1	-1	-2.578439
636	67.500000	67.750000	C3	90	80	1	-5	-4.212346
637	67.750000	68.000000	G3	90	80	1	-3	-3.416097
638	67.750000	68.000000	E-4	90	80	1	-1	-4.707497
639	68.000000	68.500000	A4	90	80	0	2	-4.646957
640	68.000000	68.500000	D5	90	80	0	4	-2.909306
641	68.000000	68.250000	C4	90	80	1	-3	-5.325522
642	68.000000	68.250000	E-4	90	80	1	-2	-3.407298
643	68.000000	68.250000	G4	90	80	1	-1	-3.262923
644	68.250000	68.500000	A2	90	80	1	-5	-5.805721
645	68.500000	69.000000	A4	90	80	0	2	-3.266530
646	68.500000	69.000000	C5	90	80	0	4	-2.758588
647	68.500000	68.750000	G-3	90	80	1	-2	-4.731534
648	68.500000	68.750000	E-4	90	80	1	-1	-5.516002
649	68.750000	69.000000	C4	90	80	1	-3	-5.325522
650	68.750000	69.000000	E-4	90	80	1	-2	-3.407298
651	68.750000	69.000000	G-4	90	80	1	-1	-2.415329
652	69.000000	69.500000	A4	90	80	0	2	-3.359779
653	69.000000	69.500000	D5	90	80	0	4	-2.909306
654	69.000000	69.250000	B-2	90	80	1	-5	-5.860818
655	69.250000	69.500000	F3	90	80	1	-4	-6.683330
656	69.250000	69.500000	E-4	90	80	1	-1	-4.244654
657	69.500000	70.000000	F4	90	80	0	1	-2.969918
658	69.500000	70.000000	B-4	90	80	0	2	-3.275273
659	69.500000	69.750000	B-3	90	80	1	-4	-4.223116
660	69.500000	69.750000	E-4	90	80	1	-2	-2.507290
661	69.500000	69.750000	A-4	90	80	1	-1	-2.320150
662	69.750000	70.000000	B-1	90	80	1	-5	-4.456078
663	70.000000	70.500000	F#4	90	80	0	1	-3.157580
664	70.000000	70.500000	B4	90	80	0	3	-4.456068
665	70.000000	70.250000	F3	90	80	1	-1	-7.515526
666	70.000000	70.250000	D4	90	80	1	-1	-7.627055
667	70.250000	70.500000	B-3	90	80	1	-4	-5.569465
668	70.250000	70.500000	D4	90	80	1	-2	-2.871001
669	70.250000	70.500000	A-4	90	80	1	-1	-5.267467
670	70.500000	71.000000	E4	90	80	0	1	-3.310457
671	70.500000	71.000000	B4	90	80	0	4	-4.054949
672	70.500000	70.750000	E-2	90	80	1	-5	-4.456078
673	70.750000	71.000000	G3	90	80	1	-5	-7.597455
674	70.750000	71.000000	E-4	90	80	1	-2	-4.281723
675	71.000000	71.500000	E4	90	80	0	1	-2.857522
676	71.000000	71.500000	B-4	90	80	0	2	-5.017340
677	71.000000	71.500000	C5	90	80	0	4	-3.580467
678	71.000000	71.250000	B-3	90	80	1	-4	-4.045906
679	71.000000	71.250000	E-4	90	80	1	-2	-2.507290
680	71.000000	71.250000	G4	90	80	1	-1	-3.262923
681	71.250000	71.500000	E-3	90	80	1	-5	-5.753604
682	71.500000	72.000000	F4	90	80	0	1	-2.857522
683	71.500000	72.000000	A4	90	80	0	2	-2.525967
684	71.500000	72.000000	C5	90	80	0	3	-3.012122
685	71.500000	71.750000	G3	90	80	1	-3	-4.118108
686	71.500000	71.750000	E-4	90	80	1	-1	-4.707497
687	71.750000	72.000000	B-3	90	80	1	-4	-4.223116
688	71.750000	72.000000	E-4	90	80	1	-2	-2.507290
689	71.750000	72.000000	G4	90	80	1	-1	-3.262923
690	72.000000	72.500000	A-4	90	80	0	1	-4.375439
691	72.000000	72.500000	D5	90	80	0	3	-5.088322
692	72.000000	72.250000	E-2	63	80	1	-5	-5.704159
693	72.250000	72.500000	A-3	90	80	1	-4	-8.234056
694	72.250000	72.500000	C-4	90	80	1	-3	-4.235223
695	72.250000	72.500000	E-4	90	80	1	-2	-3.749711
696	72.500000	73.500000	G5	90	80	0	5	-3.128600
697	72.500000	72.750000	C-4	90	80	1	-4	-4.761119
698	72.500000	72.750000	E-4	90	80	1	-2	-3.159098
699	72.500000	72.750000	A-4	90	80	1	-1	-2.320150
700	72.750000	73.000000	E-3	63	80	1	-5	-3.781310
701	73.000000	73.250000	A-3	90	80	1	-3	-3.463793
702	73.000000	73.250000	C-4	90	80	1	-2	-2.872099
703	73.000000	73.250000	E-4	90	80	1	-1	-3.194227
704	73.250000	73.500000	C-4	90	80	1	-3	-5.389809
705	73.250000	73.500000	E-4	90	80	1	-2	-3.749711
706	73.250000	73.500000	A-4	90	80	1	-1	-2.320150
707	73.500000	73.750000	A4	90	80	0	1	-3.027253
708	73.500000	73.750000	E-2	63	80	1	-5	-4.456078
709	73.750000	74.000000	B-4	90	80	0	2	-3.900292
710	73.750000	74.000000	G3	90	80	1	-5	-7.597455
711	73.750000	74.000000	E-4	90	80	1	-2	-4.281723
712	74.000000	74.250000	C-5	103	80	0	3	-3.686981
713	74.000000	74.250000	B-3	90	80	1	-4	-4.045906
714	74.000000	74.250000	E-4	90	80	1	-2	-2.507290
715	74.000000	74.250000	G4	90	80	1	-1	-3.262923
716	74.250000	74.500000	B-4	90	80	0	2	-3.151465
717	74.250000	74.500000	E-3	63	80	1	-5	-5.753604
718	74.500000	74.750000	C#5	90	80	0	3	-3.012122
719	74.500000	74.750000	G3	90	80	1	-3	-4.118108
720	74.500000	74.750000	E-4	90	80	1	-1	-4.707497
721	74.750000	75.000000	D5	90	80	0	1	-4.595018
722	74.750000	75.000000	B-3	90	80	1	-4	-4.223116
723	74.750000	75.000000	E-4	90	80	1	-2	-2.507290
724	74.750000	75.000000	G4	90	80	1	-1	-3.262923
725	75.000000	75.375000	G5	103	80	0	2	-2.963617
726	75.000000	75.250000	E-2	45	80	1	-5	-5.704159
727	75.250000	75.500000	A-3	90	80	1	-4	-8.234056
728	75.250000	75.500000	C-4	90	80	1	-3	-4.235223
729	75.250000	75.500000	E-4	90	80	1	-2	-3.749711
730	75.375000	75.500000	F5	90	80	0	1	-2.609267
731	75.500000	76.500000	F5	90	80	0	3	-5.268790
732	75.500000	75.750000	C-4	90	80	1	-4	-4.761119
733	75.500000	75.750000	E-4	90	80	1	-2	-3.159098
734	75.500000	75.750000	A-4	90	80	1	-1	-2.320150
735	75.750000	76.000000	E-3	45	80	1	-5	-3.781310
736	76.000000	76.250000	A-3	90	80	1	-3	-3.463793
737	76.000000	76.250000	C-4	90	80	1	-2	-2.872099
738	76.000000	76.250000	E-4	90	80	1	-1	-3.194227
739	76.250000	76.500000	C-4	90	80	1	-3	-5.389809
740	76.250000	76.500000	E-4	90	80	1	-2	-3.749711
741	76.250000	76.500000	A-4	90	80	1	-1	-2.320150
742	76.500000	77.250000	E-5	90	80	0	2	-3.032881
743	76.500000	76.750000	E-2	45	80	1	-5	-4.456078
744	76.750000	77.000000	G3	90	80	1	-3	-7.544998
745	76.750000	77.000000	B-3	90	80	1	-2	-3.407298
746	76.750000	77.000000	E-4	90	80	1	-1	-2.320150
747	77.000000	77.250000	B-3	90	80	1	-4	-4.223116
748	77.000000	77.250000	E-4	90	80	1	-2	-2.507290
749	77.000000	77.250000	G4	90	80	1	-1	-3.262923
750	77.250000	77.500000	F5	90	80	0	3	-3.265372
751	77.250000	77.500000	E-3	45	80	1	-5	-5.753604
752	77.500000	77.750000	E-5	90	80	0	2	-3.032881
753	77.500000	77.750000	G3	90	80	1	-3	-4.118108
754	77.500000	77.750000	E-4	90	80	1	-1	-4.707497
755	77.750000	78.000000	D5	90	80	0	1	-3.290753
756	77.750000	78.000000	B-3	90	80	1	-4	-4.223116
757	77.750000	78.000000	E-4	90	80	1	-2	-2.507290
758	77.750000	78.000000	G4	90	80	1	-1	-3.262923
759	78.000000	78.250000	E-5	90	80	0	2	-3.900292
760	78.000000	78.250000	E-3	45	80	1	-5	-5.753604
761	78.250000	78.500000	F5	90	80	0	3	-3.265372
762	78.250000	78.500000	F3	90	80	1	-4	-4.523458
763	78.250000	78.500000	D4	90	80	1	-1	-3.451917
764	78.500000	78.750000	G5	90	80	0	4	-2.883688
765	78.500000	78.750000	B-3	90	80	1	-5	-5.919258
766	78.500000	78.750000	A-4	90	80	1	-1	-3.610078
767	78.750000	79.000000	B4	90	80	0	1	-2.969918
768	78.750000	79.000000	E-3	45	80	1	-5	-3.781310
769	79.000000	79.250000	C5	90	80	0	2	-2.867384
770	79.000000	79.250000	F3	90	80	1	-4	-4.523458
771	79.000000	79.250000	D4	90	80	1	-1	-3.451917
772	79.250000	79.500000	D-5	90	80	0	3	-3.190537
773	79.250000	79.500000	B-3	90	80	1	-5	-5.919258
774	79.250000	79.500000	A-4	90	80	1	-1	-3.610078
775	79.500000	79.750000	C5	90	80	0	2	-2.803601
776	79.500000	79.750000	E-3	45	80	1	-5	-3.781310
777	79.750000	80.000000	F5	90	80	0	3	-4.897982
778	79.750000	80.000000	G3	90	80	1	-3	-4.118108
779	79.750000	80.000000	E-4	90	80	1	-1	-4.707497
780	80.000000	80.250000	E5	90	80	0	2	-2.287533
781	80.000000	80.250000	B-3	90	80	1	-3	-3.831713
782	80.000000	80.250000	G4	90	80	1	-1	-4.531747
783	80.250000	80.500000	A-5	90	80	0	4	-3.522723
784	80.250000	80.500000	A2	45	80	1	-5	-5.805721
785	80.500000	80.750000	G5	90	80	0	3	-3.302559
786	80.500000	80.750000	F3	90	80	1	-4	-6.359022
787	80.500000	80.750000	E-4	90	80	1	-1	-4.244654
788	80.750000	81.000000	D-6	90	80	0	5	-5.123457
789	80.750000	81.000000	C4	90	80	1	-3	-5.325522
790	80.750000	81.000000	E-4	90	80	1	-2	-3.407298
791	80.750000	81.000000	F4	90	80	1	-1	-2.464298
792	81.000000	81.250000	C6	90	80	0	4	-4.300502
793	81.000000	81.250000	B-2	45	80	1	-5	-6.587391
794	81.250000	81.500000	G5	90	80	0	2	-3.266530
795	81.250000	81.500000	F3	90	80	1	-4	-6.683330
796	81.250000	81.500000	E-4	90	80	1	-1	-4.244654
797	81.500000	83.000000	B-5	90	80	0	4	-4.064995
798	81.500000	81.750000	B-3	90	80	1	-4	-4.223116
799	81.500000	81.750000	E-4	90	80	1	-2	-2.507290
800	81.500000	81.750000	A-4	90	80	1	-1	-2.320150
801	81.750000	82.000000	B-1	45	80	1	-5	-4.456078
802	82.000000	82.250000	F3	90	80	1	-1	-7.515526
803	82.000000	82.250000	D4	90	80	1	-1	-7.627055
804	82.250000	82.500000	B-3	90	80	1	-4	-5.569465
805	82.250000	82.500000	D4	90	80	1	-2	-2.871001
806	82.250000	82.500000	A-4	90	80	1	-1	-5.267467
807	82.500000	82.750000	E-2	45	80	1	-5	-4.456078
808	82.750000	83.000000	G3	90	80	1	-5	-7.597455
809	82.750000	83.000000	E-4	90	80	1	-2	-4.281723
810	83.000000	84.000000	A-5	90	80	0	3	-2.238713
811	83.000000	83.250000	B-3	90	80	1	-4	-4.045906
812	83.000000	83.250000	E-4	90	80	1	-2	-2.507290
813	83.000000	83.250000	G4	90	80	1	-1	-3.262923
814	83.250000	83.500000	E-3	45	80	1	-5	-5.753604
815	83.500000	83.750000	G3	90	80	1	-3	-4.118108
816	83.500000	83.750000	E-4	90	80	1	-1	-4.707497
817	83.750000	84.000000	B-3	90	80	1	-4	-4.223116
818	83.750000	84.000000	E-4	90	80	1	-2	-2.507290
819	83.750000	84.000000	G4	90	80	1	-1	-3.262923
820	84.000000	84.500000	G5	90	80	0	2	-2.803601
821	84.000000	84.250000	A-1	63	80	1	-5	-5.704159
822	84.250000	84.500000	E-3	90	80	1	-4	-5.094177
823	84.250000	84.500000	A-3	90	80	1	-2	-2.507290
824	84.250000	84.500000	C-4	90	80	1	-1	-2.464298
825	84.500000	86.000000	F5	63	80	0	1	-2.609267
826	84.500000	84.750000	A-3	90	80	1	-3	-4.826899
827	84.500000	84.750000	C-4	90	80	1	-2	-2.872099
828	84.500000	84.750000	E-4	90	80	1	-1	-3.194227
829	84.750000	85.000000	C-4	90	80	1	-3	-5.389809
830	84.750000	85.000000	E-4	90	80	1	-2	-3.749711
831	84.750000	85.000000	A-4	90	80	1	-1	-2.320150
832	85.000000	85.250000	A-3	90	80	1	-5	-2.314770
833	85.000000	85.250000	C-4	90	80	1	-3	-4.282909
834	85.000000	85.250000	E-4	90	80	1	-1	-4.184715
835	85.250000	85.500000	E-3	90	80	1	-5	-2.314770
836	85.250000	85.500000	A-3	90	80	1	-2	-3.272976
837	85.250000	85.500000	C-4	90	80	1	-1	-2.464298
838	85.500000	85.750000	E-2	63	80	1	-5	-6.587391
839	85.750000	86.000000	G3	90	80	1	-5	-7.597455
840	85.750000	86.000000	E-4	90	80	1	-2	-4.281723
841	86.000000	86.500000	G5	69	80	0	2	-2.867384
842	86.000000	86.250000	B-3	90	80	1	-4	-4.045906
843	86.000000	86.250000	E-4	90	80	1	-2	-2.507290
844	86.000000	86.250000	G4	90	80	1	-1	-3.262923
845	86.250000	86.500000	E-3	63	80	1	-5	-5.753604
846	86.500000	87.000000	G5	63	80	0	4	-6.366682
847	86.500000	86.750000	G3	90	80	1	-3	-4.118108
848	86.500000	86.750000	E-4	90	80	1	-1	-4.707497
849	86.750000	87.000000	B-3	90	80	1	-4	-4.223116
850	86.750000	87.000000	E-4	90	80	1	-2	-2.507290
851	86.750000	87.000000	G4	90	80	1	-1	-3.262923
852	87.000000	87.500000	D5	63	80	0	2	-3.266530
853	87.000000	87.250000	A-1	126	80	1	-5	-5.704159
854	87.250000	87.500000	E-3	90	80	1	-2	-5.900828
855	87.250000	87.500000	A-3	90	80	1	-1	-2.320150
856	87.500000	89.000000	E-5	63	80	0	3	-3.190537
857	87.500000	87.750000	A-3	90	80	1	-5	-4.801795
858	87.500000	87.750000	C-4	90	80	1	-4	-4.523458
859	87.500000	87.750000	E-4	90	80	1	-2	-3.159098
860	87.750000	88.000000	C-4	90	80	1	-4	-4.761119
861	87.750000	88.000000	E-4	90	80	1	-2	-3.159098
862	87.750000	88.000000	A-4	90	80	1	-1	-2.320150
863	88.000000	88.250000	A-3	90	80	1	-5	-2.314770
864	88.000000	88.250000	C-4	90	80	1	-3	-4.282909
865	88.000000	88.250000	E-4	90	80	1	-1	-4.184715
866	88.250000	88.500000	E-3	90	80	1	-5	-2.314770
867	88.250000	88.500000	A-3	90	80	1	-2	-3.272976
868	88.250000	88.500000	C-4	90	80	1	-1	-2.464298
869	88.500000	88.750000	E-2	126	80	1	-5	-6.587391
870	88.750000	89.000000	G3	90	80	1	-5	-7.597455
871	88.750000	89.000000	E-4	90	80	1	-2	-4.281723
872	89.000000	90.500000	C5	63	80	0	2	-3.286699
873	89.000000	89.250000	B-3	90	80	1	-4	-4.045906
874	89.000000	89.250000	E-4	90	80	1	-2	-2.507290
875	89.000000	89.250000	G4	90	80	1	-1	-3.262923
876	89.250000	89.500000	A2	126	80	1	-5	-5.805721
877	89.500000	89.750000	G3	90	80	1	-4	-6.683330
878	89.500000	89.750000	E-4	90	80	1	-1	-4.009808
879	89.750000	90.000000	C4	90	80	1	-3	-5.325522
880	89.750000	90.000000	E-4	90	80	1	-2	-3.407298
881	89.750000	90.000000	F4	90	80	1	-1	-2.464298
882	90.000000	90.250000	B-2	126	80	1	-5	-6.587391
883	90.250000	90.500000	F3	90	80	1	-4	-6.683330
884	90.250000	90.500000	B-3	90	80	1	-2	-3.159098
885	90.250000	90.500000	E-4	90	80	1	-1	-2.320150
886	90.500000	91.000000	B-4	63	80	0	1	-3.967913
887	90.500000	90.750000	B-3	90	80	1	-4	-4.223116
888	90.500000	90.750000	E-4	90	80	1	-2	-2.507290
889	90.500000	90.750000	A-4	90	80	1	-1	-2.320150
890	90.750000	91.000000	B2	126	80	1	-5	-6.473863
891	91.000000	91.500000	D6	63	80	0	5	-7.112706
892	91.000000	91.250000	G3	90	80	1	-4	-6.359022
893	91.000000	91.250000	F4	90	80	1	-1	-4.427076
894	91.250000	91.500000	D4	90	80	1	-3	-4.276897
895	91.250000	91.500000	F4	90	80	1	-2	-3.046717
896	91.250000	91.500000	G4	90	80	1	-1	-2.578439
897	91.500000	92.000000	D-6	63	80	0	3	-5.750777
898	91.500000	91.750000	C3	126	80	1	-5	-4.212346
899	91.750000	92.000000	G3	90	80	1	-3	-3.416097
900	91.750000	92.000000	E-4	90	80	1	-1	-4.707497
901	92.000000	92.125000	C6	63	80	0	2	-2.803601
902	92.000000	92.250000	C4	90	80	1	-2	-4.084076
903	92.000000	92.250000	G4	90	80	1	-1	-4.047397
904	92.125000	92.250000	B5	63	80	0	1	-2.609267
905	92.250000	92.375000	B-5	63	80	0	2	-4.284147
906	92.250000	92.500000	A2	126	80	1	-5	-5.805721
907	92.375000	92.500000	A5	63	80	0	1	-3.290753
908	92.500000	92.625000	A-5	63	80	0	2	-4.284147
909	92.500000	92.750000	F3	90	80	1	-4	-6.359022
910	92.500000	92.750000	C4	90	80	1	-2	-3.734418
911	92.500000	92.750000	E-4	90	80	1	-1	-3.101885
912	92.625000	92.750000	F5	63	80	0	1	-3.360143
913	92.750000	92.875000	D5	63	80	0	3	-5.936950
914	92.750000	93.000000	C4	90	80	1	-3	-5.325522
915	92.750000	93.000000	E-4	90	80	1	-2	-3.407298
916	92.750000	93.000000	F4	90	80	1	-1	-2.464298
917	92.875000	93.000000	C-5	76	80	0	2	-3.674662
918	93.000000	93.125000	B-4	63	80	0	1	-4.846711
919	93.000000	93.187500	B-1	127	80	1	-5	-5.704159
920	93.125000	93.250000	D5	63	80	0	2	-3.465862
921	93.187500	93.375000	B-2	127	80	1	-1	-1.202832
922	93.250000	93.333333	G5	63	80	0	4	-2.909306
923	93.333333	93.416667	F5	63	80	0	3	-2.238713
924	93.375000	93.562500	F3	127	80	1	-4	-6.237620
925	93.416667	93.500000	E-5	63	80	0	2	-3.032881
926	93.500000	95.500000	E-5	63	80	0	2	-4.554564
927	93.562500	93.750000	A-3	127	80	1	-2	-3.337019
928	93.750000	93.937500	D4	127	80	1	-1	-4.366821
929	93.937500	94.125000	B-3	127	80	1	-3	-4.924354
930	94.125000	94.312500	F4	127	80	1	-1	-3.687814
931	94.312500	94.500000	A-4	127	80	1	-3	-5.700951
932	94.500000	96.000000	D5	127	80	1	-1	-4.001517
933	95.500000	96.000000	D5	63	80	0	1	-3.290753
934	96.000000	96.500000	E-5	63	80	0	2	-3.900292
935	96.500000	98.000000	F5	63	80	0	3	-3.265372
936	98.000000	99.000000	G5	63	80	0	4	-2.883688
937	99.000000	99.500000	F5	63	80	0	3	-2.238713
938	99.500000	101.000000	F5	63	80	0	3	-4.378151
939	100.000000	100.250000	E-2	45	80	1	-5	-5.704159
940	100.250000	100.500000	B-3	45	80	1	-1	-5.511365
941	100.500000	100.750000	B-2	45	80	1	-5	-2.314770
942	100.750000	101.000000	E-3	45	80	1	-3	-3.463793
943	101.000000	102.500000	C5	63	80	0	1	-2.905888
944	101.000000	101.250000	B-3	45	80	1	-1	-3.342645
945	101.250000	101.500000	B-2	45	80	1	-5	-2.314770
946	101.500000	101.750000	E-2	45	80	1	-5	-6.147898
947	101.750000	102.000000	B-3	45	80	1	-1	-5.511365
948	102.000000	102.250000	B-2	45	80	1	-5	-2.314770
949	102.250000	102.500000	E-3	45	80	1	-3	-3.463793
950	102.500000	102.875000	E-5	63	80	0	2	-3.246278
951	102.500000	102.750000	B-3	45	80	1	-1	-3.342645
952	102.750000	103.000000	B-2	45	80	1	-5	-2.314770
953	102.875000	103.250000	E-5	63	80	0	3	-5.337046
954	103.000000	103.750000	E-3	90	80	1	-3	-3.463793
955	103.000000	103.750000	B-3	90	80	1	-1	-3.342645
956	103.250000	103.625000	E-5	63	80	0	3	-4.378151
957	103.625000	104.000000	E-5	63	80	0	3	-4.378151
958	103.750000	104.500000	E-4	90	80	1	-3	-6.025293
959	103.750000	104.500000	B-4	90	80	1	-1	-3.342645
960	104.000000	104.500000	E-5	63	80	0	3	-4.378151
961	104.500000	104.750000	D5	63	80	0	2	-2.803601
962	104.500000	106.000000	E-2	90	80	1	-5	-4.456078
963	104.500000	106.000000	B-2	90	80	1	-2	-2.554480
964	104.750000	105.000000	E-5	63	80	0	3	-3.190537
965	105.000000	105.375000	F5	63	80	0	4	-4.111873
966	105.375000	105.500000	E-5	63	80	0	3	-3.510496
967	105.500000	107.000000	E-5	63	80	0	3	-4.378151
968	107.000000	108.500000	B-4	63	80	0	1	-2.905888
969	108.500000	110.000000	B-5	126	80	0	5	-2.242366
970	110.000000	111.000000	A5	126	80	0	4	-4.300502
971	111.000000	111.500000	G5	126	80	0	3	-2.238713
972	111.500000	113.000000	A4	90	80	0	1	-5.548003
973	111.500000	113.000000	F5	90	80	0	5	-3.707830
974	113.000000	114.500000	B-4	90	80	0	2	-3.763668
975	113.000000	114.500000	D5	90	80	0	4	-3.927704
976	114.500000	116.000000	G4	90	80	0	1	-2.857522
977	114.500000	116.000000	E-5	90	80	0	5	-4.305381
978	116.000000	116.500000	A4	90	80	0	2	-4.646957
979	116.000000	116.500000	D5	90	80	0	4	-2.909306
980	116.500000	117.000000	A4	90	80	0	2	-3.266530
981	116.500000	117.000000	C5	90	80	0	4	-2.758588
982	117.000000	117.500000	A4	90	80	0	2	-3.359779
983	117.000000	117.500000	D5	90	80	0	4	-2.909306
984	117.500000	118.000000	F4	90	80	0	1	-2.969918
985	117.500000	118.000000	B-4	90	80	0	2	-3.275273
986	118.000000	118.500000	F#4	90	80	0	1	-3.157580
987	118.000000	118.500000	B4	90	80	0	3	-4.456068
988	118.500000	119.000000	E4	90	80	0	1	-3.310457
989	118.500000	119.000000	B4	90	80	0	4	-4.054949
990	119.000000	119.500000	E4	90	80	0	1	-2.857522
991	119.000000	119.500000	B-4	90	80	0	2	-5.017340
992	119.000000	119.500000	C5	90	80	0	4	-3.580467
993	119.500000	120.000000	F4	90	80	0	1	-2.857522
994	119.500000	120.000000	A4	90	80	0	2	-2.525967
995	119.500000	120.000000	C5	90	80	0	3	-3.012122
996	120.000000	120.500000	A-4	90	80	0	1	-4.375439
997	120.000000	120.500000	D5	90	80	0	3	-5.088322
998	120.500000	121.500000	G5	90	80	0	5	-3.128600
999	121.500000	121.750000	A4	90	80	0	1	-3.027253
1000	121.750000	122.000000	B-4	90	80	0	2	-3.900292
1001	122.000000	122.250000	C-5	103	80	0	3	-3.686981
1002	122.250000	122.500000	B-4	90	80	0	2	-3.151465
1003	122.500000	122.750000	C#5	90	80	0	3	-3.012122
1004	122.750000	123.000000	D5	90	80	0	1	-4.595018
1005	123.000000	123.375000	G5	103	80	0	2	-2.963617
1006	123.375000	123.500000	F5	90	80	0	1	-2.609267
1007	123.500000	124.500000	F5	90	80	0	3	-5.268790
1008	124.500000	125.000000	E-5	90	80	0	2	-3.032881
1009	125.000000	125.250000	E-5	90	80	0	2	-4.554564
1010	125.250000	125.500000	F5	90	80	0	3	-3.265372
1011	125.500000	125.750000	E-5	90	80	0	2	-3.032881
1012	125.750000	126.000000	D5	90	80	0	1	-3.290753
1013	126.000000	126.250000	E-5	90	80	0	2	-3.900292
1014	126.250000	126.500000	F5	90	80	0	3	-3.265372
1015	126.500000	126.750000	G5	90	80	0	4	-2.883688
1016	126.750000	127.000000	B4	90	80	0	1	-2.969918
1017	127.000000	127.250000	C5	90	80	0	2	-2.867384
1018	127.250000	127.500000	D-5	90	80	0	3	-3.190537
1019	127.500000	127.750000	C5	90	80	0	2	-2.803601
1020	127.750000	128.000000	F5	90	80	0	3	-4.897982
1021	128.000000	128.250000	E5	90	80	0	2	-2.287533
1022	128.250000	128.500000	A-5	90	80	0	4	-3.522723
1023	128.500000	128.750000	G5	90	80	0	3	-3.302559
1024	128.750000	129.000000	D-6	90	80	0	5	-5.123457
1025	129.000000	129.250000	C6	90	80	0	4	-4.300502
1026	129.250000	129.500000	G5	90	80	0	2	-3.266530
1027	129.500000	131.000000	B-5	90	80	0	4	-4.064995
1028	131.000000	132.000000	A-5	90	80	0	3	-2.238713
1029	132.000000	132.500000	G5	90	80	0	2	-2.803601
1030	132.500000	134.000000	F5	90	80	0	1	-2.609267
1031	134.000000	134.500000	G5	96	80	0	2	-2.867384
1032	134.500000	135.000000	G5	90	80	0	4	-6.366682
1033	135.000000	135.500000	D5	90	80	0	2	-3.266530
1034	135.500000	137.000000	E-5	90	80	0	3	-3.190537
1035	137.000000	138.500000	C5	90	80	0	2	-3.286699
1036	138.500000	138.750000	B-4	90	80	0	1	-3.967913
1037	138.750000	139.250000	D6	90	80	0	5	-7.112706
1038	139.250000	139.500000	C#6	90	80	0	3	-5.750777
1039	139.500000	139.750000	C6	90	80	0	2	-2.803601
1040	139.750000	140.000000	B5	90	80	0	1	-2.609267
1041	140.000000	140.250000	B-5	90	80	0	2	-4.284147
1042	140.250000	140.500000	A5	90	80	0	1	-3.290753
1043	140.500000	140.750000	A-5	96	80	0	4	-6.559871
1044	140.750000	140.833333	A4	90	80	0	1	-4.866697
1045	140.833333	140.916667	B-4	90	80	0	2	-3.900292
1046	140.916667	141.000000	C5	90	80	0	3	-3.265372
1047	141.000000	141.125000	C#5	90	80	0	4	-4.152325
1048	141.125000	141.250000	D5	90	80	0	1	-5.276270
1049	141.250000	141.333333	G5	90	80	0	4	-4.278061
1050	141.333333	141.416667	F5	90	80	0	3	-2.238713
1051	141.416667	141.500000	E-5	90	80	0	2	-3.032881
1052	141.500000	144.500000	E-5	90	80	0	2	-4.554564
1053	144.500000	146.000000	E-5	63	80	0	2	-4.554564
1054	146.000000	146.500000	F5	63	80	0	3	-3.265372
1055	146.500000	147.000000	E-5	63	80	0	2	-3.032881
1056	147.000000	147.500000	F5	63	80	0	3	-3.265372
1057	147.500000	150.500000	G5	63	80	0	4	-2.883688
1058	150.500000	152.250000	E-5	45	80	0	2	-3.901124
1059	152.250000	152.500000	F5	45	80	0	3	-3.265372
1060	152.500000	152.750000	E-5	45	80	0	2	-3.032881
1061	152.750000	153.000000	F5	45	80	0	3	-3.265372
1062	153.000000	153.250000	E-5	45	80	0	2	-3.032881
1063	153.250000	153.500000	F5	45	80	0	3	-3.265372
1064	153.500000	154.500000	G5	45	80	0	4	-2.883688
1065	154.500000	155.000000	E-5	45	80	0	1	-5.534855
1066	155.000000	155.500000	E-6	45	80	0	5	-2.242366
1067	155.500000	156.000000	D6	45	80	0	4	-4.300502
1068	156.000000	156.500000	C6	45	80	0	3	-2.238713
1069	156.500000	157.500000	B-5	45	80	0	2	-3.032881
1070	157.500000	158.000000	A5	45	80	0	1	-3.290753
1071	158.000000	158.500000	A-5	45	80	0	3	-4.859211
1072	158.500000	159.000000	C5	45	80	0	1	-4.449629
1073	159.000000	159.500000	D5	45	80	0	2	-2.867384
1074	159.500000	160.000000	E-5	45	80	0	3	-3.190537
1075	160.000000	160.250000	F5	45	80	0	4	-4.111873
1076	160.250000	160.500000	E-5	45	80	0	2	-4.090178
1077	160.500000	160.750000	D5	45	80	0	1	-3.290753
1078	160.750000	161.000000	E-5	45	80	0	2	-3.900292
1079	161.000000	161.500000	G6	45	80	0	5	-8.495044
1080	161.500000	161.750000	F6	51	80	0	4	-2.814339
1081	161.750000	162.000000	E-6	51	80	0	3	-3.510496
1082	162.000000	162.250000	D6	51	80	0	2	-2.803601
1083	162.250000	162.500000	C6	51	80	0	1	-2.609267
1084	162.500000	163.000000	C-6	45	80	0	3	-4.737465
1085	163.000000	163.500000	B-5	45	80	0	2	-3.151465
1086	163.500000	164.000000	B--5	45	80	0	1	-3.290753
1087	164.000000	164.250000	B--5	45	80	0	3	-5.268790
1088	164.250000	164.500000	A-5	45	80	0	2	-3.151465
1089	164.500000	164.750000	A-5	45	80	0	2	-4.554564
1090	164.750000	165.000000	G5	45	80	0	1	-3.290753
1091	165.000000	165.375000	G5	45	80	0	3	-5.268790
1092	165.375000	165.500000	F5	45	80	0	2	-2.287533
1093	165.500000	168.500000	E-5	58	80	0	1	-3.967913
1094	168.500000	170.187500	E-5	63	80	0	2	-4.712397
1095	170.187500	170.375000	F5	63	80	0	3	-3.265372
1096	170.375000	170.562500	E-5	63	80	0	2	-3.032881
1097	170.562500	170.750000	F5	63	80	0	3	-3.265372
1098	170.750000	170.937500	E-5	63	80	0	2	-3.032881
1099	170.937500	171.125000	F5	63	80	0	3	-3.265372
1100	171.125000	171.312500	E-5	63	80	0	2	-3.032881
1101	171.312500	171.500000	F5	63	80	0	4	-3.580467
1102	171.500000	174.500000	E-5	63	80	0	3	-3.510496
1103	174.500000	175.000000	E-5	127	80	0	3	-4.378151
1104	175.000000	175.250000	A-4	126	80	0	1	-3.310457
1105	175.250000	175.500000	B-4	126	80	0	4	-5.307440
1106	175.500000	175.750000	A-4	126	80	0	3	-2.238713
1107	175.750000	176.000000	G4	126	80	0	2	-2.803601
1108	176.000000	176.250000	A-4	126	80	0	3	-3.190537
1109	176.250000	176.500000	C-5	126	80	0	1	-5.285870
1110	176.500000	176.750000	E-5	126	80	0	3	-3.998423
1111	176.750000	177.000000	A-5	126	80	0	1	-5.548003
1112	177.000000	177.250000	E-6	126	80	0	2	-3.928858
1113	177.375000	177.500000	F6	126	80	0	3	-3.265372
1114	177.500000	178.000000	G6	126	80	0	4	-2.883688
1115	178.000000	178.500000	E-6	126	80	0	2	-3.901124
1116	178.500000	179.500000	E-6	90	80	0	1	-4.802885
1117	178.500000	179.500000	E-7	90	80	0	5	-2.242366
1118	179.500000	180.000000	D6	90	80	0	1	-4.287540
1119	179.500000	180.000000	D7	90	80	0	5	-2.242366
1120	180.000000	180.500000	C6	90	80	0	1	-3.460971
1121	180.000000	180.500000	C7	90	80	0	5	-2.242366
1122	180.500000	181.000000	C-6	90	80	0	1	-3.460971
1123	180.500000	181.000000	C-7	90	80	0	5	-2.242366
1124	181.000000	181.500000	B-5	90	80	0	1	-4.270482
1125	181.000000	181.500000	B-6	90	80	0	5	-2.242366
1126	181.500000	182.000000	B--5	90	80	0	1	-4.287540
1127	181.500000	182.000000	B--6	90	80	0	5	-2.242366
1128	182.000000	182.500000	A-5	90	80	0	1	-4.270482
1129	182.000000	182.500000	A-6	90	80	0	5	-2.242366
1130	182.500000	183.000000	G5	90	80	0	1	-4.287540
1131	182.500000	183.000000	G6	90	80	0	5	-2.242366
1132	183.000000	183.500000	D5	90	80	0	1	-4.498352
1133	183.000000	183.500000	D6	90	80	0	5	-2.242366
1134	183.500000	184.000000	E-5	90	80	0	1	-4.221033
1135	183.500000	184.000000	E-6	90	80	0	5	-2.242366
1136	184.000000	185.500000	E-6	90	80	0	1	-5.027158
1137	184.000000	185.500000	E-7	90	80	0	5	-2.242366
1138	185.500000	186.000000	F5	90	80	0	1	-14.827075
1139	185.500000	186.000000	F6	90	80	0	5	-2.242366
1140	186.000000	186.500000	C6	90	80	0	1	-4.713462
1141	186.000000	186.500000	C7	90	80	0	5	-2.242366
1142	186.500000	189.500000	C-6	90	80	0	1	-3.460971
1143	186.500000	189.500000	C-7	90	80	0	5	-2.242366
1144	189.500000	192.500000	B-5	90	80	0	1	-4.270482
1145	189.500000	192.500000	B-6	90	80	0	4	-3.867317
1146	192.500000	192.714286	C-7	127	80	0	5	-3.684684
1147	192.714286	192.928571	B-6	127	80	0	4	-3.640665
1148	192.928571	193.142857	C7	127	80	0	5	-3.871087
1149	193.142857	193.357143	A6	127	80	0	3	-3.509161
1150	193.357143	193.544643	C-7	127	80	0	4	-2.883688
1151	193.544643	193.732143	B-6	127	80	0	3	-3.226506
1152	193.732143	193.919643	C7	127	80	0	4	-4.111873
1153	193.919643	194.107143	A6	127	80	0	2	-3.359779
1154	194.107143	194.232143	C-7	127	80	0	3	-2.675961
1155	194.232143	194.357143	B-6	127	80	0	2	-3.151465
1156	194.357143	194.482143	C7	127	80	0	3	-3.265372
1157	194.482143	194.607143	A6	127	80	0	2	-3.674662
1158	194.607143	194.732143	C-7	127	80	0	3	-2.675961
1159	194.732143	194.857143	B-6	127	80	0	2	-3.151465
1160	194.857143	194.982143	C7	127	80	0	3	-3.265372
1161	194.982143	195.107143	A6	127	80	0	2	-3.674662
1162	195.107143	195.214286	C-7	127	80	0	3	-2.675961
1163	195.214286	195.321429	B-6	127	80	0	2	-3.151465
1164	195.321429	195.428571	C7	127	80	0	3	-3.265372
1165	195.428571	195.535714	A6	127	80	0	2	-3.674662
1166	195.535714	195.642857	C-7	127	80	0	3	-2.675961
1167	195.642857	195.750000	B-6	127	80	0	2	-3.151465
1168	195.750000	195.857143	C7	127	80	0	3	-3.265372
1169	195.857143	195.964286	A6	127	80	0	2	-3.674662
1170	195.964286	196.071429	C-7	127	80	0	3	-2.675961
1171	196.071429	196.178571	B-6	127	80	0	2	-3.151465
1172	196.178571	196.285714	C7	127	80	0	3	-3.265372
1173	196.285714	196.392857	A6	127	80	0	2	-3.674662
1174	196.392857	196.486607	C-7	127	80	0	3	-2.675961
1175	196.486607	196.580357	B-6	127	80	0	2	-3.151465
1176	196.580357	196.674107	C7	127	80	0	3	-3.265372
1177	196.674107	196.767857	A6	127	80	0	2	-3.674662
1178	196.767857	196.861607	C-7	127	80	0	3	-2.675961
1179	196.861607	196.955357	B-6	127	80	0	2	-3.151465
1180	196.955357	197.049107	C7	127	80	0	3	-3.265372
1181	197.049107	197.142857	A6	127	80	0	2	-3.674662
1182	197.142857	197.236607	C-7	127	80	0	3	-2.675961
1183	197.236607	197.330357	B-6	127	80	0	2	-3.151465
1184	197.330357	197.424107	C7	127	80	0	3	-3.265372
1185	197.424107	197.517857	A6	127	80	0	2	-3.674662
1186	197.517857	197.611607	C-7	127	80	0	3	-2.675961
1187	197.611607	197.705357	B-6	127	80	0	2	-3.151465
1188	197.705357	197.799107	C7	127	80	0	3	-3.265372
1189	197.799107	197.892857	A6	127	80	0	2	-3.674662
1190	197.892857	197.986607	C-7	127	80	0	3	-2.675961
1191	197.986607	198.080357	B-6	127	80	0	2	-3.151465
1192	198.080357	198.174107	C7	127	80	0	3	-3.265372
1193	198.174107	198.267857	A6	127	80	0	2	-3.674662
1194	198.267857	198.417857	C-7	127	80	0	3	-2.675961
1195	198.417857	198.567857	B-6	127	80	0	2	-3.151465
1196	198.567857	198.717857	D7	127	80	0	4	-3.927704
1197	198.717857	198.867857	C7	127	80	0	3	-2.238713
1198	198.867857	199.017857	B-6	127	80	0	2	-3.032881
1199	199.017857	199.167857	A6	127	80	0	1	-3.290753
1200	199.167857	199.317857	A-6	127	80	0	4	-6.559871
1201	199.317857	199.467857	G6	127	80	0	3	-3.302559
1202	199.467857	199.682143	F6	127	80	0	2	-2.287533
1203	199.682143	199.896429	D6	127	80	0	1	-3.157580
1204	199.896429	200.110714	E-6	127	80	0	2	-3.900292
1205	200.110714	200.325000	C6	127	80	0	1	-3.360143
1206	200.325000	200.700000	B-5	127	80	0	4	-6.205414
1207	200.700000	201.075000	A-5	127	80	0	3	-2.238713
1208	201.075000	201.450000	C5	127	80	0	1	-4.449629
1209	201.450000	201.825000	D5	127	80	0	2	-2.867384
1210	201.825000	202.325000	G4	90	80	0	1	-4.740672
1211	201.825000	202.325000	E-5	90	80	0	5	-4.305381
1212	202.325000	202.825000	B-4	45	80	0	2	-3.071676
1213	202.825000	203.325000	G5	45	80	0	5	-4.457166
1214	203.325000	203.825000	G4	90	80	0	1	-1.922714
1215	203.325000	203.825000	E-5	90	80	0	5	-4.305381
1216	203.825000	204.325000	B-4	45	80	0	2	-3.071676
1217	204.325000	204.825000	G5	45	80	0	5	-4.457166
1218	204.825000	205.325000	G4	90	80	0	1	-1.922714
1219	204.825000	205.325000	E-5	90	80	0	5	-4.305381
1220	205.325000	205.825000	B-4	45	80	0	2	-3.071676
1221	205.825000	206.325000	G5	45	80	0	5	-4.457166
1222	206.325000	206.825000	G4	90	80	0	1	-1.922714
1223	206.325000	206.825000	E-5	90	80	0	5	-4.305381
1224	206.825000	207.325000	B-4	45	80	0	2	-3.071676
1225	207.325000	207.825000	G5	45	80	0	5	-4.457166
1226	207.825000	209.325000	G4	90	80	0	1	-1.922714
1227	207.825000	209.325000	E-5	90	80	0	4	-4.298356
1228	209.325000	210.825000	G5	90	80	0	1	-6.948157
1229	209.325000	210.825000	E-6	90	80	0	4	-4.298356
1230	210.825000	213.825000	G3	90	80	0	1	-7.338864
1231	210.825000	213.825000	E-4	90	80	0	4	-4.298356
