//Version: PianoFingering_v170101
1	0.000000	0.250000	E3	90	80	1	-5	-0.504576
2	0.250000	0.500000	F#3	90	80	1	-4	-4.807638
3	0.300000	0.900000	E5	90	80	0	3	-1.701607
4	0.500000	0.750000	G#3	90	80	1	-3	-2.915060
5	0.750000	1.000000	A3	90	80	1	-2	-3.642491
6	0.900000	1.500000	D#5	90	80	0	2	-3.151465
7	1.000000	1.250000	B3	90	80	1	-1	-2.578439
8	1.250000	1.500000	C#4	90	80	1	-3	-5.700951
9	1.500000	2.100000	D5	90	80	0	1	-3.290753
10	1.500000	1.750000	D#4	90	80	1	-2	-2.510186
11	1.750000	1.875000	E4	90	80	1	-1	-3.404249
12	1.875000	2.000000	D#4	90	80	1	-2	-3.720116
13	2.000000	2.125000	C#4	90	80	1	-3	-2.891080
14	2.100000	2.700000	C#5	90	80	0	3	-4.859211
15	2.125000	2.250000	B3	90	80	1	-4	-4.404178
16	2.250000	2.500000	E4	90	80	1	-1	-3.219441
17	2.500000	2.750000	E3	90	80	1	-5	-2.314770
18	2.700000	3.300000	B4	90	80	0	2	-3.286699
19	3.125000	3.375000	E3	90	80	1	-1	-7.515526
20	3.300000	3.900000	A4	90	80	0	1	-2.609267
21	3.375000	3.625000	D#3	90	80	1	-2	-3.720116
22	3.625000	3.875000	D3	90	80	1	-1	-3.931111
23	3.875000	4.125000	C#3	90	80	1	-2	-3.720116
24	3.900000	4.500000	G#4	90	80	0	2	-4.284147
25	4.125000	4.375000	B2	90	80	1	-3	-4.407505
26	4.375000	4.625000	A2	90	80	1	-1	-3.930078
27	4.500000	5.100000	F#4	90	80	0	1	-2.609267
28	4.625000	4.875000	G#2	90	80	1	-2	-3.720116
29	4.875000	5.125000	F#2	90	80	1	-3	-2.891080
30	5.100000	5.250000	G#4	90	80	0	2	-2.867384
31	5.125000	5.187500	G#2	90	80	1	-2	-2.510186
32	5.187500	5.250000	A2	90	80	1	-1	-3.404249
33	5.250000	5.400000	A4	90	80	0	3	-3.686981
34	5.250000	5.375000	G#2	90	80	1	-2	-3.720116
35	5.375000	5.437500	B2	90	80	1	-1	-2.464298
36	5.400000	5.700000	G#4	90	80	0	2	-3.151465
37	5.437500	5.500000	A2	90	80	1	-2	-2.745489
38	5.500000	5.625000	B2	90	80	1	-1	-2.578439
39	5.625000	5.687500	G#2	90	80	1	-2	-3.299403
40	5.687500	5.750000	F#2	90	80	1	-3	-2.891080
41	5.700000	5.850000	B4	90	80	0	3	-3.265372
42	5.750000	5.875000	G#2	90	80	1	-2	-2.510186
43	5.850000	6.000000	A4	90	80	0	2	-2.287533
44	5.875000	5.937500	E2	90	80	1	-1	-6.695584
45	5.937500	6.000000	D#2	90	80	1	-2	-3.720116
46	6.000000	6.300000	B4	90	80	0	3	-2.675961
47	6.000000	6.250000	E2	90	80	1	-1	-3.404249
48	6.250000	6.500000	C#3	90	80	1	-5	-6.864678
49	6.300000	6.450000	G#4	90	80	0	2	-3.032881
50	6.450000	6.600000	F#4	90	80	0	1	-2.609267
51	6.500000	6.750000	E3	90	80	1	-4	-4.523458
52	6.600000	6.900000	G#4	90	80	0	2	-2.867384
53	6.750000	7.000000	F#3	90	80	1	-3	-3.762277
54	6.900000	7.050000	E4	90	80	0	1	-4.134704
55	7.000000	7.250000	A#3	90	80	1	-2	-3.046717
56	7.050000	7.200000	D#4	90	80	0	2	-4.284147
57	7.200000	7.800000	E4	90	80	0	1	-4.072488
58	7.250000	7.500000	C#4	90	80	1	-1	-2.415329
59	7.500000	7.750000	D#2	90	80	1	-5	-5.805721
60	7.750000	8.000000	B2	90	80	1	-4	-6.683330
61	7.800000	8.400000	F#4	90	80	0	2	-3.246278
62	8.000000	8.250000	D#3	90	80	1	-2	-3.159098
63	8.250000	8.500000	E3	90	80	1	-1	-3.404249
64	8.400000	9.000000	G#4	90	80	0	3	-2.675961
65	8.500000	8.750000	G#3	90	80	1	-2	-5.718611
66	8.750000	9.000000	B3	90	80	1	-1	-2.464298
67	9.000000	9.600000	A4	90	80	0	1	-4.595018
68	9.000000	9.250000	C#2	90	80	1	-5	-5.753604
69	9.250000	9.500000	C#3	90	80	1	-1	-1.202832
70	9.500000	9.750000	E3	90	80	1	-5	-6.473863
71	9.600000	10.200000	B4	90	80	0	2	-2.867384
72	9.750000	10.000000	F#3	90	80	1	-4	-4.807638
73	10.000000	10.250000	G#3	90	80	1	-3	-2.915060
74	10.200000	10.800000	C#5	90	80	0	3	-3.409656
75	10.250000	10.500000	A#3	90	80	1	-2	-2.510186
76	10.500000	10.750000	B3	90	80	1	-1	-3.404249
77	10.750000	11.000000	E3	90	80	1	-5	-3.242781
78	10.800000	11.400000	D#5	90	80	0	4	-2.883688
79	11.000000	11.250000	G#3	90	80	1	-3	-3.351805
80	11.250000	11.375000	F#3	90	80	1	-4	-3.061136
81	11.375000	11.500000	C#4	90	80	1	-1	-2.959487
82	11.400000	11.700000	E5	90	80	0	5	-3.684684
83	11.500000	11.625000	A#3	90	80	1	-2	-3.291596
84	11.625000	11.750000	C#4	90	80	1	-1	-2.415329
85	11.700000	12.000000	D#5	90	80	0	4	-3.640665
86	11.750000	11.875000	E3	90	80	1	-5	-4.087479
87	11.875000	12.000000	C#4	90	80	1	-1	-5.043358
88	12.000000	12.300000	C#5	90	80	0	3	-2.238713
89	12.000000	12.250000	D#3	90	80	1	-5	-3.181034
90	12.250000	12.500000	E3	90	80	1	-4	-5.624397
91	12.300000	12.600000	B4	90	80	0	2	-3.286699
92	12.500000	12.750000	F#3	90	80	1	-2	-3.337019
93	12.600000	13.200000	E5	90	80	0	5	-3.228870
94	12.750000	12.875000	B2	90	80	1	-5	-4.626444
95	12.875000	12.937500	B3	90	80	1	-1	-1.202832
96	12.937500	13.000000	A#3	90	80	1	-2	-3.720116
97	13.000000	13.125000	B3	90	80	1	-1	-3.404249
98	13.125000	13.187500	F#3	90	80	1	-2	-4.444474
99	13.187500	13.250000	E3	90	80	1	-3	-4.407505
100	13.200000	13.800000	E4	90	80	0	1	-1.922714
101	13.250000	13.375000	F#3	90	80	1	-1	-4.207397
102	13.375000	13.437500	D#3	90	80	1	-2	-3.291596
103	13.437500	13.500000	C#3	90	80	1	-3	-2.891080
104	13.500000	13.625000	D#3	90	80	1	-2	-2.510186
105	13.625000	13.687500	F#3	90	80	1	-1	-2.415329
106	13.687500	13.750000	E3	90	80	1	-2	-4.084076
107	13.750000	13.875000	F#3	90	80	1	-1	-3.101885
108	13.875000	13.937500	D#3	90	80	1	-2	-3.291596
109	13.937500	14.000000	C#3	90	80	1	-3	-2.891080
110	14.000000	14.125000	D#3	90	80	1	-2	-2.510186
111	14.125000	14.187500	B2	90	80	1	-1	-6.695584
112	14.187500	14.250000	A#2	90	80	1	-2	-3.720116
113	14.250000	14.750000	B2	90	80	1	-1	-3.404249
114	14.700000	15.300000	G#5	90	80	0	5	-7.112706
115	14.750000	15.000000	B1	90	80	1	-5	-2.314770
116	15.000000	15.250000	E3	90	80	1	-2	-7.153101
117	15.250000	15.500000	F#3	90	80	1	-1	-3.101885
118	15.300000	15.900000	E5	90	80	0	3	-4.396088
119	15.500000	15.750000	G#3	90	80	1	-3	-4.611792
120	15.750000	16.000000	A3	90	80	1	-2	-3.642491
121	15.900000	16.500000	C#5	90	80	0	2	-3.032881
122	16.000000	16.250000	B3	90	80	1	-1	-2.578439
123	16.250000	16.500000	C#4	90	80	1	-3	-5.700951
124	16.500000	16.650000	E5	90	80	0	4	-3.580467
125	16.500000	16.750000	D#4	90	80	1	-2	-2.510186
126	16.650000	16.800000	D#5	90	80	0	3	-3.226506
127	16.750000	16.875000	E4	90	80	1	-1	-3.404249
128	16.800000	17.100000	E5	90	80	0	4	-3.868143
129	16.875000	17.000000	D#4	90	80	1	-2	-3.720116
130	17.000000	17.125000	C#4	90	80	1	-3	-2.891080
131	17.100000	17.400000	C#5	90	80	0	3	-3.510496
132	17.125000	17.250000	B3	90	80	1	-4	-4.404178
133	17.250000	17.500000	E4	90	80	1	-1	-3.219441
134	17.400000	17.700000	A#4	90	80	0	2	-3.674662
135	17.500000	17.750000	E3	90	80	1	-5	-2.314770
136	17.700000	18.300000	F#4	90	80	0	1	-3.157580
137	18.125000	18.375000	E3	90	80	1	-1	-7.515526
138	18.300000	18.900000	F#5	90	80	0	5	-2.242366
139	18.375000	18.625000	D#3	90	80	1	-2	-3.720116
140	18.625000	18.875000	D3	90	80	1	-1	-3.931111
141	18.875000	19.125000	C#3	90	80	1	-2	-3.720116
142	18.900000	19.500000	D#5	90	80	0	3	-3.509161
143	19.125000	19.375000	B2	90	80	1	-3	-4.407505
144	19.375000	19.625000	A2	90	80	1	-1	-3.930078
145	19.500000	20.100000	B4	90	80	0	1	-3.996553
146	19.625000	19.875000	G#2	90	80	1	-2	-3.720116
147	19.875000	20.125000	F#2	90	80	1	-3	-2.891080
148	20.100000	20.250000	D#5	90	80	0	2	-3.275273
149	20.125000	20.187500	G#2	90	80	1	-2	-2.510186
150	20.187500	20.250000	A2	90	80	1	-1	-3.404249
151	20.250000	20.400000	C#5	90	80	0	1	-2.609267
152	20.250000	20.375000	G#2	90	80	1	-2	-3.720116
153	20.375000	20.437500	B2	90	80	1	-1	-2.464298
154	20.400000	20.700000	D#5	90	80	0	2	-2.867384
155	20.437500	20.500000	A2	90	80	1	-2	-2.745489
156	20.500000	20.625000	B2	90	80	1	-1	-2.578439
157	20.625000	20.687500	G#2	90	80	1	-2	-3.299403
158	20.687500	20.750000	F#2	90	80	1	-3	-2.891080
159	20.700000	21.000000	B4	90	80	0	1	-4.134704
160	20.750000	20.875000	G#2	90	80	1	-2	-2.510186
161	20.875000	20.937500	E2	90	80	1	-1	-6.695584
162	20.937500	21.000000	D#2	90	80	1	-2	-3.720116
163	21.000000	21.300000	G#4	90	80	0	3	-5.389440
164	21.000000	21.250000	E2	90	80	1	-1	-3.404249
165	21.250000	21.500000	C#3	90	80	1	-5	-6.864678
166	21.300000	21.900000	E4	90	80	0	1	-3.996553
167	21.500000	21.750000	E3	90	80	1	-4	-4.523458
168	21.750000	22.000000	F#3	90	80	1	-3	-3.762277
169	21.900000	22.500000	E5	90	80	0	5	-2.242366
170	22.000000	22.250000	A#3	90	80	1	-2	-3.046717
171	22.250000	22.500000	C#4	90	80	1	-1	-2.415329
172	22.500000	23.100000	C#5	90	80	0	3	-4.229469
173	22.500000	22.750000	D#2	90	80	1	-5	-5.805721
174	22.750000	23.000000	B2	90	80	1	-4	-6.683330
175	23.000000	23.250000	D#3	90	80	1	-2	-3.159098
176	23.100000	23.700000	A#4	90	80	0	1	-3.281335
177	23.250000	23.500000	E3	90	80	1	-1	-3.404249
178	23.500000	23.750000	G#3	90	80	1	-2	-5.718611
179	23.700000	24.300000	G#5	90	80	0	4	-4.869085
180	23.750000	24.000000	B3	90	80	1	-1	-2.464298
181	24.000000	24.250000	C#2	90	80	1	-5	-5.753604
182	24.250000	24.500000	C#3	90	80	1	-1	-1.202832
183	24.300000	24.900000	F#5	90	80	0	3	-2.238713
184	24.500000	24.750000	E3	90	80	1	-5	-6.473863
185	24.750000	25.000000	F#3	90	80	1	-4	-4.807638
186	24.900000	25.500000	E5	90	80	0	1	-3.984578
187	25.000000	25.250000	G#3	90	80	1	-3	-2.915060
188	25.250000	25.500000	A#3	90	80	1	-2	-2.510186
189	25.500000	26.100000	D#5	90	80	0	3	-4.859211
190	25.500000	25.750000	B3	90	80	1	-1	-3.404249
191	25.750000	26.000000	E3	90	80	1	-5	-3.242781
192	26.000000	26.250000	G#3	90	80	1	-3	-3.351805
193	26.100000	26.700000	C#5	90	80	0	2	-2.287533
194	26.250000	26.375000	F#3	90	80	1	-4	-3.061136
195	26.375000	26.500000	C#4	90	80	1	-1	-2.959487
196	26.500000	26.625000	A#3	90	80	1	-2	-3.291596
197	26.625000	26.750000	C#4	90	80	1	-1	-2.415329
198	26.700000	27.000000	B4	90	80	0	1	-3.360143
199	26.750000	26.875000	E3	90	80	1	-5	-4.087479
200	26.875000	27.000000	C#4	90	80	1	-1	-5.043358
201	27.000000	27.300000	A#4	90	80	0	3	-4.859211
202	27.000000	27.250000	D#3	90	80	1	-5	-3.181034
203	27.250000	27.500000	E3	90	80	1	-4	-5.624397
204	27.300000	27.450000	E4	90	80	0	1	-4.323321
205	27.450000	27.600000	D#4	90	80	0	2	-4.284147
206	27.500000	27.750000	F#3	90	80	1	-2	-3.337019
207	27.600000	27.900000	E4	90	80	0	1	-4.072488
208	27.750000	27.875000	B2	90	80	1	-5	-4.626444
209	27.875000	27.937500	B3	90	80	1	-1	-1.202832
210	27.900000	28.050000	A#4	90	80	0	4	-4.926369
211	27.937500	28.000000	A#3	90	80	1	-2	-3.720116
212	28.000000	28.125000	B3	90	80	1	-1	-3.404249
213	28.050000	28.200000	G#4	90	80	0	3	-2.238713
214	28.125000	28.187500	F#3	90	80	1	-2	-4.444474
215	28.187500	28.250000	E3	90	80	1	-3	-4.407505
216	28.200000	28.500000	A#4	90	80	0	4	-2.883688
217	28.250000	28.375000	F#3	90	80	1	-1	-4.207397
218	28.375000	28.437500	D#3	90	80	1	-2	-3.291596
219	28.437500	28.500000	C#3	90	80	1	-3	-2.891080
220	28.500000	28.650000	B4	90	80	0	5	-3.684684
221	28.500000	28.625000	D#3	90	80	1	-2	-2.510186
222	28.625000	28.687500	F#3	90	80	1	-1	-2.415329
223	28.650000	28.800000	A#4	90	80	0	4	-3.640665
224	28.687500	28.750000	E3	90	80	1	-2	-4.084076
225	28.750000	28.875000	F#3	90	80	1	-1	-3.101885
226	28.800000	29.100000	B4	90	80	0	5	-3.684684
227	28.875000	28.937500	D#3	90	80	1	-2	-3.291596
228	28.937500	29.000000	C#3	90	80	1	-3	-2.891080
229	29.000000	29.125000	D#3	90	80	1	-2	-2.510186
230	29.100000	29.400000	D#4	90	80	0	2	-3.763668
231	29.125000	29.187500	B2	90	80	1	-1	-6.695584
232	29.187500	29.250000	A#2	90	80	1	-2	-3.720116
233	29.250000	29.750000	B2	90	80	1	-1	-3.404249
234	29.400000	29.700000	C#4	90	80	0	1	-2.609267
235	29.700000	30.000000	B4	90	80	0	5	-4.733635
236	29.750000	30.000000	B1	90	80	1	-5	-2.314770
237	30.000000	30.300000	C#4	90	80	0	1	-3.521239
238	30.125000	30.375000	B3	90	80	1	-1	-5.964413
239	30.300000	30.600000	A#4	90	80	0	4	-4.268071
240	30.375000	30.625000	A#3	90	80	1	-2	-3.720116
241	30.600000	31.200000	B4	90	80	0	5	-3.684684
242	30.625000	30.875000	A3	90	80	1	-1	-3.931111
243	30.875000	31.125000	G#3	90	80	1	-2	-3.720116
244	31.125000	31.375000	F#3	90	80	1	-3	-2.891080
245	31.375000	31.625000	E3	90	80	1	-1	-4.439870
246	31.500000	31.800000	B4	90	80	0	1	-5.027158
247	31.625000	31.875000	D#3	90	80	1	-2	-3.720116
248	31.800000	32.100000	D#5	90	80	0	2	-3.275273
249	31.875000	32.125000	C#3	90	80	1	-3	-2.891080
250	32.100000	32.400000	F#5	90	80	0	3	-3.012122
251	32.125000	32.187500	D#3	90	80	1	-2	-2.510186
252	32.187500	32.250000	E3	90	80	1	-1	-3.404249
253	32.250000	32.375000	D#3	90	80	1	-2	-3.720116
254	32.375000	32.437500	F#3	90	80	1	-1	-2.415329
255	32.400000	33.000000	B5	90	80	0	5	-3.340065
256	32.437500	32.500000	E3	90	80	1	-2	-4.084076
257	32.500000	32.625000	F#3	90	80	1	-1	-3.101885
258	32.625000	32.687500	D#3	90	80	1	-2	-3.291596
259	32.687500	32.750000	C#3	90	80	1	-3	-2.891080
260	32.750000	32.875000	D#3	90	80	1	-1	-4.411093
261	32.875000	32.937500	B2	90	80	1	-2	-4.597368
262	32.937500	33.000000	A#2	90	80	1	-3	-3.848567
263	33.000000	33.250000	B2	90	80	1	-2	-3.642491
264	33.250000	33.500000	C#3	90	80	1	-1	-3.101885
265	33.300000	33.600000	B5	90	80	0	5	-4.495609
266	33.500000	33.750000	D#3	90	80	1	-3	-4.611792
267	33.600000	33.900000	F#5	90	80	0	3	-4.491606
268	33.750000	34.000000	E3	90	80	1	-2	-3.642491
269	33.900000	34.200000	D#5	90	80	0	2	-3.674662
270	34.000000	34.250000	F#3	90	80	1	-1	-3.101885
271	34.200000	34.500000	B4	90	80	0	1	-4.134704
272	34.250000	34.500000	G#3	90	80	1	-3	-4.611792
273	34.500000	34.800000	F#4	90	80	0	4	-7.341475
274	34.500000	34.750000	A#3	90	80	1	-2	-2.510186
275	34.750000	34.875000	B3	90	80	1	-1	-3.404249
276	34.800000	35.100000	D#4	90	80	0	2	-3.359779
277	34.875000	35.000000	A#3	90	80	1	-2	-3.720116
278	35.000000	35.125000	G#3	90	80	1	-1	-4.644141
279	35.100000	35.400000	B3	90	80	0	1	-4.134704
280	35.125000	35.250000	F#3	90	80	1	-2	-2.745489
281	35.250000	35.500000	B3	90	80	1	-1	-3.262923
282	35.500000	35.750000	B2	90	80	1	-5	-2.314770
283	36.000000	36.250000	G#3	90	80	1	-3	-6.877043
284	36.250000	36.500000	B3	90	80	1	-2	-2.872099
285	36.300000	36.900000	E5	90	80	0	5	-6.120276
286	36.500000	36.750000	D#4	90	80	1	-1	-3.194227
287	36.750000	37.000000	F##3	90	80	1	-4	-5.233707
288	36.900000	37.500000	D#5	90	80	0	4	-3.640665
289	37.000000	37.250000	A#3	90	80	1	-2	-3.337019
290	37.250000	37.500000	D#4	90	80	1	-1	-2.320150
291	37.500000	38.100000	D5	90	80	0	3	-3.302559
292	37.500000	37.750000	G#3	90	80	1	-3	-4.266477
293	37.750000	38.000000	B3	90	80	1	-2	-2.872099
294	38.000000	38.250000	D#4	90	80	1	-1	-3.194227
295	38.100000	38.700000	C#5	90	80	0	2	-3.151465
296	38.250000	38.500000	D#3	90	80	1	-5	-2.314770
297	38.500000	38.750000	D#4	90	80	1	-1	-1.202832
298	38.700000	39.300000	B4	90	80	0	1	-3.360143
299	38.750000	39.000000	C#4	90	80	1	-2	-2.745489
300	39.000000	39.250000	B#3	90	80	1	-3	-3.281947
301	39.250000	39.500000	C#4	90	80	1	-2	-3.081523
302	39.300000	39.900000	A4	90	80	0	3	-4.737465
303	39.500000	39.750000	D#4	90	80	1	-1	-2.578439
304	39.750000	40.000000	G#3	90	80	1	-4	-3.752799
305	39.900000	40.500000	G#4	90	80	0	2	-3.151465
306	40.000000	40.250000	C#4	90	80	1	-1	-3.219441
307	40.250000	40.500000	B3	90	80	1	-2	-4.084076
308	40.500000	41.100000	F#4	90	80	0	1	-2.609267
309	40.500000	40.750000	A#3	90	80	1	-3	-3.848567
310	40.750000	41.000000	B3	90	80	1	-2	-3.642491
311	41.000000	41.250000	C#4	90	80	1	-1	-3.101885
312	41.100000	41.250000	G#4	90	80	0	2	-2.867384
313	41.250000	41.400000	A4	90	80	0	3	-3.686981
314	41.250000	41.500000	F#3	90	80	1	-4	-3.752799
315	41.400000	41.700000	G#4	90	80	0	2	-3.151465
316	41.500000	41.750000	B3	90	80	1	-2	-2.871001
317	41.700000	41.850000	B4	90	80	0	3	-3.265372
318	41.750000	42.000000	D#4	90	80	1	-1	-3.194227
319	41.850000	42.000000	A4	90	80	0	2	-2.287533
320	42.000000	42.300000	B4	90	80	0	3	-2.675961
321	42.000000	42.250000	F##3	90	80	1	-4	-5.233707
322	42.250000	42.500000	G#3	90	80	1	-3	-2.906925
323	42.300000	42.450000	G#4	90	80	0	2	-3.032881
324	42.450000	42.600000	F#4	90	80	0	1	-2.609267
325	42.500000	42.750000	A#3	90	80	1	-2	-2.510186
326	42.600000	42.900000	G#4	90	80	0	2	-2.867384
327	42.750000	43.000000	D#3	90	80	1	-5	-3.155341
328	42.900000	43.050000	E4	90	80	0	1	-4.134704
329	43.000000	43.250000	G#3	90	80	1	-2	-3.272976
330	43.050000	43.200000	D#4	90	80	0	2	-4.284147
331	43.200000	43.800000	E4	90	80	0	1	-4.072488
332	43.250000	43.500000	B3	90	80	1	-1	-2.464298
333	43.500000	43.750000	C#3	90	80	1	-5	-4.114892
334	43.800000	44.400000	F#4	90	80	0	2	-3.246278
335	44.000000	44.500000	C#4	90	80	1	-1	-1.202832
336	44.400000	45.000000	G#4	90	80	0	3	-2.675961
337	44.500000	44.750000	A#3	90	80	1	-2	-3.291596
338	44.750000	45.000000	F##3	90	80	1	-3	-4.407505
339	45.000000	45.600000	A4	90	80	0	1	-4.595018
340	45.000000	45.250000	G#3	90	80	1	-2	-3.081523
341	45.250000	45.500000	C#3	90	80	1	-5	-3.155341
342	45.500000	45.750000	D#3	90	80	1	-4	-3.907966
343	45.600000	46.200000	B4	90	80	0	2	-2.867384
344	45.750000	46.000000	G#2	90	80	1	-5	-5.136528
345	46.125000	46.250000	G#2	90	80	1	-5	-4.242005
346	46.200000	46.800000	C#5	90	80	0	3	-3.409656
347	46.250000	46.375000	G#3	90	80	1	-1	-1.202832
348	46.375000	46.625000	F#3	90	80	1	-2	-2.745489
349	46.625000	46.875000	E3	90	80	1	-1	-5.183592
350	46.800000	47.400000	D#5	90	80	0	4	-2.883688
351	46.875000	47.125000	D#3	90	80	1	-2	-3.720116
352	47.125000	47.375000	D3	90	80	1	-1	-3.931111
353	47.375000	47.625000	C#3	90	80	1	-2	-3.720116
354	47.400000	47.700000	E5	90	80	0	5	-3.684684
355	47.625000	47.875000	B2	90	80	1	-3	-4.407505
356	47.700000	48.000000	D#5	90	80	0	4	-3.640665
357	47.875000	48.125000	A2	90	80	1	-1	-3.930078
358	48.000000	48.300000	C#5	90	80	0	3	-2.238713
359	48.125000	48.375000	G#2	90	80	1	-2	-3.720116
360	48.300000	48.600000	B4	90	80	0	2	-3.286699
361	48.375000	48.625000	F#2	90	80	1	-3	-2.891080
362	48.600000	49.200000	E5	90	80	0	5	-3.228870
363	48.625000	48.687500	G#2	90	80	1	-2	-2.510186
364	48.687500	48.750000	A2	90	80	1	-1	-3.404249
365	48.750000	48.875000	G#2	90	80	1	-2	-3.720116
366	48.875000	48.937500	B2	90	80	1	-1	-2.464298
367	48.937500	49.000000	A2	90	80	1	-2	-2.745489
368	49.000000	49.125000	B2	90	80	1	-1	-2.578439
369	49.125000	49.187500	G#2	90	80	1	-2	-3.299403
370	49.187500	49.250000	F#2	90	80	1	-3	-2.891080
371	49.200000	49.800000	E4	90	80	0	1	-1.922714
372	49.250000	49.375000	G#2	90	80	1	-1	-4.411093
373	49.375000	49.437500	E2	90	80	1	-2	-4.597368
374	49.437500	49.500000	D#2	90	80	1	-3	-3.848567
375	49.500000	49.750000	E2	90	80	1	-2	-3.642491
376	49.750000	50.000000	F#2	90	80	1	-1	-3.101885
377	50.000000	50.250000	G#2	90	80	1	-3	-4.611792
378	50.250000	50.500000	A2	90	80	1	-2	-3.642491
379	50.500000	50.750000	B2	90	80	1	-1	-2.578439
380	50.700000	51.300000	G#5	90	80	0	5	-7.112706
381	50.750000	51.000000	C#3	90	80	1	-3	-5.700951
382	51.000000	51.250000	D#3	90	80	1	-2	-2.510186
383	51.250000	51.375000	E3	90	80	1	-1	-3.404249
384	51.300000	51.900000	E5	90	80	0	3	-4.396088
385	51.375000	51.500000	D#3	90	80	1	-2	-3.720116
386	51.500000	51.625000	C#3	90	80	1	-3	-2.891080
387	51.625000	51.750000	B2	90	80	1	-4	-4.404178
388	51.750000	52.125000	E3	90	80	1	-2	-2.507290
389	51.900000	52.500000	C#5	90	80	0	2	-3.032881
390	52.125000	52.187500	B3	90	80	1	-1	-4.047397
391	52.187500	52.250000	A3	90	80	1	-2	-2.745489
392	52.250000	52.375000	B3	90	80	1	-1	-2.578439
393	52.375000	52.437500	G#3	90	80	1	-2	-3.299403
394	52.437500	52.500000	F#3	90	80	1	-3	-2.891080
395	52.500000	52.650000	E5	90	80	0	4	-3.580467
396	52.500000	52.625000	G#3	90	80	1	-2	-2.510186
397	52.625000	52.875000	C#4	90	80	1	-1	-2.320150
398	52.650000	52.800000	D#5	90	80	0	3	-3.226506
399	52.800000	53.100000	E5	90	80	0	4	-3.868143
400	52.875000	53.125000	A3	90	80	1	-2	-4.597368
401	53.100000	53.400000	C#5	90	80	0	3	-3.510496
402	53.125000	53.375000	F#3	90	80	1	-3	-3.464153
403	53.375000	53.437500	A3	90	80	1	-1	-3.288065
404	53.400000	53.700000	A#4	90	80	0	2	-3.674662
405	53.437500	53.500000	G#3	90	80	1	-2	-3.720116
406	53.500000	53.625000	A3	90	80	1	-1	-3.404249
407	53.625000	53.750000	F#3	90	80	1	-2	-3.299403
408	53.700000	54.300000	F#4	90	80	0	1	-3.157580
409	53.750000	53.875000	D#3	90	80	1	-3	-4.063676
410	53.875000	54.125000	B2	90	80	1	-5	-3.859206
411	54.125000	54.375000	B3	90	80	1	-1	-1.202832
412	54.300000	54.900000	F#5	90	80	0	5	-2.242366
413	54.375000	54.625000	G#3	90	80	1	-2	-3.299403
414	54.625000	54.875000	E3	90	80	1	-3	-5.615128
415	54.875000	54.937500	G#3	90	80	1	-1	-4.184715
416	54.900000	55.500000	D#5	90	80	0	3	-3.509161
417	54.937500	55.000000	F#3	90	80	1	-2	-2.745489
418	55.000000	55.125000	G#3	90	80	1	-1	-2.578439
419	55.125000	55.250000	E3	90	80	1	-2	-4.597368
420	55.250000	55.375000	C#3	90	80	1	-3	-3.464153
421	55.375000	55.625000	A2	90	80	1	-5	-3.859206
422	55.500000	56.100000	B4	90	80	0	1	-3.996553
423	55.625000	55.875000	A3	90	80	1	-1	-1.202832
424	55.875000	56.125000	F#3	90	80	1	-2	-3.299403
425	56.100000	56.250000	D#5	90	80	0	2	-3.275273
426	56.125000	56.375000	D#3	90	80	1	-4	-3.718276
427	56.250000	56.400000	C#5	90	80	0	1	-2.609267
428	56.375000	56.625000	C#4	90	80	1	-1	-4.427076
429	56.400000	56.700000	D#5	90	80	0	2	-2.867384
430	56.625000	56.875000	B3	90	80	1	-2	-4.084076
431	56.700000	57.000000	B4	90	80	0	1	-4.134704
432	56.875000	57.125000	A3	90	80	1	-1	-4.644141
433	57.000000	57.300000	G#4	90	80	0	3	-5.389440
434	57.125000	57.375000	G#3	90	80	1	-2	-3.720116
435	57.300000	57.900000	E4	90	80	0	1	-3.996553
436	57.375000	57.625000	F#3	90	80	1	-3	-2.891080
437	57.625000	57.750000	E3	90	80	1	-1	-4.439870
438	57.750000	57.875000	D#3	90	80	1	-2	-3.720116
439	57.875000	57.937500	A3	90	80	1	-1	-4.366821
440	57.900000	58.500000	E5	90	80	0	5	-2.242366
441	57.937500	58.000000	G#3	90	80	1	-2	-3.720116
442	58.000000	58.125000	A3	90	80	1	-1	-3.404249
443	58.125000	58.187500	D#3	90	80	1	-2	-5.099885
444	58.187500	58.250000	C#3	90	80	1	-3	-2.891080
445	58.250000	58.375000	D#3	90	80	1	-2	-2.510186
446	58.375000	58.437500	G#3	90	80	1	-1	-2.320150
447	58.437500	58.500000	F#3	90	80	1	-4	-5.901873
448	58.500000	59.100000	C#5	90	80	0	3	-4.229469
449	58.500000	58.750000	G#3	90	80	1	-3	-2.915060
450	58.750000	59.000000	A3	90	80	1	-2	-3.642491
451	59.000000	59.250000	B3	90	80	1	-1	-2.578439
452	59.100000	59.700000	A#4	90	80	0	1	-3.281335
453	59.250000	59.500000	E3	90	80	1	-5	-3.242781
454	59.625000	59.750000	E4	90	80	1	-1	-1.202832
455	59.700000	60.300000	G#5	90	80	0	4	-4.869085
456	59.750000	59.875000	B3	90	80	1	-2	-3.456527
457	59.875000	60.000000	G#3	90	80	1	-3	-3.464153
458	60.000000	60.125000	E3	90	80	1	-5	-3.859206
459	60.125000	60.250000	B3	90	80	1	-2	-2.554480
460	60.250000	60.375000	G#3	90	80	1	-3	-3.464153
461	60.300000	60.900000	F#5	90	80	0	3	-2.238713
462	60.375000	60.500000	E3	90	80	1	-1	-6.473904
463	60.500000	60.625000	B2	90	80	1	-2	-3.456527
464	60.625000	60.750000	G#2	90	80	1	-3	-3.464153
465	60.750000	61.250000	E2	90	80	1	-5	-3.859206
466	60.900000	61.500000	E5	90	80	0	1	-3.984578
467	61.250000	61.500000	E3	90	80	1	-1	-1.202832
468	61.500000	62.100000	D#5	90	80	0	3	-4.859211
469	61.625000	61.875000	B3	90	80	1	-2	-6.730551
470	61.875000	62.125000	A#3	90	80	1	-3	-3.848567
471	62.100000	62.700000	C#5	90	80	0	2	-2.287533
472	62.125000	62.375000	A3	90	80	1	-1	-3.371140
473	62.375000	62.625000	G#3	90	80	1	-2	-3.720116
474	62.625000	62.875000	F#3	90	80	1	-3	-2.891080
475	62.700000	63.000000	B4	90	80	0	1	-3.360143
476	62.875000	63.125000	E3	90	80	1	-1	-4.439870
477	63.000000	63.300000	A#4	90	80	0	3	-4.859211
478	63.125000	63.375000	D#3	90	80	1	-2	-3.720116
479	63.300000	63.450000	E4	90	80	0	1	-4.323321
480	63.375000	63.625000	C#3	90	80	1	-3	-2.891080
481	63.450000	63.600000	D#4	90	80	0	2	-4.284147
482	63.600000	63.900000	E4	90	80	0	1	-4.072488
483	63.625000	63.687500	D#3	90	80	1	-2	-2.510186
484	63.687500	63.750000	E3	90	80	1	-1	-3.404249
485	63.750000	63.875000	D#3	90	80	1	-2	-3.720116
486	63.875000	63.937500	F#3	90	80	1	-1	-2.415329
487	63.900000	64.050000	A#4	90	80	0	4	-4.926369
488	63.937500	64.000000	E3	90	80	1	-2	-4.084076
489	64.000000	64.125000	F#3	90	80	1	-1	-3.101885
490	64.050000	64.200000	G#4	90	80	0	3	-2.238713
491	64.125000	64.187500	D#3	90	80	1	-2	-3.291596
492	64.187500	64.250000	C#3	90	80	1	-3	-2.891080
493	64.200000	64.500000	A#4	90	80	0	4	-2.883688
494	64.250000	64.375000	D#3	90	80	1	-1	-4.411093
495	64.375000	64.437500	B2	90	80	1	-2	-4.597368
496	64.437500	64.500000	A#2	90	80	1	-3	-3.848567
497	64.500000	64.650000	B4	90	80	0	5	-3.684684
498	64.500000	64.750000	B2	90	80	1	-2	-3.642491
499	64.650000	64.800000	A#4	90	80	0	4	-3.640665
500	64.750000	65.000000	C#3	90	80	1	-1	-3.101885
501	64.800000	65.100000	B4	90	80	0	5	-3.684684
502	65.000000	65.250000	D#3	90	80	1	-3	-4.611792
503	65.100000	65.400000	D#4	90	80	0	2	-3.763668
504	65.250000	65.500000	E3	90	80	1	-2	-3.642491
505	65.400000	65.700000	C#4	90	80	0	1	-2.609267
506	65.500000	65.750000	F#3	90	80	1	-1	-3.101885
507	65.700000	66.000000	B4	90	80	0	5	-4.733635
508	65.750000	66.000000	G#3	90	80	1	-3	-4.611792
509	66.000000	66.300000	C#4	90	80	0	1	-3.521239
510	66.000000	66.250000	A#3	90	80	1	-2	-2.510186
511	66.250000	66.375000	B3	90	80	1	-1	-3.404249
512	66.300000	66.600000	A#4	90	80	0	4	-4.268071
513	66.375000	66.500000	A#3	90	80	1	-2	-3.720116
514	66.500000	66.625000	G#3	90	80	1	-1	-4.644141
515	66.600000	67.200000	B4	90	80	0	5	-3.684684
516	66.625000	66.750000	F#3	90	80	1	-2	-2.745489
517	66.750000	67.000000	B3	90	80	1	-1	-3.262923
518	67.000000	67.250000	B2	90	80	1	-5	-2.314770
519	67.500000	67.800000	B4	90	80	0	1	-5.027158
520	67.500000	67.750000	G#3	90	80	1	-3	-6.877043
521	67.750000	68.000000	B3	90	80	1	-2	-2.872099
522	67.800000	68.100000	D#5	90	80	0	2	-3.275273
523	68.000000	68.250000	D#4	90	80	1	-1	-3.194227
524	68.100000	68.400000	F#5	90	80	0	3	-3.012122
525	68.250000	68.500000	F##3	90	80	1	-4	-5.233707
526	68.400000	69.000000	B5	90	80	0	5	-3.340065
527	68.500000	68.750000	A#3	90	80	1	-2	-3.337019
528	68.750000	69.000000	D#4	90	80	1	-1	-2.320150
529	69.000000	69.250000	G#3	90	80	1	-3	-4.266477
530	69.250000	69.500000	B3	90	80	1	-2	-2.872099
531	69.300000	69.600000	B5	90	80	0	5	-4.495609
532	69.500000	69.750000	D#4	90	80	1	-1	-3.194227
533	69.600000	69.900000	F#5	90	80	0	3	-4.491606
534	69.750000	70.000000	D#3	90	80	1	-5	-2.314770
535	69.900000	70.200000	D#5	90	80	0	2	-3.674662
536	70.000000	70.250000	D#4	90	80	1	-1	-1.202832
537	70.200000	70.500000	B4	90	80	0	1	-4.134704
538	70.250000	70.500000	C#4	90	80	1	-2	-2.745489
539	70.500000	70.800000	F#4	90	80	0	4	-7.341475
540	70.500000	70.750000	B#3	90	80	1	-3	-3.281947
541	70.750000	71.000000	C#4	90	80	1	-2	-3.081523
542	70.800000	71.100000	D#4	90	80	0	2	-3.359779
543	71.000000	71.250000	D#4	90	80	1	-1	-2.578439
544	71.100000	71.400000	B3	90	80	0	1	-4.134704
545	71.250000	71.500000	G#3	90	80	1	-4	-3.752799
546	71.500000	71.750000	C#4	90	80	1	-1	-3.219441
547	71.750000	72.000000	B3	90	80	1	-2	-4.084076
548	72.000000	72.600000	B3	90	80	0	1	-4.507997
549	72.000000	72.250000	A#3	90	80	1	-3	-3.848567
550	72.250000	72.500000	B3	90	80	1	-2	-3.642491
551	72.500000	72.750000	C#4	90	80	1	-1	-3.101885
552	72.600000	73.200000	C#4	90	80	0	2	-3.246278
553	72.750000	73.000000	F#3	90	80	1	-4	-3.752799
554	73.000000	73.250000	B3	90	80	1	-2	-2.871001
555	73.200000	73.800000	D#4	90	80	0	3	-2.675961
556	73.250000	73.500000	D#4	90	80	1	-1	-3.194227
557	73.500000	73.750000	F##3	90	80	1	-4	-5.233707
558	73.750000	74.000000	G#3	90	80	1	-3	-2.906925
559	73.800000	74.400000	E4	90	80	0	1	-4.595018
560	74.000000	74.250000	A#3	90	80	1	-2	-2.510186
561	74.250000	74.500000	D#3	90	80	1	-5	-3.155341
562	74.400000	75.000000	F#4	90	80	0	2	-3.246278
563	74.500000	74.750000	G#3	90	80	1	-2	-3.272976
564	74.750000	75.000000	B3	90	80	1	-1	-2.464298
565	75.000000	75.600000	G#4	90	80	0	3	-2.675961
566	75.000000	75.250000	C#3	90	80	1	-5	-4.114892
567	75.500000	76.000000	C#4	90	80	1	-1	-1.202832
568	75.600000	76.200000	A#4	90	80	0	4	-2.883688
569	76.000000	76.250000	A#3	90	80	1	-2	-3.291596
570	76.200000	76.500000	B4	90	80	0	5	-3.684684
571	76.250000	76.500000	F##3	90	80	1	-3	-4.407505
572	76.500000	76.800000	A#4	90	80	0	4	-3.640665
573	76.500000	76.750000	G#3	90	80	1	-2	-3.081523
574	76.750000	77.000000	C#3	90	80	1	-5	-3.155341
575	76.800000	77.100000	G#4	90	80	0	3	-2.238713
576	77.000000	77.250000	D#3	90	80	1	-4	-3.907966
577	77.100000	77.400000	F#4	90	80	0	2	-2.287533
578	77.250000	77.500000	G#2	90	80	1	-5	-5.136528
579	77.400000	78.000000	B4	90	80	0	5	-4.964310
580	77.625000	77.750000	G#2	90	80	1	-5	-4.242005
581	77.750000	77.875000	G#3	90	80	1	-1	-1.202832
582	77.875000	78.125000	F#3	90	80	1	-2	-2.745489
583	78.000000	78.600000	B3	90	80	0	1	-1.922714
584	78.125000	78.375000	E3	90	80	1	-1	-5.183592
585	78.375000	78.625000	D#3	90	80	1	-2	-3.720116
586	78.625000	78.875000	D3	90	80	1	-1	-3.931111
587	78.875000	79.125000	C#3	90	80	1	-2	-3.720116
588	79.125000	79.375000	B2	90	80	1	-3	-4.407505
589	79.375000	79.625000	A2	90	80	1	-1	-3.930078
590	79.500000	80.100000	B5	90	80	0	1	-7.395652
591	79.625000	79.875000	G#2	90	80	1	-2	-3.720116
592	79.875000	80.125000	F#2	90	80	1	-3	-2.891080
593	80.100000	80.700000	A#5	90	80	0	2	-4.284147
594	80.125000	80.187500	G#2	90	80	1	-2	-2.510186
595	80.187500	80.250000	A2	90	80	1	-1	-3.404249
596	80.250000	80.375000	G#2	90	80	1	-2	-3.720116
597	80.375000	80.437500	B2	90	80	1	-1	-2.464298
598	80.437500	80.500000	A2	90	80	1	-2	-2.745489
599	80.500000	80.625000	B2	90	80	1	-1	-2.578439
600	80.625000	80.687500	G#2	90	80	1	-2	-3.299403
601	80.687500	80.750000	F#2	90	80	1	-3	-2.891080
602	80.700000	81.300000	A5	90	80	0	1	-3.290753
603	80.750000	80.875000	G#2	90	80	1	-1	-4.411093
604	80.875000	80.937500	E2	90	80	1	-2	-4.597368
605	80.937500	81.000000	D#2	90	80	1	-3	-3.848567
606	81.000000	81.250000	E2	90	80	1	-2	-3.642491
607	81.250000	81.500000	F#2	90	80	1	-1	-3.101885
608	81.300000	81.900000	G#5	90	80	0	3	-4.859211
609	81.500000	81.750000	G#2	90	80	1	-3	-4.611792
610	81.750000	82.000000	A2	90	80	1	-2	-3.642491
611	81.900000	82.500000	F#5	90	80	0	2	-2.287533
612	82.000000	82.250000	B2	90	80	1	-1	-2.578439
613	82.250000	82.500000	C#3	90	80	1	-3	-5.700951
614	82.500000	83.100000	E5	90	80	0	1	-3.360143
615	82.500000	82.750000	D#3	90	80	1	-2	-2.510186
616	82.750000	82.875000	E3	90	80	1	-1	-3.404249
617	82.875000	83.000000	D#3	90	80	1	-2	-3.720116
618	83.000000	83.125000	C#3	90	80	1	-3	-2.891080
619	83.100000	83.700000	D#5	90	80	0	2	-4.284147
620	83.125000	83.250000	B2	90	80	1	-4	-4.404178
621	83.250000	83.625000	E3	90	80	1	-2	-2.507290
622	83.625000	83.687500	B3	90	80	1	-1	-4.047397
623	83.687500	83.750000	A3	90	80	1	-2	-2.745489
624	83.700000	84.300000	C#5	90	80	0	1	-2.609267
625	83.750000	83.875000	B3	90	80	1	-1	-2.578439
626	83.875000	83.937500	G#3	90	80	1	-2	-3.299403
627	83.937500	84.000000	F#3	90	80	1	-3	-2.891080
628	84.000000	84.125000	G#3	90	80	1	-2	-2.510186
629	84.125000	84.375000	C#4	90	80	1	-1	-2.320150
630	84.300000	84.450000	D#5	90	80	0	2	-2.867384
631	84.375000	84.625000	A3	90	80	1	-2	-4.597368
632	84.450000	84.600000	E5	90	80	0	3	-3.686981
633	84.600000	84.900000	D#5	90	80	0	2	-3.151465
634	84.625000	84.875000	F#3	90	80	1	-3	-3.464153
635	84.875000	84.937500	A3	90	80	1	-1	-3.288065
636	84.900000	85.050000	F#5	90	80	0	3	-3.012122
637	84.937500	85.000000	G#3	90	80	1	-2	-3.720116
638	85.000000	85.125000	A3	90	80	1	-1	-3.404249
639	85.050000	85.200000	E5	90	80	0	2	-3.286699
640	85.125000	85.250000	F#3	90	80	1	-2	-3.299403
641	85.200000	85.500000	F#5	90	80	0	3	-3.409656
642	85.250000	85.375000	D#3	90	80	1	-3	-4.063676
643	85.375000	85.625000	B2	90	80	1	-5	-3.859206
644	85.500000	85.650000	D#5	90	80	0	2	-3.674662
645	85.625000	85.875000	B3	90	80	1	-1	-1.202832
646	85.650000	85.800000	C#5	90	80	0	1	-2.609267
647	85.800000	86.100000	D#5	90	80	0	2	-2.867384
648	85.875000	86.125000	G#3	90	80	1	-2	-3.299403
649	86.100000	86.250000	B4	90	80	0	1	-4.134704
650	86.125000	86.375000	E3	90	80	1	-3	-5.615128
651	86.250000	86.400000	A#4	90	80	0	2	-4.284147
652	86.375000	86.437500	G#3	90	80	1	-1	-4.184715
653	86.400000	86.700000	B4	90	80	0	1	-4.072488
654	86.437500	86.500000	F#3	90	80	1	-2	-2.745489
655	86.500000	86.625000	G#3	90	80	1	-1	-2.578439
656	86.625000	86.750000	E3	90	80	1	-2	-4.597368
657	86.700000	86.850000	D#5	90	80	0	2	-3.275273
658	86.750000	86.875000	C#3	90	80	1	-3	-3.464153
659	86.850000	87.000000	C#5	90	80	0	1	-2.609267
660	86.875000	87.125000	A2	90	80	1	-5	-3.859206
661	87.000000	87.300000	D#5	90	80	0	2	-2.867384
662	87.125000	87.375000	A3	90	80	1	-1	-1.202832
663	87.300000	87.450000	G#5	90	80	0	4	-2.909306
664	87.375000	87.625000	F#3	90	80	1	-2	-3.299403
665	87.450000	87.600000	F##5	90	80	0	3	-3.302559
666	87.600000	87.900000	G#5	90	80	0	4	-4.152325
667	87.625000	87.875000	D#3	90	80	1	-4	-3.718276
668	87.875000	88.125000	C#4	90	80	1	-1	-4.427076
669	87.900000	88.050000	C#5	90	80	0	2	-4.666481
670	88.050000	88.200000	B4	90	80	0	1	-3.360143
671	88.125000	88.375000	B3	90	80	1	-2	-4.084076
672	88.200000	88.500000	C#5	90	80	0	2	-3.246278
673	88.375000	88.625000	A3	90	80	1	-1	-4.644141
674	88.500000	88.650000	E5	90	80	0	3	-3.265372
675	88.625000	88.875000	G#3	90	80	1	-2	-3.720116
676	88.650000	88.800000	D#5	90	80	0	2	-3.151465
677	88.800000	89.100000	E5	90	80	0	3	-3.686981
678	88.875000	89.125000	F#3	90	80	1	-3	-2.891080
679	89.100000	89.250000	A#5	90	80	0	5	-5.123457
680	89.125000	89.250000	E3	90	80	1	-1	-4.439870
681	89.250000	89.400000	G#5	90	80	0	4	-2.814339
682	89.250000	89.375000	D#3	90	80	1	-2	-3.720116
683	89.375000	89.437500	A3	90	80	1	-1	-4.366821
684	89.400000	89.700000	A#5	90	80	0	5	-2.706622
685	89.437500	89.500000	G#3	90	80	1	-2	-3.720116
686	89.500000	89.625000	A3	90	80	1	-1	-3.404249
687	89.625000	89.687500	D#3	90	80	1	-2	-5.099885
688	89.687500	89.750000	C#3	90	80	1	-3	-2.891080
689	89.700000	89.850000	D#5	90	80	0	2	-3.263552
690	89.750000	89.875000	D#3	90	80	1	-2	-2.510186
691	89.850000	90.000000	C##5	90	80	0	1	-3.290753
692	89.875000	89.937500	G#3	90	80	1	-1	-2.320150
693	89.937500	90.000000	F#3	90	80	1	-4	-5.901873
694	90.000000	90.300000	D#5	90	80	0	2	-3.900292
695	90.000000	90.250000	G#3	90	80	1	-3	-2.915060
696	90.250000	90.500000	A3	90	80	1	-2	-3.642491
697	90.300000	90.450000	G#5	90	80	0	4	-2.909306
698	90.450000	90.600000	F##5	90	80	0	3	-3.302559
699	90.500000	90.750000	B3	90	80	1	-1	-2.578439
700	90.600000	90.900000	G#5	90	80	0	4	-4.152325
701	90.750000	91.000000	E3	90	80	1	-5	-3.242781
702	90.900000	91.050000	B5	90	80	0	5	-3.871087
703	91.050000	91.200000	A#5	90	80	0	4	-3.640665
704	91.125000	91.250000	E4	90	80	1	-1	-1.202832
705	91.200000	91.500000	B5	90	80	0	5	-3.684684
706	91.250000	91.375000	B3	90	80	1	-2	-3.456527
707	91.375000	91.500000	G#3	90	80	1	-3	-3.464153
708	91.500000	91.650000	D#5	90	80	0	2	-3.763668
709	91.500000	91.625000	E3	90	80	1	-5	-3.859206
710	91.625000	91.750000	B3	90	80	1	-2	-2.554480
711	91.650000	91.800000	C##5	90	80	0	1	-3.290753
712	91.750000	91.875000	G#3	90	80	1	-3	-3.464153
713	91.800000	92.100000	D#5	90	80	0	2	-3.900292
714	91.875000	92.000000	E3	90	80	1	-1	-6.473904
715	92.000000	92.125000	B2	90	80	1	-2	-3.456527
716	92.100000	92.250000	A#5	90	80	0	5	-3.528229
717	92.125000	92.250000	G#2	90	80	1	-3	-3.464153
718	92.250000	92.400000	G#5	90	80	0	4	-2.814339
719	92.250000	92.750000	E2	90	80	1	-5	-3.859206
720	92.400000	92.700000	A#5	90	80	0	5	-2.706622
721	92.700000	92.850000	F##5	90	80	0	4	-4.503222
722	92.750000	93.000000	E3	90	80	1	-1	-1.202832
723	92.850000	93.000000	E#5	90	80	0	3	-2.238713
724	93.000000	93.300000	F##5	90	80	0	4	-2.883688
725	93.300000	93.450000	D#5	90	80	0	2	-3.901124
726	93.450000	93.600000	C##5	90	80	0	1	-3.290753
727	93.600000	93.900000	D#5	90	80	0	2	-3.900292
728	93.900000	94.500000	A5	90	80	0	4	-5.030376
729	94.500000	95.100000	G#5	90	80	0	3	-3.226506
730	95.100000	95.700000	F#5	90	80	0	2	-2.287533
731	95.700000	95.850000	E5	90	80	0	1	-3.360143
732	95.850000	96.000000	D#5	90	80	0	2	-4.284147
733	96.000000	96.300000	E5	90	80	0	3	-3.686981
734	96.300000	96.450000	C#5	90	80	0	2	-3.032881
735	96.450000	96.600000	B#4	90	80	0	1	-3.290753
736	96.600000	96.900000	C#5	90	80	0	2	-3.900292
737	96.900000	97.050000	E5	90	80	0	3	-3.265372
738	97.050000	97.200000	D#5	90	80	0	2	-3.151465
739	97.200000	97.500000	E5	90	80	0	3	-3.686981
740	97.500000	98.100000	G#5	90	80	0	5	-3.549127
741	98.100000	98.700000	F#5	90	80	0	4	-2.814339
742	98.700000	99.300000	E5	90	80	0	3	-3.914844
743	99.300000	99.450000	D#5	90	80	0	2	-3.151465
744	99.450000	99.600000	C#5	90	80	0	1	-2.609267
745	99.600000	99.900000	D#5	90	80	0	2	-2.867384
746	99.900000	100.050000	B4	90	80	0	1	-4.134704
747	100.050000	100.200000	A#4	90	80	0	2	-4.284147
748	100.200000	100.500000	B4	90	80	0	1	-4.072488
749	100.500000	100.650000	C#5	90	80	0	2	-3.246278
750	100.650000	100.800000	B4	90	80	0	1	-3.360143
751	100.800000	101.100000	C#5	90	80	0	2	-3.246278
752	101.100000	101.700000	E5	90	80	0	4	-3.580467
753	101.700000	102.300000	D#5	90	80	0	3	-3.226506
754	102.300000	102.900000	C#5	90	80	0	2	-2.287533
755	102.900000	103.050000	B4	90	80	0	1	-3.360143
756	103.050000	103.200000	A#4	90	80	0	2	-4.284147
757	103.200000	103.500000	B4	90	80	0	3	-3.686981
758	103.500000	103.650000	G#4	90	80	0	2	-3.032881
759	103.650000	103.800000	F##4	90	80	0	1	-3.290753
760	103.800000	104.100000	G#4	90	80	0	2	-3.900292
761	104.100000	104.250000	A4	90	80	0	3	-3.686981
762	104.250000	104.400000	G#4	90	80	0	2	-3.151465
763	104.400000	104.700000	A4	90	80	0	1	-4.072488
764	104.700000	104.850000	C#5	90	80	0	2	-3.275273
765	104.850000	105.000000	B4	90	80	0	1	-3.360143
766	105.000000	105.300000	C#5	90	80	0	2	-3.246278
767	105.300000	105.450000	A4	90	80	0	1	-4.134704
768	105.450000	105.600000	G#4	90	80	0	2	-4.284147
769	105.600000	105.900000	A4	90	80	0	1	-4.072488
770	105.900000	106.050000	E5	90	80	0	4	-4.054949
771	106.050000	106.200000	D#5	90	80	0	3	-3.226506
772	106.200000	106.500000	E5	90	80	0	4	-3.868143
773	106.500000	106.650000	F##4	90	80	0	1	-2.969918
774	106.650000	106.800000	E#4	90	80	0	2	-4.891425
775	106.800000	107.100000	F##4	90	80	0	3	-2.675961
776	107.100000	107.250000	A#4	90	80	0	5	-3.990232
777	107.250000	107.400000	G#4	90	80	0	4	-2.814339
778	107.400000	107.700000	A#4	90	80	0	5	-2.706622
779	107.700000	107.850000	B3	90	80	0	1	-3.885272
780	107.850000	108.000000	A#3	90	80	0	2	-4.284147
781	108.000000	108.300000	B3	90	80	0	1	-4.072488
782	108.300000	108.600000	G#4	90	80	0	5	-4.874096
783	108.600000	108.900000	E4	90	80	0	3	-4.396088
784	108.900000	109.200000	C#4	90	80	0	2	-3.032881
785	109.200000	109.500000	A#3	90	80	0	1	-3.157580
786	109.500000	109.800000	F##4	90	80	0	4	-4.946245
787	109.800000	110.100000	G#4	90	80	0	5	-4.385182
788	110.100000	110.400000	D#4	90	80	0	3	-3.854029
789	110.400000	110.700000	B3	90	80	0	2	-5.037433
790	110.700000	111.000000	G#3	90	80	0	1	-3.967913
791	111.600000	112.200000	E4	90	80	0	2	-6.099041
792	112.200000	112.800000	F#4	90	80	0	3	-3.409656
793	112.800000	113.400000	G#4	90	80	0	4	-2.883688
794	113.400000	114.000000	A4	90	80	0	1	-5.276270
795	114.000000	114.600000	B4	90	80	0	2	-2.867384
796	114.600000	115.200000	C#5	90	80	0	3	-3.409656
797	115.200000	115.800000	D#5	90	80	0	4	-2.883688
798	115.800000	116.100000	E5	90	80	0	5	-3.684684
799	116.100000	116.400000	D#5	90	80	0	4	-3.640665
800	116.400000	116.700000	C#5	90	80	0	3	-2.238713
801	116.700000	117.000000	B4	90	80	0	2	-3.286699
802	117.000000	117.900000	E5	90	80	0	5	-3.228870
803	117.900000	118.050000	B4	90	80	0	3	-3.854029
804	118.050000	118.200000	A4	90	80	0	2	-2.287533
805	118.200000	118.500000	B4	90	80	0	3	-2.675961
806	118.500000	118.650000	G#4	90	80	0	2	-3.032881
807	118.650000	118.800000	F#4	90	80	0	1	-2.609267
808	118.800000	119.100000	G#4	90	80	0	2	-2.867384
809	119.100000	119.700000	E5	90	80	0	5	-3.857051
810	119.700000	120.300000	D#5	90	80	0	4	-3.640665
811	120.300000	120.900000	D5	90	80	0	3	-3.302559
812	120.900000	121.500000	C#5	90	80	0	2	-3.151465
813	121.500000	122.100000	B4	90	80	0	1	-3.360143
814	122.100000	122.700000	A4	90	80	0	3	-4.737465
815	122.700000	123.300000	G#4	90	80	0	2	-3.151465
816	123.300000	123.900000	F#4	90	80	0	1	-2.609267
817	123.900000	124.050000	G#4	90	80	0	2	-2.867384
818	124.050000	124.200000	A4	90	80	0	3	-3.686981
819	124.200000	124.500000	G#4	90	80	0	2	-3.151465
820	124.500000	124.650000	B4	90	80	0	3	-3.265372
821	124.650000	124.800000	A4	90	80	0	2	-2.287533
822	124.800000	125.100000	B4	90	80	0	3	-2.675961
823	125.100000	125.250000	G#4	90	80	0	2	-3.032881
824	125.250000	125.400000	F#4	90	80	0	1	-2.609267
825	125.400000	125.700000	G#4	90	80	0	2	-2.867384
826	125.700000	125.850000	E4	90	80	0	1	-4.134704
827	125.850000	126.000000	D#4	90	80	0	2	-4.284147
828	126.000000	126.600000	E4	90	80	0	1	-4.072488
829	126.600000	127.200000	F#4	90	80	0	2	-3.246278
830	127.200000	127.800000	A4	90	80	0	1	-5.162135
831	127.800000	128.400000	B4	90	80	0	2	-2.867384
832	128.400000	129.000000	D#5	90	80	0	4	-3.522723
833	129.000000	129.600000	F#5	90	80	0	5	-3.402079
834	129.600000	130.200000	D#4	90	80	0	1	-4.340619
835	130.200000	130.800000	E4	90	80	0	1	-6.856287
836	130.800000	131.400000	G#4	90	80	0	2	-3.275273
837	131.400000	132.000000	A4	90	80	0	1	-4.072488
838	132.000000	132.600000	C#5	90	80	0	3	-3.998423
839	132.600000	133.200000	E5	90	80	0	5	-3.635747
840	133.200000	133.800000	C#4	90	80	0	1	-4.588094
841	133.800000	134.400000	F#4	90	80	0	2	-2.963617
842	134.400000	135.000000	A4	90	80	0	3	-3.265372
843	135.000000	135.600000	B4	90	80	0	1	-5.198182
844	135.600000	136.200000	C#5	90	80	0	2	-3.246278
845	136.200000	136.800000	D#5	90	80	0	3	-2.675961
846	136.800000	137.400000	E5	90	80	0	4	-3.868143
847	137.400000	138.000000	C#5	90	80	0	3	-3.510496
848	138.000000	138.600000	A4	90	80	0	1	-3.996553
849	138.600000	140.700000	F#5	90	80	0	5	-4.874096
850	140.700000	141.000000	E5	90	80	0	4	-4.503222
851	141.000000	141.300000	D#5	90	80	0	3	-3.226506
852	141.300000	141.600000	C#5	90	80	0	2	-2.287533
853	141.600000	141.900000	B4	90	80	0	1	-3.360143
854	141.900000	142.200000	A4	90	80	0	3	-4.737465
855	142.200000	142.500000	G#4	90	80	0	2	-3.151465
856	142.500000	142.650000	E4	90	80	0	1	-4.134704
857	142.650000	142.800000	D#4	90	80	0	2	-4.284147
858	142.800000	143.100000	E4	90	80	0	1	-4.072488
859	143.100000	143.250000	G#4	90	80	0	2	-3.275273
860	143.250000	143.400000	F#4	90	80	0	1	-2.609267
861	143.400000	143.700000	G#4	90	80	0	2	-2.867384
862	143.700000	143.850000	B4	90	80	0	3	-3.265372
863	143.850000	144.000000	A4	90	80	0	2	-2.287533
864	144.000000	144.300000	B4	90	80	0	3	-2.675961
865	144.300000	144.450000	G#4	90	80	0	2	-3.032881
866	144.450000	144.600000	F#4	90	80	0	1	-2.609267
867	144.600000	144.900000	G#4	90	80	0	2	-2.867384
868	144.900000	145.050000	B4	90	80	0	3	-3.265372
869	145.050000	145.200000	A4	90	80	0	2	-2.287533
870	145.200000	145.500000	B4	90	80	0	3	-2.675961
871	145.500000	145.650000	E5	90	80	0	5	-3.128600
872	145.650000	145.800000	D#5	90	80	0	4	-3.640665
873	145.800000	146.100000	E5	90	80	0	5	-3.684684
874	146.100000	146.400000	B4	90	80	0	4	-5.819252
875	146.400000	146.700000	G#4	90	80	0	3	-3.510496
876	146.700000	147.000000	E4	90	80	0	2	-5.037433
877	147.600000	148.200000	B3	90	80	0	1	-3.434905
878	148.200000	148.800000	C#4	90	80	0	2	-3.246278
879	148.800000	149.400000	D#4	90	80	0	3	-2.675961
880	149.400000	150.000000	E4	90	80	0	1	-4.595018
881	150.000000	150.600000	F#4	90	80	0	2	-3.246278
882	150.600000	151.200000	G#4	90	80	0	3	-2.675961
883	151.200000	151.800000	A#4	90	80	0	4	-2.883688
884	151.800000	152.100000	B4	90	80	0	5	-3.684684
885	152.100000	152.400000	A#4	90	80	0	4	-3.640665
886	152.400000	152.700000	G#4	90	80	0	3	-2.238713
887	152.700000	153.000000	F#4	90	80	0	2	-2.287533
888	153.000000	153.600000	B4	90	80	0	5	-4.964310
889	153.600000	154.200000	B3	90	80	0	1	-1.922714
890	155.100000	155.700000	B5	90	80	0	1	-7.395652
891	155.700000	156.300000	A#5	90	80	0	2	-4.284147
892	156.300000	156.900000	A5	90	80	0	1	-3.290753
893	156.900000	157.500000	G#5	90	80	0	3	-4.859211
894	157.500000	158.100000	F#5	90	80	0	2	-2.287533
895	158.100000	158.700000	E5	90	80	0	1	-3.360143
896	158.700000	159.300000	D#5	90	80	0	2	-4.284147
897	159.300000	159.900000	C#5	90	80	0	1	-2.609267
898	159.900000	160.050000	D#5	90	80	0	2	-2.867384
899	160.050000	160.200000	E5	90	80	0	3	-3.686981
900	160.200000	160.500000	D#5	90	80	0	2	-3.151465
901	160.500000	160.650000	F#5	90	80	0	3	-3.012122
902	160.650000	160.800000	E5	90	80	0	2	-3.286699
903	160.800000	161.100000	F#5	90	80	0	3	-3.409656
904	161.100000	161.250000	D#5	90	80	0	2	-3.674662
905	161.250000	161.400000	C#5	90	80	0	1	-2.609267
906	161.400000	161.700000	D#5	90	80	0	2	-2.867384
907	161.700000	161.850000	B4	90	80	0	1	-4.134704
908	161.850000	162.000000	A#4	90	80	0	2	-4.284147
909	162.000000	162.300000	B4	90	80	0	1	-4.072488
910	162.300000	162.450000	D#5	90	80	0	2	-3.275273
911	162.450000	162.600000	C#5	90	80	0	1	-2.609267
912	162.600000	162.900000	D#5	90	80	0	2	-2.867384
913	162.900000	163.050000	G#5	90	80	0	4	-2.909306
914	163.050000	163.200000	F##5	90	80	0	3	-3.302559
915	163.200000	163.500000	G#5	90	80	0	4	-4.152325
916	163.500000	163.650000	C#5	90	80	0	2	-4.666481
917	163.650000	163.800000	B4	90	80	0	1	-3.360143
918	163.800000	164.100000	C#5	90	80	0	2	-3.246278
919	164.100000	164.250000	E5	90	80	0	3	-3.265372
920	164.250000	164.400000	D#5	90	80	0	2	-3.151465
921	164.400000	164.700000	E5	90	80	0	3	-3.686981
922	164.700000	164.850000	A#5	90	80	0	5	-5.123457
923	164.850000	165.000000	G#5	90	80	0	4	-2.814339
924	165.000000	165.300000	A#5	90	80	0	5	-2.706622
925	165.300000	165.450000	D#5	90	80	0	2	-3.263552
926	165.450000	165.600000	C##5	90	80	0	1	-3.290753
927	165.600000	165.900000	D#5	90	80	0	2	-3.900292
928	165.900000	166.050000	G#5	90	80	0	4	-2.909306
929	166.050000	166.200000	F##5	90	80	0	3	-3.302559
930	166.200000	166.500000	G#5	90	80	0	4	-4.152325
931	166.500000	166.650000	B5	90	80	0	5	-3.871087
932	166.650000	166.800000	A#5	90	80	0	4	-3.640665
933	166.800000	167.100000	B5	90	80	0	5	-3.684684
934	167.100000	167.250000	D#5	90	80	0	2	-3.763668
935	167.250000	167.400000	C##5	90	80	0	1	-3.290753
936	167.400000	167.700000	D#5	90	80	0	2	-3.900292
937	167.700000	167.850000	A#5	90	80	0	5	-3.528229
938	167.850000	168.000000	G#5	90	80	0	4	-2.814339
939	168.000000	168.300000	A#5	90	80	0	5	-2.706622
940	168.300000	168.450000	F##5	90	80	0	4	-4.503222
941	168.450000	168.600000	E#5	90	80	0	3	-2.238713
942	168.600000	168.900000	F##5	90	80	0	4	-2.883688
943	168.900000	169.050000	D#5	90	80	0	2	-3.901124
944	169.050000	169.200000	C##5	90	80	0	1	-3.290753
945	169.200000	169.500000	D#5	90	80	0	2	-3.900292
946	169.500000	170.100000	A5	90	80	0	4	-5.030376
947	170.100000	170.700000	G#5	90	80	0	3	-3.226506
948	170.700000	171.300000	F#5	90	80	0	2	-2.287533
949	171.300000	171.450000	E5	90	80	0	1	-3.360143
950	171.450000	171.600000	D#5	90	80	0	2	-4.284147
951	171.600000	171.900000	E5	90	80	0	3	-3.686981
952	171.900000	172.050000	C#5	90	80	0	2	-3.032881
953	172.050000	172.200000	B#4	90	80	0	1	-3.290753
954	172.200000	172.500000	C#5	90	80	0	2	-3.900292
955	172.500000	172.650000	E5	90	80	0	3	-3.265372
956	172.650000	172.800000	D#5	90	80	0	2	-3.151465
957	172.800000	173.100000	E5	90	80	0	3	-3.686981
958	173.100000	173.700000	G#5	90	80	0	5	-3.549127
959	173.700000	174.300000	F#5	90	80	0	4	-2.814339
960	174.300000	174.900000	E5	90	80	0	3	-3.914844
961	174.900000	175.050000	D#5	90	80	0	2	-3.151465
962	175.050000	175.200000	C#5	90	80	0	1	-2.609267
963	175.200000	175.500000	D#5	90	80	0	2	-2.867384
964	175.500000	175.650000	B4	90	80	0	1	-4.134704
965	175.650000	175.800000	A#4	90	80	0	2	-4.284147
966	175.800000	176.100000	B4	90	80	0	1	-4.072488
967	176.100000	176.250000	C#5	90	80	0	2	-3.246278
968	176.250000	176.400000	B4	90	80	0	1	-3.360143
969	176.400000	176.700000	C#5	90	80	0	2	-3.246278
970	176.700000	177.300000	E5	90	80	0	4	-3.580467
971	177.300000	177.900000	D#5	90	80	0	3	-3.226506
972	177.900000	178.500000	C#5	90	80	0	2	-2.287533
973	178.500000	178.650000	B4	90	80	0	1	-3.360143
974	178.650000	178.800000	A#4	90	80	0	2	-4.284147
975	178.800000	179.100000	B4	90	80	0	3	-3.686981
976	179.100000	179.250000	G#4	90	80	0	2	-3.032881
977	179.250000	179.400000	F##4	90	80	0	1	-3.290753
978	179.400000	179.700000	G#4	90	80	0	2	-3.900292
979	179.700000	179.850000	A4	90	80	0	3	-3.686981
980	179.850000	180.000000	G#4	90	80	0	2	-3.151465
981	180.000000	180.300000	A4	90	80	0	1	-4.072488
982	180.300000	180.450000	C#5	90	80	0	2	-3.275273
983	180.450000	180.600000	B4	90	80	0	1	-3.360143
984	180.600000	180.900000	C#5	90	80	0	2	-3.246278
985	180.900000	181.050000	A4	90	80	0	1	-4.134704
986	181.050000	181.200000	G#4	90	80	0	2	-4.284147
987	181.200000	181.500000	A4	90	80	0	1	-4.072488
988	181.500000	181.650000	E5	90	80	0	4	-4.054949
989	181.650000	181.800000	D#5	90	80	0	3	-3.226506
990	181.800000	182.100000	E5	90	80	0	4	-3.868143
991	182.100000	182.250000	F##4	90	80	0	1	-2.969918
992	182.250000	182.400000	E#4	90	80	0	2	-4.891425
993	182.400000	182.700000	F##4	90	80	0	3	-2.675961
994	182.700000	182.850000	A#4	90	80	0	5	-3.990232
995	182.850000	183.000000	G#4	90	80	0	4	-2.814339
996	183.000000	183.300000	A#4	90	80	0	5	-2.706622
997	183.300000	183.450000	B3	90	80	0	1	-3.885272
998	183.450000	183.600000	A#3	90	80	0	2	-4.284147
999	183.600000	183.900000	B3	90	80	0	1	-4.072488
1000	183.900000	184.200000	G#4	90	80	0	5	-4.874096
1001	184.200000	184.500000	E4	90	80	0	3	-4.396088
1002	184.500000	184.800000	C#4	90	80	0	2	-3.032881
1003	184.800000	185.100000	A#3	90	80	0	1	-3.157580
1004	185.100000	185.400000	F##4	90	80	0	4	-4.946245
1005	185.400000	185.700000	G#4	90	80	0	5	-4.385182
1006	185.700000	186.000000	D#4	90	80	0	3	-3.854029
1007	186.000000	186.300000	B3	90	80	0	2	-5.037433
1008	186.300000	186.600000	G#3	90	80	0	1	-3.967913
1009	187.200000	187.800000	E4	90	80	0	2	-6.099041
1010	187.800000	188.400000	F#4	90	80	0	3	-3.409656
1011	188.400000	189.000000	G#4	90	80	0	4	-2.883688
1012	189.000000	189.600000	A4	90	80	0	1	-5.276270
1013	189.600000	190.200000	B4	90	80	0	2	-2.867384
1014	190.200000	190.800000	C#5	90	80	0	3	-3.409656
1015	190.800000	191.400000	D#5	90	80	0	4	-2.883688
1016	191.400000	191.700000	E5	90	80	0	5	-3.684684
1017	191.700000	192.000000	D#5	90	80	0	4	-3.640665
1018	192.000000	192.300000	C#5	90	80	0	3	-2.238713
1019	192.300000	192.600000	B4	90	80	0	2	-3.286699
1020	192.600000	193.500000	E5	90	80	0	5	-3.228870
1021	193.500000	193.650000	B4	90	80	0	3	-3.854029
1022	193.650000	193.800000	A4	90	80	0	2	-2.287533
1023	193.800000	194.100000	B4	90	80	0	3	-2.675961
1024	194.100000	194.250000	G#4	90	80	0	2	-3.032881
1025	194.250000	194.400000	F#4	90	80	0	1	-2.609267
1026	194.400000	194.700000	G#4	90	80	0	2	-2.867384
1027	194.700000	195.300000	E5	90	80	0	5	-3.857051
1028	195.300000	195.900000	D#5	90	80	0	4	-3.640665
1029	195.900000	196.500000	D5	90	80	0	3	-3.302559
1030	196.500000	197.100000	C#5	90	80	0	2	-3.151465
1031	197.100000	197.700000	B4	90	80	0	1	-3.360143
1032	197.700000	198.300000	A4	90	80	0	3	-4.737465
1033	198.300000	198.900000	G#4	90	80	0	2	-3.151465
1034	198.900000	199.500000	F#4	90	80	0	1	-2.609267
1035	199.500000	199.650000	G#4	90	80	0	2	-2.867384
1036	199.650000	199.800000	A4	90	80	0	3	-3.686981
1037	199.800000	200.100000	G#4	90	80	0	2	-3.151465
1038	200.100000	200.250000	B4	90	80	0	3	-3.265372
1039	200.250000	200.400000	A4	90	80	0	2	-2.287533
1040	200.400000	200.700000	B4	90	80	0	3	-2.675961
1041	200.700000	200.850000	G#4	90	80	0	2	-3.032881
1042	200.850000	201.000000	F#4	90	80	0	1	-2.609267
1043	201.000000	201.300000	G#4	90	80	0	2	-2.867384
1044	201.300000	201.450000	E4	90	80	0	1	-4.134704
1045	201.450000	201.600000	D#4	90	80	0	2	-4.284147
1046	201.600000	202.200000	E4	90	80	0	1	-4.072488
1047	202.200000	202.800000	F#4	90	80	0	2	-3.246278
1048	202.800000	203.400000	A4	90	80	0	1	-5.162135
1049	203.400000	204.000000	B4	90	80	0	2	-2.867384
1050	204.000000	204.600000	D#5	90	80	0	4	-3.522723
1051	204.600000	205.200000	F#5	90	80	0	5	-3.402079
1052	205.200000	205.800000	D#4	90	80	0	1	-4.340619
1053	205.800000	206.400000	E4	90	80	0	1	-6.856287
1054	206.400000	207.000000	G#4	90	80	0	2	-3.275273
1055	207.000000	207.600000	A4	90	80	0	1	-4.072488
1056	207.600000	208.200000	C#5	90	80	0	3	-3.998423
1057	208.200000	208.800000	E5	90	80	0	5	-3.635747
1058	208.800000	209.400000	C#4	90	80	0	1	-4.588094
1059	209.400000	210.000000	F#4	90	80	0	2	-2.963617
1060	210.000000	210.600000	A4	90	80	0	3	-3.265372
1061	210.600000	211.200000	B4	90	80	0	1	-5.198182
1062	211.200000	211.800000	C#5	90	80	0	2	-3.246278
1063	211.800000	212.400000	D#5	90	80	0	3	-2.675961
1064	212.400000	213.000000	E5	90	80	0	4	-3.868143
1065	213.000000	213.600000	C#5	90	80	0	3	-3.510496
1066	213.600000	214.200000	A4	90	80	0	1	-3.996553
1067	214.200000	216.300000	F#5	90	80	0	5	-4.874096
1068	216.300000	216.600000	E5	90	80	0	4	-4.503222
1069	216.600000	216.900000	D#5	90	80	0	3	-3.226506
1070	216.900000	217.200000	C#5	90	80	0	2	-2.287533
1071	217.200000	217.500000	B4	90	80	0	1	-3.360143
1072	217.500000	217.800000	A4	90	80	0	3	-4.737465
1073	217.800000	218.100000	G#4	90	80	0	2	-3.151465
1074	218.100000	218.250000	E4	90	80	0	1	-4.134704
1075	218.250000	218.400000	D#4	90	80	0	2	-4.284147
1076	218.400000	218.700000	E4	90	80	0	1	-4.072488
1077	218.700000	218.850000	G#4	90	80	0	2	-3.275273
1078	218.850000	219.000000	F#4	90	80	0	1	-2.609267
1079	219.000000	219.300000	G#4	90	80	0	2	-2.867384
1080	219.300000	219.450000	B4	90	80	0	3	-3.265372
1081	219.450000	219.600000	A4	90	80	0	2	-2.287533
1082	219.600000	219.900000	B4	90	80	0	3	-2.675961
1083	219.900000	220.050000	G#4	90	80	0	2	-3.032881
1084	220.050000	220.200000	F#4	90	80	0	1	-2.609267
1085	220.200000	220.500000	G#4	90	80	0	2	-2.867384
1086	220.500000	220.650000	B4	90	80	0	3	-3.265372
1087	220.650000	220.800000	A4	90	80	0	2	-2.287533
1088	220.800000	221.100000	B4	90	80	0	3	-2.675961
1089	221.100000	221.250000	E5	90	80	0	5	-3.128600
1090	221.250000	221.400000	D#5	90	80	0	4	-3.640665
1091	221.400000	221.700000	E5	90	80	0	5	-3.684684
1092	221.700000	222.000000	B4	90	80	0	3	-3.854029
1093	222.000000	222.300000	G#4	90	80	0	2	-3.032881
1094	222.300000	222.600000	E4	90	80	0	1	-4.134704
