//Version: PianoFingering_v170101
1	0.000000	1.000000	B3	90	80	0	1	-0.925785
2	0.000000	1.000000	D4	90	80	0	2	-2.525967
3	0.000000	1.000000	G4	90	80	0	4	-2.909306
4	0.000000	1.000000	G2	90	80	1	-5	-0.504576
5	0.000000	1.000000	G3	90	80	1	-1	-1.202832
6	1.000000	1.166667	D4	90	80	0	1	-3.216633
7	1.166667	1.333333	G4	90	80	0	2	-2.963617
8	1.333333	1.500000	B4	90	80	0	3	-3.012122
9	1.500000	1.666667	D5	90	80	0	5	-2.681011
10	1.666667	1.833333	C5	90	80	0	4	-2.814339
11	1.833333	2.000000	A4	90	80	0	2	-3.359779
12	2.000000	2.500000	G4	90	80	0	1	-2.609267
13	2.500000	3.500000	G4	90	80	0	3	-5.268790
14	2.500000	3.000000	B3	90	80	1	-3	-6.091799
15	3.000000	3.500000	F#4	90	80	0	2	-3.151465
16	3.000000	3.500000	A3	90	80	1	-1	-3.930078
17	3.500000	4.000000	G3	90	80	1	-2	-2.745489
18	4.000000	4.750000	A4	90	80	0	3	-3.265372
19	4.000000	4.500000	F#3	90	80	1	-3	-3.848567
20	4.500000	5.000000	D3	90	80	1	-5	-3.859206
21	4.750000	5.000000	A4	90	80	0	2	-4.935872
22	5.000000	5.750000	B4	90	80	0	3	-2.675961
23	5.000000	5.500000	G3	90	80	1	-2	-3.272976
24	5.500000	6.000000	F3	90	80	1	-3	-2.891080
25	5.750000	6.000000	B4	90	80	0	2	-4.935872
26	6.000000	6.500000	D5	90	80	0	4	-2.758588
27	6.000000	6.500000	E3	90	80	1	-4	-3.061136
28	6.500000	7.000000	C5	90	80	0	3	-2.238713
29	6.500000	7.000000	F#3	90	80	1	-2	-3.337019
30	7.000000	7.500000	B4	90	80	0	2	-2.287533
31	7.000000	7.250000	G3	90	80	1	-1	-3.404249
32	7.250000	7.500000	G3	90	80	1	-4	-5.794657
33	7.500000	7.750000	B3	90	80	1	-2	-2.359478
34	7.750000	8.000000	D4	90	80	1	-1	-2.415329
35	8.000000	9.000000	B4	90	80	0	1	-4.802885
36	8.000000	9.000000	D5	90	80	0	2	-2.525967
37	8.000000	9.000000	G5	90	80	0	4	-2.909306
38	8.000000	9.000000	G3	90	80	1	-5	-3.242781
39	8.000000	9.000000	G4	90	80	1	-1	-1.202832
40	9.000000	9.166667	D5	90	80	0	1	-3.216633
41	9.166667	9.333333	G5	90	80	0	2	-2.963617
42	9.333333	9.500000	B5	90	80	0	3	-3.012122
43	9.500000	9.666667	D6	90	80	0	5	-2.681011
44	9.666667	9.833333	C6	90	80	0	4	-2.814339
45	9.833333	10.000000	A5	90	80	0	2	-3.359779
46	10.000000	10.500000	G5	90	80	0	1	-2.609267
47	10.500000	11.500000	G5	90	80	0	3	-5.268790
48	10.500000	10.750000	B4	90	80	1	-2	-6.062425
49	10.750000	11.000000	D5	90	80	1	-1	-2.415329
50	11.000000	11.500000	F#5	90	80	0	2	-3.151465
51	11.000000	11.250000	A4	90	80	1	-2	-3.456527
52	11.250000	11.500000	D5	90	80	1	-1	-2.320150
53	11.500000	11.750000	G4	90	80	1	-4	-3.752799
54	11.750000	12.000000	D5	90	80	1	-1	-2.959487
55	12.000000	12.750000	A5	90	80	0	3	-3.265372
56	12.000000	12.250000	F#4	90	80	1	-4	-4.339145
57	12.250000	12.500000	D5	90	80	1	-1	-3.887622
58	12.500000	12.750000	D4	90	80	1	-5	-2.314770
59	12.750000	13.000000	A5	90	80	0	2	-4.935872
60	12.750000	13.000000	D5	90	80	1	-1	-1.202832
61	13.000000	13.750000	B5	90	80	0	3	-2.675961
62	13.000000	13.250000	G4	90	80	1	-4	-3.752799
63	13.250000	13.500000	D5	90	80	1	-1	-2.959487
64	13.500000	13.750000	F4	90	80	1	-5	-3.730225
65	13.750000	14.000000	B5	90	80	0	2	-4.935872
66	13.750000	14.000000	D5	90	80	1	-1	-4.009362
67	14.000000	14.500000	D6	90	80	0	3	-3.012122
68	14.000000	14.250000	E4	90	80	1	-4	-4.921584
69	14.250000	14.500000	G4	90	80	1	-2	-2.359478
70	14.500000	15.000000	C6	90	80	0	2	-2.287533
71	14.500000	14.750000	F#4	90	80	1	-3	-3.848567
72	14.750000	15.000000	A4	90	80	1	-1	-3.288065
73	15.000000	15.250000	B5	90	80	0	1	-2.609267
74	15.000000	15.500000	G4	90	80	1	-2	-2.745489
75	15.500000	15.750000	C#6	90	80	0	2	-3.246278
76	15.750000	16.000000	D6	90	80	0	3	-3.686981
77	16.000000	16.250000	D#6	90	80	0	4	-4.152325
78	16.250000	16.500000	E6	90	80	0	5	-3.684684
79	16.500000	17.000000	C4	90	80	1	-5	-3.155341
80	16.500000	17.000000	E4	90	80	1	-3	-3.170876
81	16.500000	17.000000	A4	90	80	1	-1	-2.717521
82	16.750000	17.000000	E6	90	80	0	5	-4.495609
83	17.000000	17.250000	D6	90	80	0	4	-2.814339
84	17.250000	17.500000	C6	90	80	0	3	-2.238713
85	17.500000	17.750000	B5	90	80	0	2	-2.287533
86	17.750000	18.000000	A5	90	80	0	1	-2.609267
87	18.000000	18.250000	C#6	90	80	0	4	-5.030123
88	18.250000	18.500000	D6	90	80	0	5	-3.684684
89	18.500000	19.000000	B3	90	80	1	-5	-3.181034
90	18.500000	19.000000	D4	90	80	1	-3	-3.170876
91	18.500000	19.000000	G4	90	80	1	-1	-2.717521
92	18.750000	19.000000	D6	90	80	0	5	-4.495609
93	19.000000	19.250000	C6	90	80	0	4	-2.814339
94	19.250000	19.500000	B5	90	80	0	3	-2.238713
95	19.500000	19.750000	A5	90	80	0	2	-2.287533
96	19.750000	20.000000	G5	90	80	0	1	-2.609267
97	20.000000	20.250000	F#5	90	80	0	3	-4.859211
98	20.000000	20.500000	C4	90	80	1	-2	-4.659581
99	20.250000	20.500000	E5	90	80	0	2	-3.286699
100	20.500000	20.750000	D5	90	80	0	1	-2.609267
101	20.750000	21.000000	C5	90	80	0	4	-5.839612
102	21.000000	21.250000	B4	90	80	0	3	-2.238713
103	21.000000	21.500000	D4	90	80	1	-1	-2.578439
104	21.250000	21.500000	A4	90	80	0	2	-2.287533
105	21.500000	21.750000	G4	90	80	0	1	-2.609267
106	21.750000	22.000000	F#4	90	80	0	2	-4.284147
107	22.000000	22.750000	G4	90	80	0	1	-4.072488
108	22.000000	22.500000	G3	90	80	1	-2	-4.659581
109	22.750000	23.000000	A4	90	80	0	2	-2.867384
110	23.000000	23.250000	B4	90	80	0	3	-2.675961
111	23.250000	23.500000	C5	90	80	0	1	-5.198182
112	23.500000	23.750000	C#5	90	80	0	2	-3.900292
113	23.750000	24.000000	D5	90	80	0	3	-3.686981
114	24.000000	24.250000	D#5	90	80	0	4	-4.152325
115	24.250000	24.500000	E5	90	80	0	5	-3.684684
116	24.500000	25.000000	C3	90	80	1	-5	-3.155341
117	24.500000	25.000000	E3	90	80	1	-3	-3.170876
118	24.500000	25.000000	A3	90	80	1	-1	-2.717521
119	24.750000	25.000000	E5	90	80	0	5	-4.495609
120	25.000000	25.250000	D5	90	80	0	4	-2.814339
121	25.250000	25.500000	C5	90	80	0	3	-2.238713
122	25.500000	25.750000	B4	90	80	0	2	-2.287533
123	25.750000	26.000000	A4	90	80	0	1	-2.609267
124	26.000000	26.250000	D#5	90	80	0	2	-5.017340
125	26.250000	26.500000	E5	90	80	0	3	-3.686981
126	26.500000	27.000000	C#3	90	80	1	-4	-4.339145
127	26.500000	27.000000	E3	90	80	1	-2	-3.571868
128	26.500000	27.000000	A3	90	80	1	-1	-2.320150
129	26.750000	27.000000	E5	90	80	0	3	-4.378151
130	27.000000	27.250000	E5	90	80	0	3	-4.378151
131	27.250000	27.500000	C#5	90	80	0	2	-3.032881
132	27.500000	27.750000	A4	90	80	0	1	-4.134704
133	27.750000	28.000000	G4	90	80	0	2	-4.891425
134	28.000000	28.500000	F#4	90	80	0	1	-4.846711
135	28.000000	28.166667	D3	90	80	1	-4	-3.752799
136	28.166667	28.333333	F#3	90	80	1	-2	-3.159098
137	28.333333	28.500000	A3	90	80	1	-1	-2.464298
138	28.500000	28.666667	A5	90	80	0	5	-6.546164
139	28.500000	28.666667	D3	90	80	1	-4	-3.752799
140	28.666667	28.833333	F#5	90	80	0	4	-4.424487
141	28.666667	28.833333	F#3	90	80	1	-2	-3.159098
142	28.833333	29.000000	D5	90	80	0	2	-4.058569
143	28.833333	29.000000	A3	90	80	1	-1	-2.464298
144	29.000000	29.500000	C5	90	80	0	1	-2.609267
145	29.000000	29.166667	D3	90	80	1	-4	-3.752799
146	29.166667	29.333333	F#3	90	80	1	-2	-3.159098
147	29.333333	29.500000	A3	90	80	1	-1	-2.464298
148	29.500000	29.666667	A5	90	80	0	5	-3.707830
149	29.500000	29.666667	D3	90	80	1	-4	-3.752799
150	29.666667	29.833333	F#5	90	80	0	4	-4.424487
151	29.666667	29.833333	F#3	90	80	1	-2	-3.159098
152	29.833333	30.000000	C5	90	80	0	2	-5.493021
153	29.833333	30.000000	A3	90	80	1	-1	-2.464298
154	30.000000	30.500000	B4	90	80	0	1	-2.609267
155	30.000000	30.166667	D3	90	80	1	-4	-3.752799
156	30.166667	30.333333	G3	90	80	1	-2	-2.507290
157	30.333333	30.500000	B3	90	80	1	-1	-2.415329
158	30.500000	30.666667	G5	90	80	0	5	-3.707830
159	30.500000	30.666667	D3	90	80	1	-4	-4.458307
160	30.666667	30.833333	D5	90	80	0	3	-3.854029
161	30.666667	30.833333	G3	90	80	1	-2	-2.507290
162	30.833333	31.000000	B4	90	80	0	2	-3.674662
163	30.833333	31.000000	B3	90	80	1	-1	-2.415329
164	31.000000	31.500000	G4	90	80	0	1	-3.157580
165	31.000000	31.166667	D3	90	80	1	-4	-4.458307
166	31.166667	31.333333	G3	90	80	1	-2	-2.507290
167	31.333333	31.500000	B3	90	80	1	-1	-2.415329
168	31.500000	31.666667	D5	90	80	0	5	-4.274449
169	31.500000	31.666667	D3	90	80	1	-4	-4.458307
170	31.666667	31.833333	B4	90	80	0	3	-3.509161
171	31.666667	31.833333	G3	90	80	1	-2	-2.507290
172	31.833333	32.000000	G4	90	80	0	2	-3.674662
173	31.833333	32.000000	B3	90	80	1	-1	-2.415329
174	32.000000	32.500000	F#4	90	80	0	1	-4.846711
175	32.000000	32.166667	D3	90	80	1	-4	-4.458307
176	32.166667	32.333333	F#3	90	80	1	-2	-3.159098
177	32.333333	32.500000	A3	90	80	1	-1	-2.464298
178	32.500000	32.666667	A5	90	80	0	5	-6.546164
179	32.500000	32.666667	D3	90	80	1	-4	-3.752799
180	32.666667	32.833333	F#5	90	80	0	4	-4.424487
181	32.666667	32.833333	F#3	90	80	1	-2	-3.159098
182	32.833333	33.000000	D5	90	80	0	2	-4.058569
183	32.833333	33.000000	A3	90	80	1	-1	-2.464298
184	33.000000	33.500000	C5	90	80	0	1	-2.609267
185	33.000000	33.166667	D3	90	80	1	-4	-3.752799
186	33.166667	33.333333	F#3	90	80	1	-2	-3.159098
187	33.333333	33.500000	A3	90	80	1	-1	-2.464298
188	33.500000	33.666667	A5	90	80	0	5	-3.707830
189	33.500000	33.666667	D3	90	80	1	-4	-3.752799
190	33.666667	33.833333	F#5	90	80	0	4	-4.424487
191	33.666667	33.833333	F#3	90	80	1	-2	-3.159098
192	33.833333	34.000000	C5	90	80	0	2	-5.493021
193	33.833333	34.000000	A3	90	80	1	-1	-2.464298
194	34.000000	34.500000	B4	90	80	0	1	-2.609267
195	34.000000	34.166667	D3	90	80	1	-4	-3.752799
196	34.166667	34.333333	G3	90	80	1	-2	-2.507290
197	34.333333	34.500000	B3	90	80	1	-1	-2.415329
198	34.500000	34.666667	G5	90	80	0	5	-3.707830
199	34.500000	34.666667	D3	90	80	1	-4	-4.458307
200	34.666667	34.833333	D5	90	80	0	3	-3.854029
201	34.666667	34.833333	G3	90	80	1	-2	-2.507290
202	34.833333	35.000000	B4	90	80	0	2	-3.674662
203	34.833333	35.000000	B3	90	80	1	-1	-2.415329
204	35.000000	35.500000	G4	90	80	0	1	-3.157580
205	35.000000	35.166667	D3	90	80	1	-4	-4.458307
206	35.166667	35.333333	G3	90	80	1	-2	-2.507290
207	35.333333	35.500000	B3	90	80	1	-1	-2.415329
208	35.500000	35.666667	D5	90	80	0	5	-4.274449
209	35.500000	35.666667	D3	90	80	1	-4	-4.458307
210	35.666667	35.833333	B4	90	80	0	3	-3.509161
211	35.666667	35.833333	G3	90	80	1	-2	-2.507290
212	35.833333	36.000000	G4	90	80	0	2	-3.674662
213	35.833333	36.000000	B3	90	80	1	-1	-2.415329
214	36.000000	36.500000	D4	90	80	0	1	-3.434905
215	36.000000	36.166667	D3	90	80	1	-4	-4.458307
216	36.166667	36.333333	F#3	90	80	1	-2	-3.159098
217	36.333333	36.500000	A3	90	80	1	-1	-2.464298
218	36.500000	36.666667	D5	90	80	0	5	-2.242366
219	36.500000	36.666667	D3	90	80	1	-4	-3.752799
220	36.666667	36.833333	B4	90	80	0	3	-3.509161
221	36.666667	36.833333	G3	90	80	1	-2	-2.507290
222	36.833333	37.000000	G4	90	80	0	2	-3.674662
223	36.833333	37.000000	B3	90	80	1	-1	-2.415329
224	37.000000	37.500000	D4	90	80	0	1	-3.434905
225	37.000000	37.166667	D3	90	80	1	-4	-4.458307
226	37.166667	37.333333	F#3	90	80	1	-2	-3.159098
227	37.333333	37.500000	A3	90	80	1	-1	-2.464298
228	37.500000	37.666667	D5	90	80	0	5	-2.242366
229	37.500000	37.666667	D3	90	80	1	-4	-3.752799
230	37.666667	37.833333	B4	90	80	0	3	-3.509161
231	37.666667	37.833333	G3	90	80	1	-2	-2.507290
232	37.833333	38.000000	G4	90	80	0	2	-3.674662
233	37.833333	38.000000	B3	90	80	1	-1	-2.415329
234	38.000000	38.500000	D4	90	80	0	1	-3.434905
235	38.000000	38.500000	D3	90	80	1	-5	-3.730225
236	38.000000	38.500000	F#3	90	80	1	-3	-3.351805
