//Version: PianoFingering_v170101
1	0.000000	0.277778	B-4	90	80	0	3	-1.701607
2	0.000000	0.500000	D-3	90	80	1	-5	-0.504576
3	0.277778	0.555556	A-4	90	80	0	2	-2.287533
4	0.500000	1.000000	F3	90	80	1	-3	-4.118108
5	0.500000	1.000000	A-3	90	80	1	-2	-3.407298
6	0.500000	1.000000	D-4	90	80	1	-1	-2.320150
7	0.555556	1.455556	F5	90	80	0	5	-4.457166
8	0.855556	1.055556	F4	90	80	0	1	-1.922714
9	1.000000	1.500000	F3	90	80	1	-4	-5.233707
10	1.000000	1.500000	A-3	90	80	1	-2	-3.337019
11	1.000000	1.500000	D-4	90	80	1	-1	-2.320150
12	1.055556	1.255556	G-4	90	80	0	2	-3.900292
13	1.255556	1.455556	G4	90	80	0	1	-4.072488
14	1.455556	2.069841	A-4	90	80	0	2	-3.900292
15	1.500000	2.000000	A-2	90	80	1	-5	-3.781310
16	1.655556	1.855556	G-5	90	80	0	5	-6.184352
17	1.855556	2.498413	F5	90	80	0	4	-4.300502
18	2.000000	2.500000	E-3	90	80	1	-3	-3.416097
19	2.000000	2.500000	G-3	90	80	1	-2	-3.046717
20	2.000000	2.500000	C4	90	80	1	-1	-4.366821
21	2.069841	2.284127	G4	90	80	0	1	-3.549056
22	2.284127	2.498413	A-4	90	80	0	2	-3.900292
23	2.498413	2.698413	B--4	90	80	0	1	-4.072488
24	2.498413	2.698413	F5	90	80	0	5	-3.707830
25	2.500000	3.000000	E-3	90	80	1	-4	-4.497131
26	2.500000	3.000000	G-3	90	80	1	-2	-2.359478
27	2.500000	3.000000	C4	90	80	1	-1	-4.366821
28	2.698413	2.898413	A-4	90	80	0	1	-3.521239
29	2.698413	3.098413	E-5	90	80	0	4	-4.054949
30	2.898413	3.346347	G-4	90	80	0	1	-2.969918
31	3.000000	4.000000	B-2	90	80	1	-5	-4.510402
32	3.098413	3.842214	D-5	90	80	0	4	-4.054949
33	3.346347	3.594280	F4	90	80	0	1	-3.549056
34	3.500000	4.000000	B-3	90	80	1	-2	-5.035265
35	3.500000	4.000000	D-4	90	80	1	-1	-2.415329
36	3.594280	4.090148	A-4	90	80	0	2	-3.246278
37	3.842214	4.090148	C5	90	80	0	4	-3.927704
38	4.000000	4.500000	E-3	90	80	1	-5	-3.181034
39	4.000000	4.500000	B-3	90	80	1	-2	-2.554480
40	4.000000	4.500000	D-4	90	80	1	-1	-2.415329
41	4.090148	4.586016	G4	90	80	0	1	-3.216633
42	4.090148	4.338082	B-4	90	80	0	2	-3.246278
43	4.338082	4.586016	E-5	90	80	0	4	-2.909306
44	4.500000	5.000000	A-2	90	80	1	-5	-3.781310
45	4.586016	5.577752	G-4	90	80	0	1	-2.969918
46	4.586016	4.833950	D-5	90	80	0	4	-4.054949
47	4.833950	5.081884	C5	90	80	0	3	-3.302559
48	5.000000	5.500000	A-3	90	80	1	-4	-4.924626
49	5.000000	5.500000	E-4	90	80	1	-1	-2.959487
50	5.081884	5.329818	B-4	90	80	0	2	-3.032881
51	5.329818	5.577752	C5	90	80	0	4	-3.580467
52	5.500000	6.000000	A-3	90	80	1	-4	-3.752799
53	5.500000	6.000000	E-4	90	80	1	-1	-2.959487
54	5.577752	5.977752	G-4	90	80	0	1	-4.295977
55	5.577752	5.977752	A-4	90	80	0	2	-2.867384
56	5.977752	6.777752	F5	90	80	0	5	-4.457166
57	6.000000	6.500000	D-3	90	80	1	-5	-3.842215
58	6.177752	6.377752	F4	90	80	0	1	-1.922714
59	6.377752	6.577752	G-4	90	80	0	2	-3.900292
60	6.500000	7.000000	F3	90	80	1	-3	-4.118108
61	6.500000	7.000000	A-3	90	80	1	-2	-3.407298
62	6.500000	7.000000	D-4	90	80	1	-1	-2.320150
63	6.577752	6.777752	G4	90	80	0	1	-4.072488
64	6.777752	7.377752	A-4	90	80	0	2	-3.900292
65	6.977752	7.177752	G-5	90	80	0	5	-6.184352
66	7.000000	7.500000	F3	90	80	1	-4	-5.233707
67	7.000000	7.500000	A-3	90	80	1	-2	-3.337019
68	7.000000	7.500000	D-4	90	80	1	-1	-2.320150
69	7.177752	7.777752	F5	90	80	0	4	-4.300502
70	7.377752	7.577752	A-4	90	80	0	1	-4.500880
71	7.500000	8.000000	A-2	90	80	1	-5	-3.781310
72	7.577752	7.977752	B--4	90	80	0	2	-5.579477
73	7.777752	7.977752	F5	90	80	0	5	-3.767315
74	7.977752	8.177752	A-4	90	80	0	2	-4.240163
75	7.977752	8.577752	E-5	90	80	0	5	-3.528229
76	8.000000	8.500000	E-3	90	80	1	-3	-3.416097
77	8.000000	8.500000	G-3	90	80	1	-2	-3.046717
78	8.000000	8.500000	C4	90	80	1	-1	-4.366821
79	8.177752	8.377752	G-4	90	80	0	2	-4.028221
80	8.377752	8.777752	F4	90	80	0	1	-3.290753
81	8.500000	9.000000	B--2	90	80	1	-5	-4.233080
82	8.577752	8.777752	D-5	90	80	0	4	-4.298356
83	8.777752	9.377752	B-4	90	80	0	2	-3.359779
84	8.777752	8.977752	B-4	90	80	0	1	-4.802885
85	8.977752	9.177752	C6	90	80	0	5	-6.546164
86	9.000000	9.500000	B-2	90	80	1	-4	-5.131985
87	9.177752	9.377752	B-5	90	80	0	4	-4.424487
88	9.377752	9.577752	C5	90	80	0	1	-3.493957
89	9.377752	9.577752	C5	90	80	0	2	-4.712397
90	9.500000	10.000000	G-3	90	80	1	-5	-7.531097
91	9.500000	10.000000	B-3	90	80	1	-3	-3.170876
92	9.500000	10.000000	E-4	90	80	1	-1	-2.717521
93	9.577752	9.977752	D-5	90	80	0	3	-3.190537
94	9.777752	9.977752	F4	90	80	0	1	-4.449629
95	9.977752	10.177752	G-4	90	80	0	2	-3.900292
96	10.000000	10.500000	A-3	90	80	1	-5	-3.242781
97	10.000000	10.500000	E-4	90	80	1	-2	-2.554480
98	10.000000	10.500000	G-4	90	80	1	-1	-2.415329
99	10.177752	10.377752	G4	90	80	0	1	-4.072488
100	10.377752	10.577752	B-4	90	80	0	2	-3.246278
101	10.500000	11.000000	D-4	90	80	1	-4	-4.223116
102	10.500000	11.000000	F4	90	80	1	-2	-2.871001
103	10.577752	10.777752	A-4	90	80	0	1	-2.609267
104	10.777752	11.577752	F5	90	80	0	5	-4.733635
105	10.977752	11.177752	F4	90	80	0	1	-1.922714
106	11.177752	11.377752	G-4	90	80	0	2	-3.900292
107	11.377752	11.577752	G4	90	80	0	1	-4.072488
108	11.577752	12.177752	A-4	90	80	0	2	-3.900292
109	11.777752	11.977752	G-5	90	80	0	5	-6.184352
110	11.977752	12.577752	F5	90	80	0	4	-4.300502
111	12.000000	12.500000	D-3	90	80	1	-5	-5.273430
112	12.177752	12.377752	G4	90	80	0	1	-3.549056
113	12.377752	12.577752	A-4	90	80	0	2	-3.900292
114	12.500000	13.000000	F3	90	80	1	-3	-4.118108
115	12.500000	13.000000	A-3	90	80	1	-2	-3.407298
116	12.500000	13.000000	D-4	90	80	1	-1	-2.320150
117	12.577752	12.777752	B--4	90	80	0	1	-4.072488
118	12.577752	12.777752	F5	90	80	0	5	-3.707830
119	12.777752	12.977752	A-4	90	80	0	1	-3.521239
120	12.777752	13.177752	E-5	90	80	0	4	-4.054949
121	12.977752	13.377752	G-4	90	80	0	1	-2.969918
122	13.000000	13.500000	F3	90	80	1	-4	-5.233707
123	13.000000	13.500000	A-3	90	80	1	-2	-3.337019
124	13.000000	13.500000	D-4	90	80	1	-1	-2.320150
125	13.177752	13.777752	D-5	90	80	0	4	-4.054949
126	13.377752	13.577752	F4	90	80	0	1	-3.549056
127	13.500000	14.000000	A-2	90	80	1	-5	-3.781310
128	13.577752	13.977752	A-4	90	80	0	2	-3.246278
129	13.777752	13.977752	C5	90	80	0	4	-3.927704
130	13.977752	14.425685	G4	90	80	0	1	-3.216633
131	13.977752	14.177752	B-4	90	80	0	2	-3.246278
132	14.000000	14.500000	E-3	90	80	1	-3	-3.416097
133	14.000000	14.500000	G-3	90	80	1	-2	-3.046717
134	14.000000	14.500000	C4	90	80	1	-1	-4.366821
135	14.177752	14.425685	E-5	90	80	0	4	-2.909306
136	14.425685	15.417421	G-4	90	80	0	1	-2.969918
137	14.425685	14.673619	D-5	90	80	0	4	-4.054949
138	14.500000	15.000000	E-3	90	80	1	-4	-4.497131
139	14.500000	15.000000	G-3	90	80	1	-2	-2.359478
140	14.500000	15.000000	C4	90	80	1	-1	-4.366821
141	14.673619	14.921553	C5	90	80	0	3	-3.302559
142	14.921553	15.169487	B-4	90	80	0	2	-3.032881
143	15.000000	16.000000	B-2	90	80	1	-5	-4.510402
144	15.169487	15.417421	C5	90	80	0	4	-3.580467
145	15.417421	15.913289	G-4	90	80	0	1	-4.295977
146	15.417421	15.913289	A-4	90	80	0	2	-2.867384
147	15.500000	16.000000	B-3	90	80	1	-2	-5.035265
148	15.500000	16.000000	D-4	90	80	1	-1	-2.415329
149	15.913289	16.713289	F5	90	80	0	5	-4.457166
150	16.000000	16.500000	E-3	90	80	1	-5	-3.181034
151	16.000000	16.500000	B-3	90	80	1	-2	-2.554480
152	16.000000	16.500000	D-4	90	80	1	-1	-2.415329
153	16.113289	16.313289	F4	90	80	0	1	-1.922714
154	16.313289	16.513289	G-4	90	80	0	2	-3.900292
155	16.500000	17.000000	A-2	90	80	1	-5	-3.781310
156	16.513289	16.713289	G4	90	80	0	1	-4.072488
157	16.713289	17.313289	A-4	90	80	0	2	-3.900292
158	16.913289	17.113289	G-5	90	80	0	5	-6.184352
159	17.000000	17.500000	A-3	90	80	1	-4	-4.924626
160	17.000000	17.500000	E-4	90	80	1	-1	-2.959487
161	17.113289	17.713289	F5	90	80	0	4	-4.300502
162	17.313289	17.513289	A-4	90	80	0	1	-4.500880
163	17.500000	18.000000	A-3	90	80	1	-4	-3.752799
164	17.500000	18.000000	E-4	90	80	1	-1	-2.959487
165	17.513289	17.913289	B--4	90	80	0	2	-5.579477
166	17.713289	17.913289	F5	90	80	0	5	-3.767315
167	17.913289	18.113289	A-4	90	80	0	2	-4.240163
168	17.913289	18.513289	E-5	90	80	0	5	-3.528229
169	18.000000	18.500000	D-3	90	80	1	-5	-3.842215
170	18.113289	18.313289	G-4	90	80	0	2	-4.028221
171	18.313289	18.713289	F4	90	80	0	1	-3.290753
172	18.500000	19.000000	F3	90	80	1	-3	-4.118108
173	18.500000	19.000000	A-3	90	80	1	-2	-3.407298
174	18.500000	19.000000	D-4	90	80	1	-1	-2.320150
175	18.513289	18.713289	D-5	90	80	0	4	-4.298356
176	18.713289	19.313289	B-4	90	80	0	2	-3.359779
177	18.713289	18.913289	B-4	90	80	0	1	-4.802885
178	18.913289	19.113289	C6	90	80	0	5	-6.546164
179	19.000000	19.500000	F3	90	80	1	-4	-5.233707
180	19.000000	19.500000	A-3	90	80	1	-2	-3.337019
181	19.000000	19.500000	D-4	90	80	1	-1	-2.320150
182	19.113289	19.313289	B-5	90	80	0	4	-4.424487
183	19.313289	19.513289	C5	90	80	0	1	-3.493957
184	19.313289	19.513289	C5	90	80	0	2	-4.712397
185	19.500000	20.000000	A-2	90	80	1	-5	-3.781310
186	19.513289	19.713289	D-5	90	80	0	3	-3.190537
187	19.713289	19.913289	F4	90	80	0	1	-4.449629
188	19.913289	20.113289	G-4	90	80	0	2	-3.900292
189	20.000000	20.500000	E-3	90	80	1	-3	-3.416097
190	20.000000	20.500000	G-3	90	80	1	-2	-3.046717
191	20.000000	20.500000	C4	90	80	1	-1	-4.366821
192	20.113289	20.313289	G4	90	80	0	3	-3.686981
193	20.313289	20.513289	A-4	90	80	0	1	-6.884210
194	20.500000	21.000000	B--2	90	80	1	-5	-4.233080
195	20.513289	20.713289	C5	90	80	0	2	-3.465862
196	20.713289	21.313289	D-5	99	80	0	3	-3.190537
197	20.713289	21.313289	F5	112	80	0	5	-3.340065
198	21.000000	21.500000	B-2	90	80	1	-4	-5.131985
199	21.313289	21.513289	G4	99	80	0	1	-3.027253
200	21.313289	21.513289	E-5	99	80	0	4	-4.298356
201	21.500000	22.000000	G-3	90	80	1	-5	-7.531097
202	21.500000	22.000000	B-3	90	80	1	-3	-3.170876
203	21.500000	22.000000	E-4	90	80	1	-1	-2.717521
204	21.513289	21.713289	D-5	99	80	0	3	-2.238713
205	21.513289	21.713289	F5	99	80	0	5	-3.340065
206	21.713289	21.913289	G4	99	80	0	1	-3.027253
207	21.713289	21.913289	E-5	99	80	0	4	-4.298356
208	22.000000	22.500000	A-3	90	80	1	-5	-3.242781
209	22.000000	22.500000	E-4	90	80	1	-2	-2.554480
210	22.000000	22.500000	G-4	90	80	1	-1	-2.415329
211	22.500000	23.000000	D-4	90	80	1	-2	-3.456527
212	22.500000	23.000000	F4	90	80	1	-1	-3.262923
213	23.113289	23.313289	C5	99	80	0	3	-3.914844
214	23.113289	23.313289	F5	99	80	0	5	-3.128600
215	23.313289	23.513289	A-4	99	80	0	1	-3.521239
216	23.313289	23.513289	E-5	99	80	0	3	-3.751952
217	23.513289	23.713289	C5	99	80	0	2	-3.286699
218	23.513289	23.713289	F5	99	80	0	5	-3.228870
219	23.713289	23.913289	A-4	99	80	0	1	-3.521239
220	23.713289	23.913289	E-5	99	80	0	3	-3.751952
221	23.913289	24.113289	C5	99	80	0	2	-3.286699
222	23.913289	24.113289	F5	99	80	0	5	-3.228870
223	24.000000	24.500000	E-2	90	80	1	-5	-5.704159
224	24.000000	24.500000	E-3	90	80	1	-1	-1.202832
225	24.113289	24.313289	A-4	99	80	0	1	-3.521239
226	24.113289	24.313289	E-5	99	80	0	4	-4.054949
227	24.313289	24.913289	C-5	90	80	0	2	-4.058569
228	24.313289	24.913289	E-5	103	80	0	4	-3.522723
229	24.500000	25.000000	E-3	90	80	1	-5	-4.801795
230	24.500000	25.000000	E-4	90	80	1	-1	-1.202832
231	24.913289	25.113289	F4	90	80	0	1	-3.493957
232	24.913289	25.113289	D-5	90	80	0	3	-5.042408
233	25.000000	25.500000	E-3	90	80	1	-5	-2.314770
234	25.000000	25.500000	E-4	90	80	1	-1	-1.202832
235	25.113289	25.313289	C-5	90	80	0	2	-3.286699
236	25.113289	25.313289	E-5	90	80	0	4	-3.522723
237	25.313289	25.513289	F4	99	80	0	1	-3.493957
238	25.313289	25.513289	D-5	99	80	0	4	-4.298356
239	25.500000	26.000000	A-2	90	80	1	-5	-4.212346
240	25.500000	26.000000	A-3	90	80	1	-1	-1.202832
241	26.000000	26.500000	A-3	90	80	1	-5	-4.801795
242	26.000000	26.500000	E-4	90	80	1	-1	-3.477173
243	27.000000	27.500000	D-2	90	80	1	-5	-4.456078
244	27.000000	27.500000	D-3	90	80	1	-1	-1.202832
245	27.500000	28.000000	D-3	90	80	1	-5	-4.801795
246	27.500000	28.000000	D-4	90	80	1	-1	-1.202832
247	28.000000	28.500000	D-3	90	80	1	-5	-2.314770
248	28.000000	28.500000	D-4	90	80	1	-1	-1.202832
249	28.500000	29.000000	G-2	90	80	1	-5	-4.212346
250	29.000000	29.500000	G-3	90	80	1	-4	-4.924626
251	29.000000	29.500000	B-3	90	80	1	-2	-2.359478
252	29.000000	29.500000	D-4	90	80	1	-1	-2.415329
253	30.000000	30.500000	G-2	96	80	1	-5	-4.212346
254	30.500000	31.000000	G-3	90	80	1	-4	-4.924626
255	30.500000	31.000000	B--3	90	80	1	-2	-3.571868
256	30.500000	31.000000	D-4	90	80	1	-1	-3.194227
257	31.000000	31.500000	G-3	90	80	1	-3	-4.266477
258	31.000000	31.500000	B--3	90	80	1	-2	-2.872099
259	31.000000	31.500000	D-4	90	80	1	-1	-3.194227
260	31.500000	32.000000	D-3	90	80	1	-5	-2.314770
261	31.513289	31.713289	B-4	99	80	0	2	-3.359779
262	31.513289	31.713289	E-5	112	80	0	4	-2.909306
263	31.713289	31.913289	G-4	99	80	0	1	-2.969918
264	31.713289	31.913289	D-5	99	80	0	4	-4.054949
265	31.913289	32.113289	B-4	99	80	0	2	-3.359779
266	31.913289	32.113289	E-5	112	80	0	4	-2.909306
267	32.000000	32.500000	F3	90	80	1	-3	-4.118108
268	32.000000	32.500000	A-3	90	80	1	-2	-3.407298
269	32.000000	32.500000	D-4	90	80	1	-1	-2.320150
270	32.113289	32.313289	G-4	99	80	0	1	-2.969918
271	32.113289	32.313289	D-5	99	80	0	4	-4.054949
272	32.313289	32.513289	B-4	99	80	0	2	-3.359779
273	32.313289	32.513289	E-5	112	80	0	4	-2.909306
274	32.500000	33.500000	G2	90	80	1	-5	-7.040401
275	32.513289	32.713289	G-4	99	80	0	1	-2.969918
276	32.513289	32.713289	D-5	99	80	0	4	-4.054949
277	32.713289	32.913289	B--4	99	80	0	2	-4.058569
278	32.713289	32.913289	D-5	99	80	0	4	-3.522723
279	32.913289	33.113289	G-4	99	80	0	1	-2.857522
280	32.913289	33.113289	E-5	99	80	0	5	-3.707830
281	33.113289	33.313289	B--4	99	80	0	2	-4.646957
282	33.113289	33.313289	D-5	99	80	0	4	-3.522723
283	33.313289	33.513289	G-4	99	80	0	1	-2.857522
284	33.313289	33.513289	C5	99	80	0	3	-5.088322
285	33.500000	34.000000	A-3	90	80	1	-1	-6.847571
286	33.513289	33.713289	B--4	99	80	0	2	-3.674662
287	33.513289	33.713289	D-5	99	80	0	4	-3.522723
288	33.713289	33.913289	G-4	99	80	0	1	-2.857522
289	33.713289	33.913289	E-5	99	80	0	5	-3.707830
290	33.913289	34.113289	A-4	99	80	0	2	-3.263552
291	33.913289	34.313289	F5	99	80	0	5	-4.457166
292	34.000000	34.500000	A-2	90	80	1	-5	-2.314770
293	34.000000	34.500000	A-3	90	80	1	-1	-1.202832
294	34.113289	34.313289	F4	99	80	0	1	-1.922714
295	34.313289	34.513289	A-4	99	80	0	2	-3.246278
296	34.313289	34.513289	E-5	99	80	0	5	-3.528229
297	34.500000	35.000000	D-3	90	80	1	-4	-3.752799
298	34.500000	35.000000	A-3	90	80	1	-1	-2.959487
299	34.513289	34.713289	F4	99	80	0	1	-4.031984
300	34.513289	34.713289	D-5	99	80	0	4	-4.298356
301	34.713289	34.913289	F-4	99	80	0	1	-3.493957
302	34.713289	34.913289	C5	99	80	0	5	-3.707830
303	34.913289	35.113289	D-4	99	80	0	1	-4.221033
304	34.913289	35.113289	B-4	99	80	0	4	-4.268071
305	35.000000	35.500000	D-2	90	80	1	-5	-4.212346
306	35.113289	35.313289	F4	99	80	0	2	-4.058569
307	35.113289	35.313289	B-4	99	80	0	4	-3.522723
308	35.313289	35.513289	C4	99	80	0	1	-3.493957
309	35.313289	35.513289	A-4	99	80	0	4	-4.298356
310	35.513289	35.713289	G-4	99	80	0	3	-2.238713
311	35.513289	35.713289	B-4	99	80	0	5	-2.681011
312	35.713289	35.913289	C4	99	80	0	1	-4.031984
313	35.713289	35.913289	A-4	99	80	0	4	-4.298356
314	35.913289	36.113289	G-4	99	80	0	3	-2.238713
315	35.913289	36.113289	B-4	99	80	0	5	-2.681011
316	36.000000	36.500000	E-2	90	80	1	-4	-3.907966
317	36.000000	36.500000	E-3	90	80	1	-1	-2.522980
318	36.113289	36.313289	C4	99	80	0	1	-4.031984
319	36.113289	36.313289	A-4	99	80	0	3	-5.042408
320	36.313289	36.913289	F4	90	80	0	1	-3.984578
321	36.313289	36.913289	D-5	90	80	0	3	-5.042408
322	36.500000	37.000000	E-3	90	80	1	-5	-4.801795
323	36.500000	37.000000	E-4	90	80	1	-1	-1.202832
324	36.913289	37.113289	C5	99	80	0	2	-2.803601
325	37.000000	37.500000	E-3	90	80	1	-5	-2.314770
326	37.000000	37.500000	E-4	90	80	1	-1	-1.202832
327	37.113289	37.313289	D-5	99	80	0	3	-3.190537
328	37.313289	37.513289	C5	99	80	0	2	-2.803601
329	37.500000	38.000000	A-2	90	80	1	-5	-4.212346
330	37.500000	38.000000	A-3	90	80	1	-1	-1.202832
331	37.513289	38.113289	D-5	99	80	0	3	-3.190537
332	37.513289	38.113289	F5	112	80	0	5	-3.340065
333	38.000000	38.500000	A-3	90	80	1	-5	-4.801795
334	38.000000	38.500000	E-4	90	80	1	-1	-3.477173
335	38.113289	38.313289	G4	99	80	0	1	-3.027253
336	38.113289	38.313289	E-5	99	80	0	4	-4.298356
337	38.313289	38.513289	D-5	99	80	0	3	-2.238713
338	38.313289	38.513289	F5	99	80	0	5	-3.340065
339	38.513289	38.713289	G4	99	80	0	1	-3.027253
340	38.513289	38.713289	E-5	99	80	0	4	-4.298356
341	39.000000	39.500000	D-2	90	80	1	-5	-4.456078
342	39.000000	39.500000	D-3	90	80	1	-1	-1.202832
343	39.500000	40.000000	D-3	90	80	1	-5	-4.801795
344	39.500000	40.000000	D-4	90	80	1	-1	-1.202832
345	40.000000	40.500000	D-3	90	80	1	-5	-2.314770
346	40.000000	40.500000	D-4	90	80	1	-1	-1.202832
347	40.500000	41.000000	G-2	90	80	1	-5	-4.212346
348	40.913289	41.113289	C5	99	80	0	3	-3.914844
349	40.913289	41.113289	F5	99	80	0	5	-3.128600
350	41.000000	41.500000	G-3	90	80	1	-4	-4.924626
351	41.000000	41.500000	B-3	90	80	1	-2	-2.359478
352	41.000000	41.500000	D-4	90	80	1	-1	-2.415329
353	41.113289	41.313289	A-4	99	80	0	1	-3.521239
354	41.113289	41.313289	E-5	99	80	0	3	-3.751952
355	41.313289	41.513289	C5	99	80	0	2	-3.286699
356	41.313289	41.513289	F5	99	80	0	5	-3.228870
357	41.513289	41.713289	A-4	99	80	0	1	-3.521239
358	41.513289	41.713289	E-5	99	80	0	3	-3.751952
359	41.713289	41.913289	C5	99	80	0	2	-3.286699
360	41.713289	41.913289	F5	99	80	0	5	-3.228870
361	41.913289	42.113289	A-4	99	80	0	1	-3.521239
362	41.913289	42.113289	E-5	99	80	0	4	-4.054949
363	42.000000	42.500000	G-2	90	80	1	-5	-4.212346
364	42.113289	42.713289	C-5	99	80	0	2	-4.058569
365	42.113289	42.713289	E-5	112	80	0	4	-3.522723
366	42.500000	43.000000	G-3	90	80	1	-4	-4.924626
367	42.500000	43.000000	B--3	90	80	1	-2	-3.571868
368	42.500000	43.000000	D-4	90	80	1	-1	-3.194227
369	42.713289	42.913289	F4	99	80	0	1	-3.493957
370	42.713289	42.913289	D-5	99	80	0	3	-5.042408
371	42.913289	43.113289	C-5	99	80	0	2	-3.286699
372	42.913289	43.113289	E-5	99	80	0	4	-3.522723
373	43.000000	43.500000	G-3	90	80	1	-3	-4.266477
374	43.000000	43.500000	B--3	90	80	1	-2	-2.872099
375	43.000000	43.500000	D-4	90	80	1	-1	-3.194227
376	43.113289	43.313289	F4	99	80	0	1	-3.493957
377	43.113289	43.313289	D-5	99	80	0	4	-4.298356
378	43.500000	44.000000	D-3	90	80	1	-5	-2.314770
379	44.000000	44.500000	F3	90	80	1	-3	-4.118108
380	44.000000	44.500000	A-3	90	80	1	-2	-3.407298
381	44.000000	44.500000	D-4	90	80	1	-1	-2.320150
382	44.500000	45.500000	G2	90	80	1	-5	-7.040401
383	45.500000	46.000000	A-3	90	80	1	-1	-6.847571
384	46.000000	46.500000	A-2	90	80	1	-5	-2.314770
385	46.000000	46.500000	A-3	90	80	1	-1	-1.202832
386	46.500000	47.000000	D-3	90	80	1	-4	-3.752799
387	46.500000	47.000000	A-3	90	80	1	-1	-2.959487
388	47.000000	48.000000	D-2	90	80	1	-5	-4.212346
389	48.500000	48.750000	G-2	81	80	1	-5	-5.427640
390	48.750000	49.000000	D-3	81	80	1	-3	-3.416097
391	49.000000	49.250000	E-3	81	80	1	-2	-2.510186
392	49.250000	49.500000	F3	81	80	1	-1	-2.464298
393	49.500000	49.750000	G-3	81	80	1	-3	-5.495075
394	49.750000	50.000000	A-3	81	80	1	-2	-2.510186
395	99.713289	99.913289	B-4	99	80	0	2	-3.359779
396	99.713289	99.913289	E-5	112	80	0	4	-2.909306
397	99.913289	100.113289	G-4	99	80	0	1	-2.969918
398	99.913289	100.113289	D-5	99	80	0	4	-4.054949
399	100.113289	100.313289	B-4	99	80	0	2	-3.359779
400	100.113289	100.313289	E-5	112	80	0	4	-2.909306
401	100.313289	100.513289	G-4	99	80	0	1	-2.969918
402	100.313289	100.513289	D-5	99	80	0	4	-4.054949
403	100.513289	100.713289	B-4	99	80	0	2	-3.359779
404	100.513289	100.713289	E-5	112	80	0	4	-2.909306
405	100.713289	100.913289	G-4	99	80	0	1	-2.969918
406	100.713289	100.913289	D-5	99	80	0	4	-4.054949
407	100.913289	101.161223	B--4	99	80	0	2	-4.058569
408	100.913289	101.161223	D-5	99	80	0	4	-3.522723
409	101.161223	101.409157	G-4	99	80	0	1	-2.857522
410	101.161223	101.409157	E-5	99	80	0	5	-3.707830
411	101.409157	101.657090	B--4	99	80	0	2	-4.646957
412	101.409157	101.657090	D-5	99	80	0	4	-3.522723
413	101.657090	101.905024	G-4	99	80	0	1	-2.857522
414	101.657090	101.905024	C5	99	80	0	3	-5.088322
415	101.905024	102.152958	B--4	99	80	0	2	-3.674662
416	101.905024	102.152958	D-5	99	80	0	4	-3.522723
417	102.152958	102.400892	G-4	99	80	0	1	-2.857522
418	102.152958	102.400892	E-5	99	80	0	5	-3.707830
419	102.400892	102.600892	A-4	99	80	0	2	-3.263552
420	102.400892	102.800892	F5	99	80	0	5	-4.457166
421	102.600892	102.800892	F4	99	80	0	1	-1.922714
422	102.800892	103.000892	A-4	99	80	0	2	-3.246278
423	102.800892	103.000892	E-5	99	80	0	5	-3.528229
424	103.000892	103.200892	F4	99	80	0	1	-4.031984
425	103.000892	103.200892	D-5	99	80	0	4	-4.298356
426	103.200892	103.400892	F-4	99	80	0	1	-3.493957
427	103.200892	103.400892	C5	99	80	0	5	-3.707830
428	103.400892	103.600892	D-4	99	80	0	1	-4.221033
429	103.400892	103.600892	B-4	99	80	0	4	-4.268071
430	103.600892	103.800892	F4	99	80	0	2	-4.058569
431	103.600892	103.800892	B-4	99	80	0	4	-3.522723
432	103.800892	104.000892	C4	99	80	0	1	-3.493957
433	103.800892	104.000892	A-4	99	80	0	4	-4.298356
434	104.000892	104.200892	G-4	99	80	0	3	-2.238713
435	104.000892	104.200892	B-4	99	80	0	5	-2.681011
436	104.200892	104.400892	C4	99	80	0	1	-4.031984
437	104.200892	104.400892	A-4	99	80	0	4	-4.298356
438	104.400892	104.600892	G-4	99	80	0	3	-2.238713
439	104.400892	104.600892	B-4	99	80	0	5	-2.681011
440	104.600892	104.800892	C4	99	80	0	1	-4.031984
441	104.600892	104.800892	A-4	99	80	0	3	-5.042408
442	104.800892	105.200892	F4	90	80	0	2	-3.286699
443	104.800892	105.200892	D-5	90	80	0	5	-4.848026
444	106.000892	106.400892	D-4	99	80	0	1	-1.922714
445	106.400892	107.200892	B-4	99	80	0	5	-3.707830
446	106.800892	107.200892	B-3	90	80	0	1	-1.922714
447	106.800892	107.200892	D-4	90	80	0	2	-2.525967
448	107.200892	107.600892	B-3	90	80	0	1	-3.157580
449	107.200892	107.600892	D-4	90	80	0	2	-2.525967
450	107.600892	108.400892	G-4	112	80	0	4	-2.909306
451	108.000892	108.400892	D-4	99	80	0	1	-3.216633
452	108.400892	108.800892	D-4	99	80	0	1	-4.507997
453	108.400892	108.800892	F4	99	80	0	2	-3.465862
454	108.800892	109.600892	A-4	112	80	0	3	-3.409656
455	109.200892	109.600892	D-4	99	80	0	1	-3.310457
456	109.600892	110.000892	D-4	99	80	0	1	-4.507997
457	109.600892	110.000892	G4	99	80	0	2	-5.302163
458	110.000892	111.200892	B-4	99	80	0	3	-3.409656
459	110.400892	110.800892	G4	99	80	0	2	-3.286699
460	110.800892	111.200892	E-4	90	80	0	1	-3.898407
461	110.800892	111.200892	G4	90	80	0	2	-3.465862
462	111.200892	111.600892	A-4	99	80	0	3	-3.190537
463	111.200892	112.000892	E-5	99	80	0	5	-4.855832
464	111.600892	112.000892	E-4	90	80	0	1	-1.922714
465	111.600892	112.000892	A-4	90	80	0	3	-3.401091
466	112.000892	112.400892	E-4	90	80	0	1	-2.905888
467	112.000892	112.400892	G4	90	80	0	2	-3.465862
468	112.000892	112.400892	D-5	99	80	0	5	-5.283726
469	112.400892	112.800892	E-4	90	80	0	1	-3.027253
470	112.400892	112.800892	A-4	90	80	0	2	-2.963617
471	112.400892	113.200892	C-5	99	80	0	4	-3.580467
472	112.800892	113.200892	E-4	90	80	0	1	-3.577835
473	112.800892	113.200892	A-4	90	80	0	3	-3.401091
474	113.200892	113.600892	E-4	90	80	0	1	-2.905888
475	113.200892	113.600892	A4	90	80	0	3	-5.088322
476	113.200892	113.600892	C5	99	80	0	5	-2.681011
477	113.600892	114.000892	D-4	90	80	0	1	-4.221033
478	113.600892	114.000892	A-4	90	80	0	3	-3.751952
479	113.600892	114.400892	D-5	99	80	0	5	-3.128600
480	114.000892	114.400892	D-4	90	80	0	1	-1.922714
481	114.000892	114.400892	A-4	90	80	0	2	-3.928858
482	114.400892	114.800892	G-4	99	80	0	1	-2.609267
483	114.400892	114.800892	A-4	90	80	0	2	-2.867384
484	114.400892	114.800892	C5	90	80	0	4	-3.927704
485	114.800892	115.200892	G-4	99	80	0	1	-4.295977
486	114.800892	115.200892	C-5	90	80	0	2	-3.465862
487	114.800892	115.200892	E-5	90	80	0	4	-3.522723
488	115.200892	115.400892	F4	99	80	0	1	-3.493957
489	115.200892	115.600892	B-4	90	80	0	2	-3.275273
490	115.200892	115.600892	D-5	90	80	0	4	-2.758588
491	115.400892	115.600892	E-4	99	80	0	1	-3.549056
492	115.600892	116.000892	F4	99	80	0	2	-3.493146
493	115.600892	116.000892	A-4	90	80	0	3	-3.409656
494	115.600892	116.000892	C-5	90	80	0	5	-3.635747
495	116.000892	117.200892	G-4	90	80	0	3	-4.491606
496	116.000892	117.200892	B-4	90	80	0	5	-2.681011
497	116.400892	116.800892	B-3	90	80	0	1	-1.922714
498	116.400892	116.800892	D-4	90	80	0	2	-2.525967
499	116.800892	117.200892	B-3	90	80	0	1	-3.157580
500	116.800892	117.200892	D-4	90	80	0	2	-2.525967
501	117.200892	118.000892	G-4	112	80	0	4	-2.909306
502	117.600892	118.000892	D-4	99	80	0	1	-3.216633
503	118.000892	118.400892	D-4	99	80	0	1	-4.507997
504	118.000892	118.400892	F4	99	80	0	2	-3.465862
505	118.400892	119.200892	A-4	112	80	0	3	-3.409656
506	118.800892	119.200892	D-4	99	80	0	1	-3.310457
507	119.200892	119.600892	D-4	99	80	0	1	-4.507997
508	119.200892	119.600892	G4	99	80	0	2	-5.302163
509	119.600892	120.800892	B-4	99	80	0	3	-3.409656
510	120.000892	120.400892	G4	99	80	0	2	-3.286699
511	120.400892	120.800892	E-4	90	80	0	1	-3.898407
512	120.400892	120.800892	G4	90	80	0	2	-3.465862
513	120.800892	121.200892	A-4	99	80	0	3	-3.190537
514	120.800892	121.600892	E-5	99	80	0	5	-4.855832
515	121.200892	121.600892	E-4	90	80	0	1	-1.922714
516	121.200892	121.600892	A-4	90	80	0	3	-3.401091
517	121.600892	122.000892	E-4	90	80	0	1	-2.905888
518	121.600892	122.000892	G4	90	80	0	2	-3.465862
519	121.600892	122.000892	D-5	99	80	0	5	-5.283726
520	122.000892	122.400892	E-4	90	80	0	1	-3.027253
521	122.000892	122.400892	A-4	90	80	0	2	-2.963617
522	122.000892	122.800892	C-5	99	80	0	4	-3.580467
523	122.400892	122.800892	E-4	90	80	0	1	-3.577835
524	122.400892	122.800892	A-4	90	80	0	3	-3.401091
525	122.800892	123.200892	E-4	90	80	0	1	-2.905888
526	122.800892	123.200892	A4	90	80	0	3	-5.088322
527	122.800892	123.200892	C5	99	80	0	5	-2.681011
528	123.200892	123.600892	D-4	90	80	0	1	-4.221033
529	123.200892	123.600892	A-4	90	80	0	2	-3.928858
530	123.200892	123.600892	D-5	99	80	0	4	-2.909306
531	124.000892	124.400892	F4	90	80	0	1	-3.549056
532	124.000892	124.400892	C-5	90	80	0	2	-2.963617
533	124.000892	124.400892	D-5	99	80	0	3	-3.409656
534	124.400892	124.800892	G-4	90	80	0	1	-3.310457
535	124.400892	124.800892	B-4	90	80	0	2	-2.525967
536	124.400892	124.800892	G-5	90	80	0	5	-3.767315
537	125.200892	125.600892	D-4	99	80	0	1	-4.498352
538	125.600892	126.400892	B-4	99	80	0	5	-3.707830
539	126.000892	126.400892	B-3	90	80	0	1	-1.922714
540	126.000892	126.400892	D-4	90	80	0	2	-2.525967
541	126.400892	126.800892	B-3	90	80	0	1	-3.157580
542	126.400892	126.800892	D-4	90	80	0	2	-2.525967
543	126.800892	127.600892	G-4	112	80	0	4	-2.909306
544	127.200892	127.600892	D-4	99	80	0	1	-3.216633
545	127.600892	128.000892	D-4	99	80	0	1	-4.507997
546	127.600892	128.000892	F4	99	80	0	2	-3.465862
547	128.000892	128.800892	A-4	112	80	0	3	-3.409656
548	128.400892	128.800892	D-4	99	80	0	1	-3.310457
549	128.800892	129.200892	D-4	99	80	0	1	-4.507997
550	128.800892	129.200892	G4	99	80	0	2	-5.302163
551	129.200892	130.400892	B-4	99	80	0	3	-3.409656
552	129.600892	130.000892	G4	99	80	0	2	-3.286699
553	130.000892	130.400892	E-4	90	80	0	1	-3.898407
554	130.000892	130.400892	G4	90	80	0	2	-3.465862
555	130.400892	130.800892	A-4	99	80	0	3	-3.190537
556	130.400892	131.200892	E-5	99	80	0	5	-4.855832
557	130.800892	131.200892	E-4	90	80	0	1	-1.922714
558	130.800892	131.200892	A-4	90	80	0	3	-3.401091
559	131.200892	131.600892	E-4	90	80	0	1	-2.905888
560	131.200892	131.600892	G4	90	80	0	2	-3.465862
561	131.200892	131.600892	D-5	99	80	0	5	-5.283726
562	131.600892	132.000892	E-4	90	80	0	1	-3.027253
563	131.600892	132.000892	A-4	90	80	0	2	-2.963617
564	131.600892	132.400892	C-5	99	80	0	4	-3.580467
565	132.000892	132.400892	E-4	90	80	0	1	-3.577835
566	132.000892	132.400892	A-4	90	80	0	3	-3.401091
567	132.400892	132.800892	E-4	90	80	0	1	-2.905888
568	132.400892	132.800892	A4	90	80	0	3	-5.088322
569	132.400892	132.800892	C5	99	80	0	5	-2.681011
570	132.800892	133.200892	D-4	90	80	0	1	-4.221033
571	132.800892	133.200892	A-4	90	80	0	3	-3.751952
572	132.800892	133.600892	D-5	99	80	0	5	-3.128600
573	133.200892	133.600892	D-4	90	80	0	1	-1.922714
574	133.200892	133.600892	A-4	90	80	0	2	-3.928858
575	133.600892	134.000892	G-4	99	80	0	1	-2.609267
576	133.600892	134.000892	A-4	90	80	0	2	-2.867384
577	133.600892	134.000892	C5	90	80	0	4	-3.927704
578	134.000892	134.400892	G-4	99	80	0	1	-4.295977
579	134.000892	134.400892	C-5	90	80	0	2	-3.465862
580	134.000892	134.400892	E-5	90	80	0	4	-3.522723
581	134.400892	134.600892	F4	99	80	0	1	-3.493957
582	134.400892	134.800892	B-4	90	80	0	2	-3.275273
583	134.400892	134.800892	D-5	90	80	0	4	-2.758588
584	134.600892	134.800892	E-4	99	80	0	1	-3.549056
585	134.800892	135.200892	F4	99	80	0	2	-3.493146
586	134.800892	135.200892	A-4	90	80	0	3	-3.409656
587	134.800892	135.200892	C-5	90	80	0	5	-3.635747
588	135.200892	136.400892	G-4	90	80	0	3	-4.491606
589	135.200892	136.400892	B-4	90	80	0	5	-2.681011
590	135.600892	136.000892	B-3	90	80	0	1	-1.922714
591	135.600892	136.000892	D-4	90	80	0	2	-2.525967
592	136.000892	136.400892	B-3	90	80	0	1	-3.157580
593	136.000892	136.400892	D-4	90	80	0	2	-2.525967
594	136.400892	137.200892	G-4	112	80	0	4	-2.909306
595	136.800892	137.200892	D-4	99	80	0	1	-3.216633
596	137.200892	137.600892	D-4	99	80	0	1	-4.507997
597	137.200892	137.600892	F4	99	80	0	2	-3.465862
598	137.600892	138.400892	A-4	112	80	0	3	-3.409656
599	138.000892	138.400892	D-4	99	80	0	1	-3.310457
600	138.400892	138.800892	D-4	99	80	0	1	-4.507997
601	138.400892	138.800892	G4	99	80	0	2	-5.302163
602	138.800892	140.000892	B-4	99	80	0	3	-3.409656
603	139.200892	139.600892	G4	99	80	0	2	-3.286699
604	139.600892	140.000892	E-4	90	80	0	1	-3.898407
605	139.600892	140.000892	G4	90	80	0	2	-3.465862
606	140.000892	140.400892	A-4	99	80	0	3	-3.190537
607	140.000892	140.800892	E-5	99	80	0	5	-4.855832
608	140.400892	140.800892	E-4	90	80	0	1	-1.922714
609	140.400892	140.800892	A-4	90	80	0	3	-3.401091
610	140.800892	141.200892	E-4	90	80	0	1	-2.905888
611	140.800892	141.200892	G4	90	80	0	2	-3.465862
612	140.800892	141.200892	D-5	99	80	0	5	-5.283726
613	141.200892	141.600892	E-4	90	80	0	1	-3.027253
614	141.200892	141.600892	A-4	90	80	0	2	-2.963617
615	141.200892	142.000892	C-5	99	80	0	4	-3.580467
616	141.600892	142.000892	E-4	90	80	0	1	-3.577835
617	141.600892	142.000892	A-4	90	80	0	3	-3.401091
618	142.000892	142.400892	E-4	90	80	0	1	-2.905888
619	142.000892	142.400892	A4	90	80	0	3	-5.088322
620	142.000892	142.400892	C5	99	80	0	5	-2.681011
621	142.400892	142.800892	D-4	90	80	0	1	-4.221033
622	142.400892	142.800892	A-4	90	80	0	2	-3.928858
623	142.400892	142.800892	D-5	99	80	0	4	-2.909306
624	143.200892	143.600892	F4	90	80	0	1	-3.549056
625	143.200892	143.600892	C-5	90	80	0	2	-2.963617
626	143.200892	143.600892	D-5	99	80	0	3	-3.409656
627	143.600892	144.000892	G-4	90	80	0	1	-3.310457
628	143.600892	144.000892	B-4	90	80	0	2	-2.525967
629	143.600892	144.000892	G-5	90	80	0	5	-3.767315
630	144.400892	144.800892	D-4	90	80	0	1	-4.498352
631	144.400892	144.800892	G-4	90	80	0	2	-2.963617
632	144.400892	144.800892	B-4	90	80	0	4	-2.758588
633	144.800892	145.400892	G-4	99	80	0	2	-3.359779
634	144.800892	145.400892	B-4	99	80	0	4	-2.758588
635	145.400892	145.600892	C4	99	80	0	1	-3.493957
636	145.400892	145.600892	A-4	99	80	0	4	-4.298356
637	145.500000	146.500000	B-3	81	80	1	-1	-2.578439
638	145.600892	145.800892	G-4	99	80	0	3	-2.238713
639	145.600892	145.800892	B-4	99	80	0	5	-2.681011
640	145.800892	146.000892	C4	99	80	0	1	-4.031984
641	145.800892	146.000892	A-4	99	80	0	4	-4.298356
642	146.000892	146.400892	D-4	99	80	0	1	-2.857522
643	146.000892	146.400892	F4	99	80	0	2	-3.465862
644	146.400892	147.200892	F4	99	80	0	1	-4.802885
645	146.400892	146.600892	A-4	99	80	0	2	-3.246278
646	146.500000	147.000000	A-3	81	80	1	-2	-2.745489
647	146.600892	147.200892	A-4	99	80	0	1	-4.802885
648	146.600892	146.800892	D-5	99	80	0	3	-3.401091
649	146.800892	147.200892	D-5	90	80	0	3	-4.378151
650	146.800892	147.200892	F5	90	80	0	5	-3.340065
651	147.000000	148.000000	C-4	81	80	1	-1	-2.464298
652	147.200892	147.800892	G-4	90	80	0	1	-4.221033
653	147.200892	147.800892	A-4	90	80	0	2	-2.867384
654	147.200892	148.000892	C5	99	80	0	3	-4.453766
655	147.200892	147.800892	F5	99	80	0	5	-3.128600
656	147.800892	148.000892	G-4	99	80	0	1	-4.221033
657	147.800892	148.000892	E-5	99	80	0	4	-4.268071
658	148.000000	148.500000	B-3	81	80	1	-2	-3.720116
659	148.000892	148.200892	A-4	99	80	0	1	-2.857522
660	148.000892	148.400892	C5	99	80	0	2	-3.465862
661	148.000892	148.200892	F5	99	80	0	5	-3.228870
662	148.200892	148.400892	G-4	99	80	0	1	-4.221033
663	148.200892	148.400892	E-5	99	80	0	5	-3.707830
664	148.400892	148.800892	F4	90	80	0	1	-4.031984
665	148.400892	148.800892	D-5	90	80	0	5	-4.305381
666	148.500000	149.500000	E-4	81	80	1	-1	-2.320150
667	148.800892	149.000892	A-4	90	80	0	3	-3.854029
668	148.800892	149.000892	C5	90	80	0	5	-3.340065
669	149.000892	149.200892	G-4	90	80	0	2	-4.412763
670	149.000892	149.200892	B-4	90	80	0	4	-2.758588
671	149.200892	149.600892	F4	90	80	0	2	-4.058569
672	149.200892	149.600892	A-4	90	80	0	3	-3.409656
673	149.500000	150.000000	D-4	81	80	1	-2	-2.745489
674	149.600892	150.200892	G-4	99	80	0	2	-2.287533
675	149.600892	150.200892	B-4	99	80	0	4	-2.758588
676	150.000000	150.500000	C-4	81	80	1	-3	-4.407505
677	150.200892	150.400892	C4	99	80	0	1	-3.493957
678	150.200892	150.400892	A-4	99	80	0	4	-4.298356
679	150.400892	150.600892	G-4	99	80	0	3	-2.238713
680	150.400892	150.600892	B-4	99	80	0	5	-2.681011
681	150.500000	150.750000	D-4	81	80	1	-1	-4.207397
682	150.600892	150.800892	C4	99	80	0	1	-4.031984
683	150.600892	150.800892	A-4	99	80	0	4	-4.298356
684	150.750000	151.000000	C-4	81	80	1	-2	-4.084076
685	150.800892	151.200892	D-4	99	80	0	1	-2.857522
686	150.800892	151.200892	F4	99	80	0	2	-3.465862
687	151.000000	151.500000	B-3	81	80	1	-3	-3.848567
688	151.200892	152.000892	F4	99	80	0	1	-4.802885
689	151.200892	151.400892	A-4	99	80	0	2	-3.246278
690	151.400892	152.000892	A-4	99	80	0	1	-4.802885
691	151.400892	151.600892	D-5	99	80	0	3	-3.401091
692	151.500000	152.000000	A-3	81	80	1	-4	-3.061136
693	151.600892	152.000892	D-5	90	80	0	3	-4.378151
694	151.600892	152.000892	F5	90	80	0	5	-3.340065
695	152.000000	152.250000	B-3	81	80	1	-3	-2.915060
696	152.000892	152.600892	A-4	99	80	0	1	-3.521239
697	152.000892	153.200892	C5	99	80	0	2	-3.465862
698	152.000892	152.600892	F5	99	80	0	5	-3.228870
699	152.250000	152.500000	A-3	81	80	1	-1	-3.930078
700	152.500000	153.000000	G-3	81	80	1	-2	-2.745489
701	152.600892	152.800892	G-4	99	80	0	1	-4.221033
702	152.600892	152.800892	E-5	99	80	0	5	-3.707830
703	152.800892	153.000892	A-4	99	80	0	2	-3.263552
704	152.800892	153.000892	F5	99	80	0	5	-4.457166
705	153.000000	153.500000	F3	81	80	1	-3	-3.281947
706	153.000892	153.200892	G-4	99	80	0	1	-4.221033
707	153.000892	153.200892	E-5	99	80	0	5	-3.707830
708	153.200892	154.000892	F4	99	80	0	1	-4.031984
709	153.200892	154.000892	D-5	99	80	0	5	-4.305381
710	153.500000	153.750000	G-3	81	80	1	-2	-3.081523
711	153.750000	154.000000	F3	81	80	1	-1	-3.931111
712	154.000000	154.500000	E-3	81	80	1	-2	-3.299403
713	154.000892	154.400892	F4	99	80	0	2	-4.577242
714	154.000892	154.400892	A-4	99	80	0	3	-3.409656
715	154.400892	155.000892	G-4	99	80	0	2	-2.287533
716	154.400892	155.000892	B-4	99	80	0	4	-2.758588
717	154.500000	156.000000	D-3	81	80	1	-3	-2.891080
718	155.000892	155.200892	C4	99	80	0	1	-3.493957
719	155.000892	155.200892	A-4	99	80	0	4	-4.298356
720	155.200892	155.400892	G-4	99	80	0	3	-2.238713
721	155.200892	155.400892	B-4	99	80	0	5	-2.681011
722	155.400892	155.600892	C4	99	80	0	1	-4.031984
723	155.400892	155.600892	A-4	99	80	0	4	-4.298356
724	155.600892	156.000892	D-4	99	80	0	1	-2.857522
725	155.600892	156.000892	F4	99	80	0	2	-3.465862
726	156.000000	156.250000	G-2	81	80	1	-5	-3.785580
727	156.000892	156.800892	F4	99	80	0	1	-4.802885
728	156.000892	156.200892	A-4	99	80	0	2	-3.246278
729	156.200892	156.800892	A-4	99	80	0	1	-4.802885
730	156.200892	156.400892	D-5	99	80	0	3	-3.401091
731	156.250000	156.500000	D-3	81	80	1	-3	-3.416097
732	156.400892	156.800892	D-5	90	80	0	3	-4.378151
733	156.400892	156.800892	F5	90	80	0	5	-3.340065
734	156.500000	156.750000	E-3	81	80	1	-2	-2.510186
735	156.750000	157.000000	F3	81	80	1	-1	-2.464298
736	156.800892	157.400892	G-4	90	80	0	1	-4.221033
737	156.800892	157.400892	A-4	90	80	0	2	-2.867384
738	156.800892	157.600892	C5	99	80	0	3	-4.453766
739	156.800892	157.400892	F5	99	80	0	5	-3.128600
740	157.000000	157.250000	G-3	81	80	1	-3	-5.495075
741	157.250000	157.500000	A-3	81	80	1	-2	-2.510186
742	157.400892	157.600892	G-4	99	80	0	1	-4.221033
743	157.400892	157.600892	E-5	99	80	0	4	-4.268071
744	157.500000	158.500000	B-3	81	80	1	-1	-2.578439
745	157.600892	157.800892	A-4	99	80	0	1	-2.857522
746	157.600892	158.000892	C5	99	80	0	2	-3.465862
747	157.600892	157.800892	F5	99	80	0	5	-3.228870
748	157.800892	158.000892	G-4	99	80	0	1	-4.221033
749	157.800892	158.000892	E-5	99	80	0	5	-3.707830
750	158.000892	158.400892	F4	90	80	0	1	-4.031984
751	158.000892	158.400892	D-5	90	80	0	5	-4.305381
752	158.400892	158.600892	A-4	90	80	0	3	-3.854029
753	158.400892	158.600892	C5	90	80	0	5	-3.340065
754	158.500000	159.000000	A-3	81	80	1	-2	-2.745489
755	158.600892	158.800892	G-4	90	80	0	2	-4.412763
756	158.600892	158.800892	B-4	90	80	0	4	-2.758588
757	158.800892	159.200892	F4	90	80	0	2	-4.058569
758	158.800892	159.200892	A-4	90	80	0	3	-3.409656
759	159.000000	160.000000	C-4	81	80	1	-1	-2.464298
760	159.200892	159.800892	G-4	99	80	0	2	-2.287533
761	159.200892	159.800892	B-4	99	80	0	4	-2.758588
762	159.800892	160.000892	C4	99	80	0	1	-3.493957
763	159.800892	160.000892	A-4	99	80	0	4	-4.298356
764	160.000000	160.500000	B-3	81	80	1	-2	-3.720116
765	160.000892	160.200892	G-4	99	80	0	3	-2.238713
766	160.000892	160.200892	B-4	99	80	0	5	-2.681011
767	160.200892	160.400892	C4	99	80	0	1	-4.031984
768	160.200892	160.400892	A-4	99	80	0	4	-4.298356
769	160.400892	160.800892	D-4	99	80	0	1	-2.857522
770	160.400892	160.800892	F4	99	80	0	2	-3.465862
771	160.500000	161.500000	E-4	81	80	1	-1	-2.320150
772	160.800892	161.600892	F4	99	80	0	1	-4.802885
773	160.800892	161.000892	A-4	99	80	0	2	-3.246278
774	161.000892	161.600892	A-4	99	80	0	1	-4.802885
775	161.000892	161.200892	D-5	99	80	0	3	-3.401091
776	161.200892	161.600892	D-5	90	80	0	3	-4.378151
777	161.200892	161.600892	F5	90	80	0	5	-3.340065
778	161.500000	162.000000	D-4	81	80	1	-2	-2.745489
779	161.600892	162.200892	A-4	99	80	0	1	-3.521239
780	161.600892	162.800892	C5	99	80	0	2	-3.465862
781	161.600892	162.200892	F5	99	80	0	5	-3.228870
782	162.000000	162.500000	C-4	81	80	1	-3	-4.407505
783	162.200892	162.400892	G-4	99	80	0	1	-4.221033
784	162.200892	162.400892	E-5	99	80	0	5	-3.707830
785	162.400892	162.600892	A-4	99	80	0	2	-3.263552
786	162.400892	162.600892	F5	99	80	0	5	-4.457166
787	162.500000	162.750000	D-4	81	80	1	-2	-3.407298
788	162.600892	162.800892	G-4	99	80	0	1	-4.221033
789	162.600892	162.800892	E-5	99	80	0	5	-3.707830
790	162.750000	163.000000	C-4	81	80	1	-1	-5.183592
791	162.800892	163.200892	F4	90	80	0	1	-4.031984
792	162.800892	163.200892	D-5	90	80	0	5	-4.305381
793	163.000000	163.500000	B-3	81	80	1	-2	-3.720116
794	163.500000	164.000000	A-3	81	80	1	-3	-2.891080
795	163.600892	164.000892	D-4	99	80	0	1	-1.922714
796	164.000000	164.250000	B-3	81	80	1	-2	-2.510186
797	164.000892	165.200892	B-4	99	80	0	5	-3.707830
798	164.250000	164.500000	A-3	81	80	1	-3	-2.891080
799	164.400892	164.800892	B-3	90	80	0	1	-1.922714
800	164.400892	164.800892	D-4	90	80	0	2	-2.525967
801	164.500000	165.000000	G-3	81	80	1	-4	-3.061136
802	164.800892	165.200892	B-3	90	80	0	1	-3.157580
803	164.800892	165.200892	D-4	90	80	0	2	-2.525967
804	165.000000	165.250000	F3	81	80	1	-1	-4.652270
805	165.200892	166.000892	G-4	112	80	0	4	-2.909306
806	165.250000	165.500000	E-3	81	80	1	-2	-3.299403
807	165.500000	165.750000	D-3	81	80	1	-3	-2.891080
808	165.600892	166.000892	D-4	99	80	0	1	-3.216633
809	165.750000	166.000000	C-3	81	80	1	-1	-4.439870
810	166.000000	166.250000	B-2	81	80	1	-2	-3.720116
811	166.000892	166.400892	D-4	99	80	0	1	-4.507997
812	166.000892	166.400892	F4	99	80	0	2	-3.465862
813	166.250000	166.500000	A-2	81	80	1	-3	-2.891080
814	166.400892	167.200892	A-4	112	80	0	3	-3.409656
815	166.500000	167.000000	G-2	81	80	1	-1	-3.930078
816	166.800892	167.200892	D-4	99	80	0	1	-3.310457
817	167.200892	167.600892	D-4	99	80	0	1	-4.507997
818	167.200892	167.600892	G4	99	80	0	2	-5.302163
819	167.600892	168.800892	B-4	99	80	0	3	-3.409656
820	168.000000	168.250000	G-2	81	80	1	-5	-4.801795
821	168.000892	168.400892	G4	99	80	0	2	-3.286699
822	168.250000	168.500000	D-3	81	80	1	-3	-3.416097
823	168.400892	168.800892	E-4	90	80	0	1	-3.898407
824	168.400892	168.800892	G4	90	80	0	2	-3.465862
825	168.500000	168.750000	E-3	81	80	1	-2	-2.510186
826	168.750000	169.000000	F3	81	80	1	-1	-2.464298
827	168.800892	169.200892	A-4	99	80	0	3	-3.190537
828	168.800892	169.600892	E-5	99	80	0	5	-4.855832
829	169.000000	169.250000	G-3	81	80	1	-3	-5.495075
830	169.200892	169.600892	E-4	90	80	0	1	-1.922714
831	169.200892	169.600892	A-4	90	80	0	3	-3.401091
832	169.250000	169.500000	A-3	81	80	1	-2	-2.510186
833	169.600892	170.000892	E-4	90	80	0	1	-2.905888
834	169.600892	170.000892	G4	90	80	0	2	-3.465862
835	169.600892	170.000892	D-5	99	80	0	5	-5.283726
836	170.000892	170.400892	E-4	90	80	0	1	-3.027253
837	170.000892	170.400892	A-4	90	80	0	2	-2.963617
838	170.000892	170.800892	C-5	99	80	0	4	-3.580467
839	170.400892	170.800892	E-4	90	80	0	1	-3.577835
840	170.400892	170.800892	A-4	90	80	0	3	-3.401091
841	170.800892	171.200892	E-4	90	80	0	1	-2.905888
842	170.800892	171.200892	A4	90	80	0	3	-5.088322
843	170.800892	171.200892	C5	99	80	0	5	-2.681011
844	171.200892	171.600892	D-4	90	80	0	1	-4.221033
845	171.200892	171.600892	A-4	90	80	0	3	-3.751952
846	171.200892	172.000892	D-5	99	80	0	5	-3.128600
847	171.600892	172.000892	D-4	90	80	0	1	-1.922714
848	171.600892	172.000892	A-4	90	80	0	2	-3.928858
849	172.000892	172.400892	G-4	99	80	0	1	-2.609267
850	172.000892	172.400892	A-4	90	80	0	2	-2.867384
851	172.000892	172.400892	C5	90	80	0	4	-3.927704
852	172.400892	172.800892	G-4	99	80	0	1	-4.295977
853	172.400892	172.800892	C-5	90	80	0	2	-3.465862
854	172.400892	172.800892	E-5	90	80	0	4	-3.522723
855	172.800892	173.000892	F4	99	80	0	1	-3.493957
856	172.800892	173.200892	B-4	90	80	0	2	-3.275273
857	172.800892	173.200892	D-5	90	80	0	4	-2.758588
858	173.000892	173.200892	E-4	99	80	0	1	-3.549056
859	173.200892	173.600892	F4	99	80	0	2	-3.493146
860	173.200892	173.600892	A-4	90	80	0	3	-3.409656
861	173.200892	173.600892	C-5	90	80	0	5	-3.635747
862	173.600892	174.800892	G-4	90	80	0	3	-4.491606
863	173.600892	174.800892	B-4	90	80	0	5	-2.681011
864	174.000892	174.400892	B-3	90	80	0	1	-1.922714
865	174.000892	174.400892	D-4	90	80	0	2	-2.525967
866	174.400892	174.800892	B-3	90	80	0	1	-3.157580
867	174.400892	174.800892	D-4	90	80	0	2	-2.525967
868	174.800892	175.600892	G-4	112	80	0	4	-2.909306
869	175.200892	175.600892	D-4	99	80	0	1	-3.216633
870	175.600892	176.000892	D-4	99	80	0	1	-4.507997
871	175.600892	176.000892	F4	99	80	0	2	-3.465862
872	176.000892	176.800892	A-4	112	80	0	3	-3.409656
873	176.400892	176.800892	D-4	99	80	0	1	-3.310457
874	176.800892	177.200892	D-4	99	80	0	1	-4.507997
875	176.800892	177.200892	G4	99	80	0	2	-5.302163
876	177.200892	178.400892	B-4	99	80	0	3	-3.409656
877	177.600892	178.000892	G4	99	80	0	2	-3.286699
878	178.000892	178.400892	E-4	90	80	0	1	-3.898407
879	178.000892	178.400892	G4	90	80	0	2	-3.465862
880	178.400892	178.800892	E-4	90	80	0	1	-3.898407
881	178.400892	178.800892	A-4	90	80	0	2	-2.963617
882	178.400892	179.200892	E-5	99	80	0	5	-3.528229
883	178.800892	179.200892	E-4	90	80	0	1	-1.922714
884	178.800892	179.200892	A-4	90	80	0	3	-3.401091
885	179.200892	179.600892	E-4	90	80	0	1	-2.905888
886	179.200892	179.600892	G4	90	80	0	2	-3.465862
887	179.200892	179.600892	D-5	99	80	0	5	-5.283726
888	179.600892	180.000892	E-4	90	80	0	1	-3.027253
889	179.600892	180.000892	A-4	90	80	0	2	-2.963617
890	179.600892	180.400892	C-5	99	80	0	4	-3.580467
891	180.000892	180.400892	E-4	90	80	0	1	-3.577835
892	180.000892	180.400892	A-4	90	80	0	3	-3.401091
893	180.400892	180.800892	E-4	90	80	0	1	-2.905888
894	180.400892	180.800892	A4	90	80	0	3	-5.088322
895	180.400892	180.800892	C5	99	80	0	5	-2.681011
896	180.800892	181.200892	D-4	90	80	0	1	-4.221033
897	180.800892	181.200892	A-4	90	80	0	2	-3.928858
898	180.800892	181.200892	D-5	99	80	0	4	-2.909306
899	181.600892	182.000892	F4	90	80	0	1	-3.549056
900	181.600892	182.000892	C-5	90	80	0	2	-2.963617
901	181.600892	182.000892	D-5	99	80	0	3	-3.409656
902	182.000892	182.400892	G-4	90	80	0	1	-3.310457
903	182.000892	182.400892	B-4	90	80	0	2	-2.525967
904	182.000892	182.400892	G-5	90	80	0	5	-3.767315
905	182.800892	183.000892	B-4	63	80	0	2	-4.028221
906	183.000892	183.200892	A-4	63	80	0	1	-2.609267
907	202.400892	203.228478	F5	63	80	0	5	-4.733635
908	202.607789	202.814685	F4	63	80	0	1	-1.922714
909	202.814685	203.021582	G-4	63	80	0	2	-3.900292
910	203.021582	203.228478	G4	63	80	0	1	-4.072488
911	203.228478	203.842271	A-4	63	80	0	2	-3.900292
912	203.435375	203.642271	G-5	63	80	0	5	-6.184352
913	203.642271	204.242271	F5	63	80	0	4	-4.300502
914	203.842271	204.042271	G4	63	80	0	1	-3.549056
915	204.042271	204.242271	A-4	63	80	0	2	-3.900292
916	204.242271	204.442271	B--4	63	80	0	1	-4.072488
917	204.242271	204.442271	F5	63	80	0	5	-3.707830
918	204.442271	204.642271	A-4	63	80	0	1	-3.521239
919	204.442271	204.842271	E-5	63	80	0	4	-4.054949
920	204.642271	205.042271	G-4	63	80	0	1	-2.969918
921	204.842271	205.442271	D-5	63	80	0	4	-4.054949
922	205.042271	205.242271	F4	63	80	0	1	-3.549056
923	205.242271	205.642271	A-4	63	80	0	2	-3.246278
924	205.442271	205.642271	C5	63	80	0	4	-3.927704
925	205.642271	206.090205	G4	63	80	0	1	-3.216633
926	205.642271	205.842271	B-4	63	80	0	2	-3.246278
927	205.842271	206.090205	E-5	63	80	0	4	-2.909306
928	206.090205	207.081941	G-4	63	80	0	1	-2.969918
929	206.090205	206.338139	D-5	63	80	0	4	-4.054949
930	206.338139	206.586073	C5	63	80	0	3	-3.302559
931	206.586073	206.834007	B-4	63	80	0	2	-3.032881
932	206.834007	207.081941	C5	63	80	0	4	-3.580467
933	207.081941	207.577809	G-4	63	80	0	1	-4.295977
934	207.081941	207.577809	A-4	63	80	0	2	-2.867384
935	207.577809	208.577809	F5	63	80	0	5	-4.457166
936	207.777809	207.977809	F4	63	80	0	1	-1.922714
937	207.977809	208.177809	G-4	63	80	0	2	-3.900292
938	208.177809	208.377809	G4	63	80	0	1	-4.072488
939	208.377809	208.777809	A-4	63	80	0	2	-3.900292
940	208.577809	208.777809	G-5	63	80	0	5	-6.184352
941	208.777809	208.977809	A-4	63	80	0	1	-3.027253
942	208.777809	209.377809	F5	63	80	0	5	-4.733635
943	208.977809	209.177809	A-4	63	80	0	2	-4.240163
944	209.177809	209.577809	B--4	63	80	0	1	-4.072488
945	209.377809	209.577809	F5	63	80	0	5	-3.707830
946	209.577809	209.777809	A-4	63	80	0	2	-4.240163
947	209.577809	210.177809	E-5	63	80	0	5	-3.528229
948	209.777809	209.977809	G-4	63	80	0	2	-4.028221
949	209.977809	210.377809	F4	63	80	0	1	-3.290753
950	210.177809	210.377809	D-5	63	80	0	4	-4.298356
951	210.377809	210.977809	B-4	63	80	0	2	-3.359779
952	210.377809	210.577809	B-4	63	80	0	1	-4.802885
953	210.577809	210.777809	C6	63	80	0	5	-6.546164
954	210.777809	210.977809	B-5	63	80	0	4	-4.424487
955	210.977809	211.177809	C5	63	80	0	1	-3.493957
956	210.977809	211.177809	C5	63	80	0	2	-4.712397
957	211.177809	211.577809	D-5	63	80	0	3	-3.190537
958	211.377809	211.577809	F4	63	80	0	1	-4.449629
959	211.577809	211.777809	G-4	63	80	0	2	-3.900292
960	211.777809	211.977809	G4	63	80	0	1	-4.072488
961	211.977809	212.177809	B-4	63	80	0	2	-3.246278
962	212.177809	212.377809	A-4	63	80	0	1	-2.609267
963	212.377809	213.177809	F5	63	80	0	5	-4.733635
964	212.577809	212.777809	F4	63	80	0	1	-1.922714
965	212.777809	212.977809	G-4	63	80	0	2	-3.900292
966	212.977809	213.177809	G4	63	80	0	1	-4.072488
967	213.177809	213.777809	A-4	63	80	0	2	-3.900292
968	213.377809	213.577809	G-5	63	80	0	5	-6.184352
969	213.577809	214.177809	F5	63	80	0	4	-4.300502
970	213.777809	213.977809	G4	63	80	0	1	-3.549056
971	213.977809	214.177809	A-4	63	80	0	2	-3.900292
972	214.177809	214.377809	B--4	63	80	0	1	-4.072488
973	214.177809	214.377809	F5	63	80	0	5	-3.707830
974	214.377809	214.577809	A-4	63	80	0	1	-3.521239
975	214.377809	214.777809	E-5	63	80	0	4	-4.054949
976	214.577809	214.777809	G-4	63	80	0	1	-2.969918
977	214.777809	214.977809	G-4	63	80	0	2	-4.712397
978	214.777809	215.377809	D-5	63	80	0	5	-3.528229
979	214.977809	215.177809	F4	63	80	0	1	-3.738292
980	215.177809	215.577809	A-4	63	80	0	2	-3.246278
981	215.377809	215.577809	C5	63	80	0	4	-3.927704
982	215.577809	216.025742	G4	63	80	0	1	-3.216633
983	215.577809	215.777809	B-4	63	80	0	2	-3.246278
984	215.777809	216.025742	E-5	63	80	0	4	-2.909306
985	216.025742	217.017478	G-4	63	80	0	1	-2.969918
986	216.025742	216.273676	D-5	63	80	0	4	-4.054949
987	216.273676	216.521610	C5	63	80	0	3	-3.302559
988	216.521610	216.769544	B-4	63	80	0	2	-3.032881
989	216.769544	217.017478	C5	63	80	0	4	-3.580467
990	217.017478	217.513346	G-4	63	80	0	1	-4.295977
991	217.017478	217.513346	A-4	63	80	0	2	-2.867384
992	217.513346	218.313346	F5	63	80	0	5	-4.457166
993	217.713346	217.913346	F4	63	80	0	1	-1.922714
994	217.913346	218.113346	G-4	63	80	0	2	-3.900292
995	218.113346	218.313346	G4	63	80	0	1	-4.072488
996	218.313346	218.913346	A-4	63	80	0	2	-3.900292
997	218.513346	218.713346	G-5	63	80	0	5	-6.184352
998	218.713346	219.313346	F5	63	80	0	4	-4.300502
999	218.913346	219.113346	A-4	63	80	0	1	-4.500880
1000	219.113346	219.513346	B--4	63	80	0	2	-5.579477
1001	219.313346	219.513346	F5	63	80	0	5	-3.767315
1002	219.513346	219.713346	A-4	63	80	0	2	-4.240163
1003	219.513346	220.113346	E-5	63	80	0	5	-3.528229
1004	219.713346	219.913346	G-4	63	80	0	2	-4.028221
1005	219.913346	220.313346	F4	63	80	0	1	-3.290753
1006	220.113346	220.313346	D-5	63	80	0	4	-4.298356
1007	220.313346	220.913346	B-4	63	80	0	2	-3.359779
1008	220.313346	220.513346	B-4	63	80	0	1	-4.802885
1009	220.513346	220.713346	C6	63	80	0	5	-6.546164
1010	220.713346	220.913346	B-5	63	80	0	4	-4.424487
1011	220.913346	221.113346	C5	63	80	0	1	-3.493957
1012	220.913346	221.113346	C5	63	80	0	2	-4.712397
1013	221.113346	221.313346	D-5	63	80	0	3	-3.190537
1014	221.313346	221.513346	F4	63	80	0	1	-4.449629
1015	221.513346	221.713346	G-4	63	80	0	2	-3.900292
1016	221.713346	221.913346	G4	63	80	0	3	-3.686981
1017	221.913346	222.113346	A-4	63	80	0	1	-6.884210
1018	222.113346	222.313346	C5	63	80	0	2	-3.465862
1019	222.313346	222.913346	D-5	99	80	0	3	-3.190537
1020	222.313346	222.913346	F5	112	80	0	5	-3.340065
1021	222.913346	223.113346	G4	99	80	0	1	-3.027253
1022	222.913346	223.113346	E-5	99	80	0	4	-4.298356
1023	223.113346	223.313346	D-5	99	80	0	3	-2.238713
1024	223.113346	223.313346	F5	99	80	0	5	-3.340065
1025	223.313346	223.513346	G4	99	80	0	1	-3.027253
1026	223.313346	223.513346	E-5	99	80	0	4	-4.298356
1027	224.713346	224.913346	C5	99	80	0	3	-3.914844
1028	224.713346	224.913346	F5	99	80	0	5	-3.128600
1029	224.913346	225.113346	A-4	99	80	0	1	-3.521239
1030	224.913346	225.113346	E-5	99	80	0	3	-3.751952
1031	225.113346	225.313346	C5	99	80	0	2	-3.286699
1032	225.113346	225.313346	F5	99	80	0	5	-3.228870
1033	225.313346	225.513346	A-4	99	80	0	1	-3.521239
1034	225.313346	225.513346	E-5	99	80	0	3	-3.751952
1035	225.513346	225.713346	C5	99	80	0	2	-3.286699
1036	225.513346	225.713346	F5	99	80	0	5	-3.228870
1037	225.713346	225.913346	A-4	99	80	0	1	-3.521239
1038	225.713346	225.913346	E-5	99	80	0	4	-4.054949
1039	225.913346	226.513346	C-5	90	80	0	2	-4.058569
1040	225.913346	226.513346	E-5	103	80	0	4	-3.522723
1041	226.513346	226.713346	F4	90	80	0	1	-3.493957
1042	226.513346	226.713346	D-5	90	80	0	3	-5.042408
1043	226.713346	226.913346	C-5	90	80	0	2	-3.286699
1044	226.713346	226.913346	E-5	90	80	0	4	-3.522723
1045	226.913346	227.113346	F4	99	80	0	1	-3.493957
1046	226.913346	227.113346	D-5	99	80	0	4	-4.298356
1047	242.713346	242.913346	B-4	99	80	0	2	-3.359779
1048	242.713346	242.913346	E-5	112	80	0	4	-2.909306
1049	242.913346	243.113346	G-4	99	80	0	1	-2.969918
1050	242.913346	243.113346	D-5	99	80	0	4	-4.054949
1051	243.113346	243.313346	B-4	99	80	0	2	-3.359779
1052	243.113346	243.313346	E-5	112	80	0	4	-2.909306
1053	243.313346	243.513346	G-4	99	80	0	1	-2.969918
1054	243.313346	243.513346	D-5	99	80	0	4	-4.054949
1055	243.513346	243.713346	B-4	99	80	0	2	-3.359779
1056	243.513346	243.713346	E-5	112	80	0	4	-2.909306
1057	243.713346	243.913346	G-4	99	80	0	1	-2.969918
1058	243.713346	243.913346	D-5	99	80	0	4	-4.054949
1059	243.913346	244.113346	B--4	99	80	0	2	-4.058569
1060	243.913346	244.113346	D-5	99	80	0	4	-3.522723
1061	244.113346	244.313346	G-4	99	80	0	1	-2.857522
1062	244.113346	244.313346	E-5	99	80	0	5	-3.707830
1063	244.313346	244.513346	B--4	99	80	0	2	-4.646957
1064	244.313346	244.513346	D-5	99	80	0	4	-3.522723
1065	244.513346	244.713346	G-4	99	80	0	1	-2.857522
1066	244.513346	244.713346	C5	99	80	0	3	-5.088322
1067	244.713346	244.913346	B--4	99	80	0	2	-3.674662
1068	244.713346	244.913346	D-5	99	80	0	4	-3.522723
1069	244.913346	245.113346	G-4	99	80	0	1	-2.857522
1070	244.913346	245.113346	E-5	99	80	0	5	-3.707830
1071	245.113346	245.313346	A-4	99	80	0	2	-3.263552
1072	245.113346	245.513346	F5	99	80	0	5	-4.457166
1073	245.313346	245.513346	F4	99	80	0	1	-1.922714
1074	245.513346	245.713346	A-4	99	80	0	2	-3.246278
1075	245.513346	245.713346	E-5	99	80	0	5	-3.528229
1076	245.713346	245.913346	F4	99	80	0	1	-4.031984
1077	245.713346	245.913346	D-5	99	80	0	4	-4.298356
1078	245.913346	246.113346	F-4	99	80	0	1	-3.493957
1079	245.913346	246.113346	C5	99	80	0	5	-3.707830
1080	246.113346	246.313346	D-4	99	80	0	1	-4.221033
1081	246.113346	246.313346	B-4	99	80	0	4	-4.268071
1082	246.313346	246.513346	F4	99	80	0	2	-4.058569
1083	246.313346	246.513346	B-4	99	80	0	4	-3.522723
1084	246.513346	246.713346	C4	99	80	0	1	-3.493957
1085	246.513346	246.713346	A-4	99	80	0	4	-4.298356
1086	246.713346	246.913346	G-4	99	80	0	3	-2.238713
1087	246.713346	246.913346	B-4	99	80	0	5	-2.681011
1088	246.913346	247.113346	C4	99	80	0	1	-4.031984
1089	246.913346	247.113346	A-4	99	80	0	4	-4.298356
1090	247.113346	247.313346	G-4	99	80	0	3	-2.238713
1091	247.113346	247.313346	B-4	99	80	0	5	-2.681011
1092	247.313346	247.513346	C4	99	80	0	1	-4.031984
1093	247.313346	247.513346	A-4	99	80	0	3	-5.042408
1094	247.513346	248.113346	F4	90	80	0	1	-3.984578
1095	247.513346	248.113346	D-5	90	80	0	3	-5.042408
1096	248.113346	248.313346	C5	99	80	0	2	-2.803601
1097	248.313346	248.513346	D-5	99	80	0	3	-3.190537
1098	248.513346	248.713346	C5	99	80	0	2	-2.803601
1099	248.713346	249.313346	D-5	99	80	0	3	-3.190537
1100	248.713346	249.313346	F5	112	80	0	5	-3.340065
1101	249.313346	249.513346	G4	99	80	0	1	-3.027253
1102	249.313346	249.513346	E-5	99	80	0	4	-4.298356
1103	249.513346	249.713346	D-5	99	80	0	3	-2.238713
1104	249.513346	249.713346	F5	99	80	0	5	-3.340065
1105	249.713346	249.913346	G4	99	80	0	1	-3.027253
1106	249.713346	249.913346	E-5	99	80	0	4	-4.298356
1107	249.913346	250.113346	C5	99	80	0	3	-3.914844
1108	249.913346	250.113346	F5	99	80	0	5	-3.128600
1109	250.113346	250.313346	A-4	99	80	0	1	-3.521239
1110	250.113346	250.313346	E-5	99	80	0	3	-3.751952
1111	250.313346	250.513346	C5	99	80	0	2	-3.286699
1112	250.313346	250.513346	F5	99	80	0	5	-3.228870
1113	250.513346	250.713346	A-4	99	80	0	1	-3.521239
1114	250.513346	250.713346	E-5	99	80	0	3	-3.751952
1115	250.713346	250.913346	C5	99	80	0	2	-3.286699
1116	250.713346	250.913346	F5	99	80	0	5	-3.228870
1117	250.913346	251.113346	A-4	99	80	0	1	-3.521239
1118	250.913346	251.113346	E-5	99	80	0	4	-4.054949
1119	251.113346	251.713346	C-5	99	80	0	2	-4.058569
1120	251.113346	251.713346	E-5	112	80	0	4	-3.522723
1121	251.713346	251.913346	F4	99	80	0	1	-3.493957
1122	251.713346	251.913346	D-5	99	80	0	3	-5.042408
1123	251.913346	252.113346	C-5	99	80	0	2	-3.286699
1124	251.913346	252.113346	E-5	99	80	0	4	-3.522723
1125	252.113346	252.313346	F4	99	80	0	1	-3.493957
1126	252.113346	252.313346	D-5	99	80	0	4	-4.298356
1127	252.313346	252.513346	B-4	99	80	0	2	-3.359779
1128	252.313346	252.513346	E-5	112	80	0	4	-2.909306
1129	252.513346	252.713346	G-4	99	80	0	1	-2.969918
1130	252.513346	252.713346	D-5	99	80	0	4	-4.054949
1131	252.713346	252.913346	B-4	99	80	0	2	-3.359779
1132	252.713346	252.913346	E-5	112	80	0	4	-2.909306
1133	252.913346	253.113346	G-4	99	80	0	1	-2.969918
1134	252.913346	253.113346	D-5	99	80	0	4	-4.054949
1135	253.113346	253.313346	B-4	99	80	0	2	-3.359779
1136	253.113346	253.313346	E-5	112	80	0	4	-2.909306
1137	253.313346	253.513346	G-4	99	80	0	1	-2.969918
1138	253.313346	253.513346	D-5	99	80	0	4	-4.054949
1139	253.513346	253.713346	B--4	99	80	0	2	-4.058569
1140	253.513346	253.713346	D-5	99	80	0	4	-3.522723
1141	253.713346	253.913346	G-4	99	80	0	1	-2.857522
1142	253.713346	253.913346	E-5	99	80	0	5	-3.707830
1143	253.913346	254.113346	B--4	99	80	0	2	-4.646957
1144	253.913346	254.113346	D-5	99	80	0	4	-3.522723
1145	254.113346	254.313346	G-4	99	80	0	1	-2.857522
1146	254.113346	254.313346	C5	99	80	0	3	-5.088322
1147	254.313346	254.513346	B--4	99	80	0	2	-3.674662
1148	254.313346	254.513346	D-5	99	80	0	4	-3.522723
1149	254.513346	254.713346	G-4	99	80	0	1	-2.857522
1150	254.513346	254.713346	E-5	99	80	0	5	-3.707830
1151	254.713346	254.913346	A-4	99	80	0	2	-3.263552
1152	254.713346	255.113346	F5	99	80	0	5	-4.457166
1153	254.913346	255.113346	F4	99	80	0	1	-1.922714
1154	255.113346	255.313346	A-4	99	80	0	2	-3.246278
1155	255.113346	255.313346	E-5	99	80	0	5	-3.528229
1156	255.313346	255.513346	F4	99	80	0	1	-4.031984
1157	255.313346	255.513346	D-5	99	80	0	4	-4.298356
1158	255.513346	255.713346	F-4	99	80	0	1	-3.493957
1159	255.513346	255.713346	C5	99	80	0	5	-3.707830
1160	255.713346	255.913346	D-4	99	80	0	1	-4.221033
1161	255.713346	255.913346	B-4	99	80	0	4	-4.268071
1162	255.913346	256.113346	F4	99	80	0	2	-4.058569
1163	255.913346	256.113346	B-4	99	80	0	4	-3.522723
1164	256.113346	256.313346	C4	99	80	0	1	-3.493957
1165	256.113346	256.313346	A-4	99	80	0	4	-4.298356
1166	256.313346	256.513346	G-4	99	80	0	3	-2.238713
1167	256.313346	256.513346	B-4	99	80	0	5	-2.681011
1168	256.513346	256.713346	C4	99	80	0	1	-4.031984
1169	256.513346	256.713346	A-4	99	80	0	4	-4.298356
1170	256.713346	256.913346	G-4	99	80	0	3	-2.238713
1171	256.713346	256.913346	B-4	99	80	0	5	-2.681011
1172	256.913346	257.113346	C4	99	80	0	1	-4.031984
1173	256.913346	257.113346	A-4	99	80	0	3	-5.042408
1174	257.113346	257.513346	F4	90	80	0	2	-3.286699
1175	257.113346	257.513346	D-5	90	80	0	5	-4.848026
1176	265.000000	266.000000	B-3	81	80	1	-1	-2.578439
1177	266.000000	266.500000	A-3	81	80	1	-2	-2.745489
1178	266.500000	267.500000	C-4	81	80	1	-1	-2.464298
1179	267.500000	268.000000	B-3	81	80	1	-2	-3.720116
1180	268.000000	269.000000	E-4	81	80	1	-1	-2.320150
1181	269.000000	269.500000	D-4	81	80	1	-2	-2.745489
1182	269.500000	270.000000	C-4	81	80	1	-3	-4.407505
1183	270.000000	270.250000	D-4	81	80	1	-1	-4.207397
1184	270.250000	270.500000	C-4	81	80	1	-2	-4.084076
1185	270.500000	271.000000	B-3	81	80	1	-3	-3.848567
1186	271.000000	271.500000	A-3	81	80	1	-4	-3.061136
1187	271.500000	271.750000	B-3	81	80	1	-3	-2.915060
1188	271.750000	272.000000	A-3	81	80	1	-1	-3.930078
1189	272.000000	272.500000	G-3	81	80	1	-2	-2.745489
1190	272.500000	273.000000	F3	81	80	1	-3	-3.281947
1191	273.000000	273.250000	G-3	81	80	1	-2	-3.081523
1192	273.250000	273.500000	F3	81	80	1	-1	-3.931111
1193	273.500000	274.000000	E-3	81	80	1	-2	-3.299403
1194	274.000000	275.500000	D-3	81	80	1	-3	-2.891080
1195	275.500000	275.750000	G-2	81	80	1	-5	-3.785580
1196	275.750000	276.000000	D-3	81	80	1	-3	-3.416097
1197	276.000000	276.250000	E-3	81	80	1	-2	-2.510186
1198	276.250000	276.500000	F3	81	80	1	-1	-2.464298
1199	276.500000	276.750000	G-3	81	80	1	-3	-5.495075
1200	276.750000	277.000000	A-3	81	80	1	-2	-2.510186
1201	277.000000	278.000000	B-3	81	80	1	-1	-2.578439
1202	278.000000	278.500000	A-3	81	80	1	-2	-2.745489
1203	278.500000	279.500000	C-4	81	80	1	-1	-2.464298
1204	279.500000	280.000000	B-3	81	80	1	-2	-3.720116
1205	280.000000	281.000000	E-4	81	80	1	-1	-2.320150
1206	281.000000	281.500000	D-4	81	80	1	-2	-2.745489
1207	281.500000	282.000000	C-4	81	80	1	-3	-4.407505
1208	282.000000	282.250000	D-4	81	80	1	-2	-3.407298
1209	282.250000	282.500000	C-4	81	80	1	-1	-5.183592
1210	282.500000	283.000000	B-3	81	80	1	-2	-3.720116
1211	283.000000	283.500000	A-3	81	80	1	-3	-2.891080
1212	283.500000	283.750000	B-3	81	80	1	-2	-2.510186
1213	283.750000	284.000000	A-3	81	80	1	-3	-2.891080
1214	284.000000	284.500000	G-3	81	80	1	-4	-3.061136
1215	284.500000	284.750000	F3	81	80	1	-1	-4.652270
1216	284.750000	285.000000	E-3	81	80	1	-2	-3.299403
1217	285.000000	285.250000	D-3	81	80	1	-3	-2.891080
1218	285.250000	285.500000	C-3	81	80	1	-1	-4.439870
1219	285.500000	285.750000	B-2	81	80	1	-2	-3.720116
1220	285.750000	286.000000	A-2	81	80	1	-3	-2.891080
1221	286.000000	286.500000	G-2	81	80	1	-1	-3.930078
1222	287.500000	288.000000	G-2	81	80	1	-1	-4.426668
1223	289.000000	289.500000	A-1	90	80	1	-5	-3.181034
1224	289.000000	289.500000	A-2	90	80	1	-1	-1.202832
1225	289.500000	290.000000	A-2	90	80	1	-5	-4.801795
1226	289.500000	290.000000	A-3	90	80	1	-1	-1.202832
1227	290.000000	290.500000	A-2	90	80	1	-5	-2.314770
1228	290.000000	290.500000	A-3	90	80	1	-1	-1.202832
1229	290.500000	291.000000	D-2	90	80	1	-5	-4.212346
1230	290.500000	291.000000	D-3	90	80	1	-1	-1.202832
1231	291.000000	291.500000	D-3	90	80	1	-5	-4.801795
1232	291.000000	291.500000	A-3	90	80	1	-1	-3.477173
1233	292.000000	292.500000	A-2	90	80	1	-5	-2.314770
1234	292.000000	292.500000	A-3	90	80	1	-1	-1.202832
1235	292.500000	293.000000	A-3	90	80	1	-5	-4.801795
1236	292.500000	293.000000	E-4	90	80	1	-2	-2.554480
1237	293.000000	293.500000	A-3	90	80	1	-5	-3.155341
1238	293.000000	293.500000	E-4	90	80	1	-1	-3.477173
1239	293.500000	294.000000	D-3	81	80	1	-5	-3.842215
1240	294.000000	294.500000	F3	90	80	1	-3	-4.118108
1241	294.000000	294.500000	A-3	90	80	1	-2	-3.407298
1242	294.000000	294.500000	D-4	90	80	1	-1	-2.320150
1243	295.000000	295.500000	A-1	90	80	1	-5	-4.456078
1244	295.000000	295.500000	A-2	90	80	1	-1	-1.202832
1245	295.500000	296.000000	A-2	90	80	1	-5	-4.801795
1246	295.500000	296.000000	A-3	90	80	1	-1	-1.202832
1247	296.000000	296.500000	A-2	90	80	1	-5	-2.314770
1248	296.000000	296.500000	A-3	90	80	1	-1	-1.202832
1249	296.500000	297.000000	D-2	90	80	1	-5	-4.212346
1250	296.500000	297.000000	D-3	90	80	1	-1	-1.202832
1251	297.000000	297.500000	D-3	90	80	1	-5	-4.801795
1252	297.000000	297.500000	A-3	90	80	1	-1	-3.477173
1253	298.000000	298.500000	A-2	90	80	1	-5	-2.314770
1254	298.000000	298.500000	A-3	90	80	1	-1	-1.202832
1255	298.500000	299.000000	A-3	90	80	1	-5	-4.801795
1256	298.500000	299.000000	E-4	90	80	1	-2	-2.554480
1257	299.000000	299.500000	A-3	90	80	1	-5	-3.155341
1258	299.000000	299.500000	E-4	90	80	1	-1	-3.477173
1259	299.500000	300.000000	D-3	81	80	1	-5	-3.842215
1260	300.000000	300.500000	F3	90	80	1	-3	-4.118108
1261	300.000000	300.500000	A-3	90	80	1	-2	-3.407298
1262	300.000000	300.500000	D-4	90	80	1	-1	-2.320150
1263	301.000000	301.500000	A-1	90	80	1	-5	-4.456078
1264	301.000000	301.500000	A-2	90	80	1	-1	-1.202832
1265	301.500000	302.000000	A-2	90	80	1	-5	-4.801795
1266	301.500000	302.000000	A-3	90	80	1	-1	-1.202832
1267	302.000000	302.500000	A-2	90	80	1	-5	-2.314770
1268	302.000000	302.500000	A-3	90	80	1	-1	-1.202832
1269	302.500000	303.000000	D-2	90	80	1	-5	-4.212346
1270	302.500000	303.000000	D-3	90	80	1	-1	-1.202832
1271	303.000000	303.500000	D-3	90	80	1	-5	-4.801795
1272	303.000000	303.500000	A-3	90	80	1	-1	-3.477173
1273	304.000000	304.500000	A-2	90	80	1	-5	-2.314770
1274	304.000000	304.500000	A-3	90	80	1	-1	-1.202832
1275	304.500000	305.000000	A-3	90	80	1	-5	-4.801795
1276	304.500000	305.000000	E-4	90	80	1	-2	-2.554480
1277	305.000000	305.500000	A-3	90	80	1	-5	-3.155341
1278	305.000000	305.500000	E-4	90	80	1	-1	-3.477173
1279	305.500000	306.000000	D-3	81	80	1	-5	-3.842215
1280	306.000000	306.500000	F3	90	80	1	-3	-4.118108
1281	306.000000	306.500000	A-3	90	80	1	-2	-3.407298
1282	306.000000	306.500000	D-4	90	80	1	-1	-2.320150
1283	307.000000	307.500000	A-1	90	80	1	-5	-4.456078
1284	307.000000	307.500000	A-2	90	80	1	-1	-1.202832
1285	307.500000	308.000000	A-2	90	80	1	-5	-4.801795
1286	307.500000	308.000000	A-3	90	80	1	-1	-1.202832
1287	308.000000	308.500000	A-2	90	80	1	-5	-2.314770
1288	308.000000	308.500000	A-3	90	80	1	-1	-1.202832
1289	308.500000	309.000000	D-2	90	80	1	-5	-4.212346
1290	308.500000	309.000000	D-3	90	80	1	-1	-1.202832
1291	309.000000	309.500000	D-3	90	80	1	-5	-4.801795
1292	309.000000	309.500000	A-3	90	80	1	-1	-3.477173
1293	310.000000	310.500000	A-2	90	80	1	-5	-2.314770
1294	310.000000	310.500000	A-3	90	80	1	-1	-1.202832
1295	310.500000	311.000000	A-3	90	80	1	-5	-4.801795
1296	310.500000	311.000000	E-4	90	80	1	-2	-2.554480
1297	311.000000	311.500000	A-3	90	80	1	-5	-3.155341
1298	311.000000	311.500000	E-4	90	80	1	-1	-3.477173
1299	311.500000	312.000000	D-3	81	80	1	-5	-3.842215
1300	312.000000	312.500000	F3	90	80	1	-3	-4.118108
1301	312.000000	312.500000	A-3	90	80	1	-2	-3.407298
1302	312.000000	312.500000	D-4	90	80	1	-1	-2.320150
1303	313.000000	313.500000	D-3	81	80	1	-5	-2.314770
1304	313.500000	314.000000	F3	90	80	1	-3	-4.118108
1305	313.500000	314.000000	A-3	90	80	1	-2	-3.407298
1306	313.500000	314.000000	D-4	90	80	1	-1	-2.320150
1307	314.500000	314.750000	G-2	81	80	1	-5	-4.212346
1308	314.750000	315.000000	D-3	81	80	1	-3	-3.416097
1309	315.000000	315.250000	E-3	81	80	1	-2	-2.510186
1310	315.250000	315.500000	F3	81	80	1	-1	-2.464298
1311	315.500000	315.750000	G-3	81	80	1	-3	-5.495075
1312	315.750000	316.000000	A-3	81	80	1	-2	-2.510186
1313	316.000000	317.000000	B-3	81	80	1	-1	-2.578439
1314	317.000000	317.500000	A-3	81	80	1	-2	-2.745489
1315	317.500000	318.500000	C-4	81	80	1	-1	-2.464298
1316	318.500000	319.000000	B-3	81	80	1	-2	-3.720116
1317	319.000000	320.000000	E-4	81	80	1	-1	-2.320150
1318	320.000000	320.500000	D-4	81	80	1	-2	-2.745489
1319	320.500000	321.000000	C-4	81	80	1	-3	-4.407505
1320	321.000000	321.250000	D-4	81	80	1	-1	-4.207397
1321	321.250000	321.500000	C-4	81	80	1	-2	-4.084076
1322	321.500000	322.000000	B-3	81	80	1	-3	-3.848567
1323	322.000000	322.500000	A-3	81	80	1	-4	-3.061136
1324	322.500000	322.750000	B-3	81	80	1	-3	-2.915060
1325	322.750000	323.000000	A-3	81	80	1	-1	-3.930078
1326	323.000000	323.500000	G-3	81	80	1	-2	-2.745489
1327	323.500000	324.000000	F3	81	80	1	-3	-3.281947
1328	324.000000	324.250000	G-3	81	80	1	-2	-3.081523
1329	324.250000	324.500000	F3	81	80	1	-1	-3.931111
1330	324.500000	325.000000	E-3	81	80	1	-2	-3.299403
1331	325.000000	326.500000	D-3	81	80	1	-3	-2.891080
1332	326.500000	326.750000	G-2	81	80	1	-5	-3.785580
1333	326.750000	327.000000	D-3	81	80	1	-3	-3.416097
1334	327.000000	327.250000	E-3	81	80	1	-2	-2.510186
1335	327.250000	327.500000	F3	81	80	1	-1	-2.464298
1336	327.500000	327.750000	G-3	81	80	1	-3	-5.495075
1337	327.750000	328.000000	A-3	81	80	1	-2	-2.510186
1338	328.000000	329.000000	B-3	81	80	1	-1	-2.578439
1339	329.000000	329.500000	A-3	81	80	1	-2	-2.745489
1340	329.500000	330.500000	C-4	81	80	1	-1	-2.464298
1341	330.500000	331.000000	B-3	81	80	1	-2	-3.720116
1342	331.000000	332.000000	E-4	81	80	1	-1	-2.320150
1343	332.000000	332.500000	D-4	81	80	1	-2	-2.745489
1344	332.500000	333.000000	C-4	81	80	1	-3	-4.407505
1345	333.000000	333.250000	D-4	81	80	1	-2	-3.407298
1346	333.250000	333.500000	C-4	81	80	1	-1	-5.183592
1347	333.500000	334.000000	B-3	81	80	1	-2	-3.720116
1348	334.000000	334.500000	A-3	81	80	1	-3	-2.891080
1349	334.500000	334.750000	B-3	81	80	1	-2	-2.510186
1350	334.750000	335.000000	A-3	81	80	1	-3	-2.891080
1351	335.000000	335.500000	G-3	81	80	1	-4	-3.061136
1352	335.500000	335.750000	F3	81	80	1	-1	-4.652270
1353	335.750000	336.000000	E-3	81	80	1	-2	-3.299403
1354	336.000000	336.250000	D-3	81	80	1	-3	-2.891080
1355	336.250000	336.500000	C-3	81	80	1	-1	-4.439870
1356	336.500000	336.750000	B-2	81	80	1	-2	-3.720116
1357	336.750000	337.000000	A-2	81	80	1	-3	-2.891080
1358	337.000000	337.500000	G-2	81	80	1	-4	-3.061136
1359	338.500000	339.000000	D-3	81	80	1	-1	-2.959487
1360	339.000000	339.500000	F3	90	80	1	-4	-7.964472
1361	339.000000	339.500000	A-3	90	80	1	-2	-3.337019
1362	339.000000	339.500000	D-4	90	80	1	-1	-2.320150
1363	339.500000	340.000000	F3	90	80	1	-4	-5.233707
1364	339.500000	340.000000	A-3	90	80	1	-2	-3.337019
1365	339.500000	340.000000	D-4	90	80	1	-1	-2.320150
1366	340.000000	340.500000	A-2	81	80	1	-5	-3.781310
1367	340.500000	341.000000	E-3	90	80	1	-3	-3.416097
1368	340.500000	341.000000	G-3	90	80	1	-2	-3.046717
1369	340.500000	341.000000	C4	90	80	1	-1	-4.366821
1370	341.000000	341.500000	E-3	90	80	1	-4	-4.497131
1371	341.000000	341.500000	G-3	90	80	1	-2	-2.359478
1372	341.000000	341.500000	C4	90	80	1	-1	-4.366821
1373	341.500000	342.500000	B-2	81	80	1	-5	-4.510402
1374	342.000000	342.500000	B-3	90	80	1	-2	-5.035265
1375	342.000000	342.500000	D-4	90	80	1	-1	-2.415329
1376	342.500000	343.000000	E-3	90	80	1	-5	-3.181034
1377	342.500000	343.000000	B-3	90	80	1	-2	-2.554480
1378	342.500000	343.000000	D-4	90	80	1	-1	-2.415329
1379	343.000000	343.500000	A-2	81	80	1	-5	-3.781310
1380	343.500000	344.000000	A-3	90	80	1	-4	-4.924626
1381	343.500000	344.000000	E-4	90	80	1	-1	-2.959487
1382	344.000000	344.500000	A-3	90	80	1	-4	-3.752799
1383	344.000000	344.500000	E-4	90	80	1	-1	-2.959487
1384	344.500000	345.000000	D-3	81	80	1	-5	-3.842215
1385	345.000000	345.500000	F3	90	80	1	-3	-4.118108
1386	345.000000	345.500000	A-3	90	80	1	-2	-3.407298
1387	345.000000	345.500000	D-4	90	80	1	-1	-2.320150
1388	345.500000	346.000000	F3	90	80	1	-4	-5.233707
1389	345.500000	346.000000	A-3	90	80	1	-2	-3.337019
1390	345.500000	346.000000	D-4	90	80	1	-1	-2.320150
1391	346.000000	346.500000	A-2	81	80	1	-5	-3.781310
1392	346.500000	347.000000	E-3	90	80	1	-3	-3.416097
1393	346.500000	347.000000	G-3	90	80	1	-2	-3.046717
1394	346.500000	347.000000	C4	90	80	1	-1	-4.366821
1395	347.000000	347.500000	B--2	81	80	1	-5	-4.233080
1396	347.500000	348.000000	B-2	81	80	1	-4	-5.131985
1397	348.000000	348.500000	G-3	90	80	1	-5	-7.531097
1398	348.000000	348.500000	B-3	90	80	1	-3	-3.170876
1399	348.000000	348.500000	E-4	90	80	1	-1	-2.717521
1400	348.500000	349.000000	A-3	90	80	1	-5	-3.242781
1401	348.500000	349.000000	E-4	90	80	1	-2	-2.554480
1402	348.500000	349.000000	G-4	90	80	1	-1	-2.415329
1403	349.000000	349.500000	D-4	90	80	1	-4	-4.223116
1404	349.000000	349.500000	F4	90	80	1	-2	-2.871001
1405	350.500000	351.000000	D-3	81	80	1	-5	-5.273430
1406	351.000000	351.500000	F3	90	80	1	-3	-4.118108
1407	351.000000	351.500000	A-3	90	80	1	-2	-3.407298
1408	351.000000	351.500000	D-4	90	80	1	-1	-2.320150
1409	351.500000	352.000000	F3	90	80	1	-4	-5.233707
1410	351.500000	352.000000	A-3	90	80	1	-2	-3.337019
1411	351.500000	352.000000	D-4	90	80	1	-1	-2.320150
1412	352.000000	352.500000	A-2	81	80	1	-5	-3.781310
1413	352.500000	353.000000	E-3	90	80	1	-3	-3.416097
1414	352.500000	353.000000	G-3	90	80	1	-2	-3.046717
1415	352.500000	353.000000	C4	90	80	1	-1	-4.366821
1416	353.000000	353.500000	E-3	90	80	1	-4	-4.497131
1417	353.000000	353.500000	G-3	90	80	1	-2	-2.359478
1418	353.000000	353.500000	C4	90	80	1	-1	-4.366821
1419	353.500000	354.500000	B-2	81	80	1	-5	-4.510402
1420	354.000000	354.500000	B-3	90	80	1	-2	-5.035265
1421	354.000000	354.500000	D-4	90	80	1	-1	-2.415329
1422	354.500000	355.000000	E-3	90	80	1	-5	-3.181034
1423	354.500000	355.000000	B-3	90	80	1	-2	-2.554480
1424	354.500000	355.000000	D-4	90	80	1	-1	-2.415329
1425	355.000000	355.500000	A-2	81	80	1	-5	-3.781310
1426	355.500000	356.000000	A-3	90	80	1	-4	-4.924626
1427	355.500000	356.000000	E-4	90	80	1	-1	-2.959487
1428	356.000000	356.500000	A-3	90	80	1	-4	-3.752799
1429	356.000000	356.500000	E-4	90	80	1	-1	-2.959487
1430	356.500000	357.000000	D-3	81	80	1	-5	-3.842215
1431	357.000000	357.500000	F3	90	80	1	-3	-4.118108
1432	357.000000	357.500000	A-3	90	80	1	-2	-3.407298
1433	357.000000	357.500000	D-4	90	80	1	-1	-2.320150
1434	357.500000	358.000000	F3	90	80	1	-4	-5.233707
1435	357.500000	358.000000	A-3	90	80	1	-2	-3.337019
1436	357.500000	358.000000	D-4	90	80	1	-1	-2.320150
1437	358.000000	358.500000	A-2	81	80	1	-5	-3.781310
1438	358.500000	359.000000	E-3	90	80	1	-3	-3.416097
1439	358.500000	359.000000	G-3	90	80	1	-2	-3.046717
1440	358.500000	359.000000	C4	90	80	1	-1	-4.366821
1441	359.000000	359.500000	B--2	81	80	1	-5	-4.233080
1442	359.500000	360.000000	B-2	81	80	1	-4	-5.131985
1443	360.000000	360.500000	G-3	90	80	1	-5	-7.531097
1444	360.000000	360.500000	B-3	90	80	1	-3	-3.170876
1445	360.000000	360.500000	E-4	90	80	1	-1	-2.717521
1446	360.500000	361.000000	A-3	90	80	1	-5	-3.242781
1447	360.500000	361.000000	E-4	90	80	1	-2	-2.554480
1448	360.500000	361.000000	G-4	90	80	1	-1	-2.415329
1449	361.000000	361.500000	D-4	90	80	1	-2	-3.456527
1450	361.000000	361.500000	F4	90	80	1	-1	-3.262923
1451	362.500000	363.000000	E-2	90	80	1	-5	-5.704159
1452	362.500000	363.000000	E-3	90	80	1	-1	-1.202832
1453	363.000000	363.500000	E-3	90	80	1	-5	-4.801795
1454	363.000000	363.500000	E-4	90	80	1	-1	-1.202832
1455	363.500000	364.000000	E-3	90	80	1	-5	-2.314770
1456	363.500000	364.000000	E-4	90	80	1	-1	-1.202832
1457	364.000000	364.500000	A-2	90	80	1	-5	-4.212346
1458	364.000000	364.500000	A-3	90	80	1	-1	-1.202832
1459	364.500000	365.000000	A-3	90	80	1	-5	-4.801795
1460	364.500000	365.000000	E-4	90	80	1	-1	-3.477173
1461	365.500000	366.000000	D-2	90	80	1	-5	-4.456078
1462	365.500000	366.000000	D-3	90	80	1	-1	-1.202832
1463	366.000000	366.500000	D-3	90	80	1	-5	-4.801795
1464	366.000000	366.500000	D-4	90	80	1	-1	-1.202832
1465	366.500000	367.000000	D-3	90	80	1	-5	-2.314770
1466	366.500000	367.000000	D-4	90	80	1	-1	-1.202832
1467	367.000000	367.500000	G-2	81	80	1	-5	-4.212346
1468	367.500000	368.000000	G-3	90	80	1	-4	-4.924626
1469	367.500000	368.000000	B-3	90	80	1	-2	-2.359478
1470	367.500000	368.000000	D-4	90	80	1	-1	-2.415329
1471	368.500000	369.000000	G-2	87	80	1	-5	-4.212346
1472	369.000000	369.500000	G-3	90	80	1	-4	-4.924626
1473	369.000000	369.500000	B--3	90	80	1	-2	-3.571868
1474	369.000000	369.500000	D-4	90	80	1	-1	-3.194227
1475	369.500000	370.000000	G-3	90	80	1	-3	-4.266477
1476	369.500000	370.000000	B--3	90	80	1	-2	-2.872099
1477	369.500000	370.000000	D-4	90	80	1	-1	-3.194227
1478	370.000000	370.500000	D-3	81	80	1	-5	-2.314770
1479	370.500000	371.000000	F3	90	80	1	-3	-4.118108
1480	370.500000	371.000000	A-3	90	80	1	-2	-3.407298
1481	370.500000	371.000000	D-4	90	80	1	-1	-2.320150
1482	371.000000	372.000000	G2	81	80	1	-5	-7.040401
1483	372.000000	372.500000	A-3	81	80	1	-1	-6.847571
1484	372.500000	373.000000	A-2	90	80	1	-5	-2.314770
1485	372.500000	373.000000	A-3	90	80	1	-1	-1.202832
1486	374.500000	375.000000	D-3	90	80	1	-4	-3.752799
1487	374.500000	375.000000	A-3	90	80	1	-1	-2.959487
1488	375.000000	375.500000	D-2	63	80	1	-5	-4.212346
1489	376.000000	376.500000	E-2	90	80	1	-4	-3.907966
1490	376.000000	376.500000	E-3	90	80	1	-1	-2.522980
1491	376.500000	377.000000	E-3	90	80	1	-5	-4.801795
1492	376.500000	377.000000	E-4	90	80	1	-1	-1.202832
1493	377.000000	377.500000	E-3	90	80	1	-5	-2.314770
1494	377.000000	377.500000	E-4	90	80	1	-1	-1.202832
1495	380.000000	380.500000	A-2	90	80	1	-5	-4.212346
1496	380.000000	380.500000	A-3	90	80	1	-1	-1.202832
1497	380.500000	381.000000	A-3	90	80	1	-5	-4.801795
1498	380.500000	381.000000	E-4	90	80	1	-1	-3.477173
1499	381.500000	382.000000	D-2	90	80	1	-5	-4.456078
1500	381.500000	382.000000	D-3	90	80	1	-1	-1.202832
1501	382.000000	382.500000	D-3	90	80	1	-5	-4.801795
1502	382.000000	382.500000	D-4	90	80	1	-1	-1.202832
1503	382.500000	383.000000	D-3	90	80	1	-5	-2.314770
1504	382.500000	383.000000	D-4	90	80	1	-1	-1.202832
1505	390.500000	391.000000	G-2	127	80	1	-5	-4.212346
1506	391.000000	391.500000	G-3	90	80	1	-4	-4.924626
1507	391.000000	391.500000	B-3	90	80	1	-2	-2.359478
1508	391.000000	391.500000	D-4	90	80	1	-1	-2.415329
1509	392.000000	392.500000	G-2	127	80	1	-5	-4.212346
1510	392.500000	393.000000	G-3	90	80	1	-4	-4.924626
1511	392.500000	393.000000	B--3	90	80	1	-2	-3.571868
1512	392.500000	393.000000	D-4	90	80	1	-1	-3.194227
1513	393.000000	393.500000	G-3	90	80	1	-3	-4.266477
1514	393.000000	393.500000	B--3	90	80	1	-2	-2.872099
1515	393.000000	393.500000	D-4	90	80	1	-1	-3.194227
1516	393.500000	394.000000	D-3	127	80	1	-5	-2.314770
1517	394.000000	394.500000	F3	90	80	1	-3	-4.118108
1518	394.000000	394.500000	A-3	90	80	1	-2	-3.407298
1519	394.000000	394.500000	D-4	90	80	1	-1	-2.320150
1520	394.500000	395.500000	G2	127	80	1	-5	-7.040401
1521	395.500000	396.000000	A-3	127	80	1	-1	-6.847571
1522	396.000000	396.500000	A-2	90	80	1	-5	-2.314770
1523	396.000000	396.500000	A-3	90	80	1	-1	-1.202832
1524	396.500000	397.000000	D-3	90	80	1	-4	-3.752799
1525	396.500000	397.000000	A-3	90	80	1	-1	-2.959487
1526	397.000000	397.500000	D-2	127	80	1	-5	-4.212346
