//Version: PianoFingering_v170101
1	0.000000	2.400000	G5	100	80	0	3	-1.701607
2	0.000000	0.100000	G5	70	80	0	3	-4.378151
3	0.000000	2.000000	B3	100	80	1	-3	-2.360819
4	0.000000	0.083333	B3	70	80	1	-3	-4.764209
5	0.083333	0.166667	G3	70	80	1	-5	-3.990113
6	0.100000	0.200000	B5	70	80	0	5	-2.681011
7	0.166667	0.250000	D4	70	80	1	-3	-3.416097
8	0.200000	0.300000	F5	70	80	0	3	-3.854029
9	0.250000	0.333333	F4	70	80	1	-2	-3.046717
10	0.300000	0.400000	D5	70	80	0	2	-3.674662
11	0.333333	0.416667	G4	70	80	1	-1	-2.578439
12	0.400000	0.500000	B4	70	80	0	1	-3.157580
13	0.416667	0.500000	F4	70	80	1	-2	-2.745489
14	0.500000	0.600000	D5	70	80	0	2	-2.525967
15	0.500000	0.583333	D4	70	80	1	-3	-4.063676
16	0.583333	0.666667	G3	70	80	1	-5	-3.785580
17	0.600000	0.700000	F5	70	80	0	3	-3.012122
18	0.666667	0.750000	D4	70	80	1	-2	-2.554480
19	0.700000	0.800000	B5	70	80	0	5	-3.128600
20	0.750000	0.833333	F4	70	80	1	-1	-2.415329
21	0.800000	0.900000	F5	70	80	0	3	-3.854029
22	0.833333	0.916667	G4	70	80	1	-3	-4.611792
23	0.900000	1.000000	D5	70	80	0	2	-3.674662
24	0.916667	1.000000	F4	70	80	1	-1	-3.930078
25	1.000000	1.083333	C4	70	80	1	-2	-3.456527
26	1.000000	1.100000	B4	70	80	0	1	-3.157580
27	1.083333	1.166667	G3	70	80	1	-5	-3.713619
28	1.100000	1.200000	D5	70	80	0	2	-2.525967
29	1.166667	1.250000	C4	70	80	1	-3	-3.463793
30	1.200000	1.300000	E5	70	80	0	3	-2.675961
31	1.250000	1.333333	E4	70	80	1	-2	-3.046717
32	1.300000	1.400000	B5	70	80	0	5	-4.855832
33	1.333333	1.416667	G4	70	80	1	-1	-2.415329
34	1.400000	1.500000	E5	70	80	0	2	-3.263552
35	1.416667	1.500000	E4	70	80	1	-2	-3.291596
36	1.500000	1.600000	C5	70	80	0	1	-3.157580
37	1.500000	1.583333	C4	70	80	1	-3	-4.063676
38	1.583333	1.666667	G3	70	80	1	-5	-4.227379
39	1.600000	1.700000	B4	70	80	0	3	-4.737465
40	1.666667	1.750000	C4	70	80	1	-3	-3.463793
41	1.700000	1.800000	C5	70	80	0	1	-5.198182
42	1.750000	1.833333	E4	70	80	1	-2	-3.046717
43	1.800000	1.900000	E5	70	80	0	2	-2.525967
44	1.833333	1.916667	G4	70	80	1	-1	-2.415329
45	1.900000	2.000000	B5	70	80	0	5	-3.528229
46	1.916667	2.000000	E4	70	80	1	-2	-3.291596
47	2.000000	2.100000	E5	70	80	0	3	-5.492188
48	2.000000	4.000000	A3	100	80	1	-5	-3.155341
49	2.000000	2.083333	A3	70	80	1	-5	-4.242005
50	2.083333	2.166667	F3	70	80	1	-5	-7.597455
51	2.100000	2.200000	C5	70	80	0	2	-3.674662
52	2.166667	2.250000	C4	70	80	1	-3	-3.416097
53	2.200000	2.300000	B4	70	80	0	1	-2.609267
54	2.250000	2.333333	E4	70	80	1	-2	-3.046717
55	2.300000	2.400000	C5	70	80	0	2	-2.867384
56	2.333333	2.416667	F4	70	80	1	-1	-2.578439
57	2.400000	4.800000	F5	100	80	0	4	-2.909306
58	2.400000	2.500000	F5	70	80	0	3	-5.185589
59	2.416667	2.500000	E4	70	80	1	-2	-2.745489
60	2.500000	2.583333	C4	70	80	1	-3	-4.063676
61	2.500000	2.600000	A5	70	80	0	5	-2.681011
62	2.583333	2.666667	F3	70	80	1	-5	-3.785580
63	2.600000	2.700000	E5	70	80	0	3	-3.854029
64	2.666667	2.750000	C4	70	80	1	-2	-2.554480
65	2.700000	2.800000	C5	70	80	0	2	-3.674662
66	2.750000	2.833333	E4	70	80	1	-1	-2.415329
67	2.800000	2.900000	A4	70	80	0	1	-3.157580
68	2.833333	2.916667	F4	70	80	1	-3	-4.611792
69	2.900000	3.000000	C5	70	80	0	2	-2.525967
70	2.916667	3.000000	E4	70	80	1	-1	-3.930078
71	3.000000	3.100000	E5	70	80	0	3	-3.012122
72	3.000000	3.083333	B3	70	80	1	-2	-3.456527
73	3.083333	3.166667	F3	70	80	1	-5	-3.713619
74	3.100000	3.200000	A5	70	80	0	5	-3.128600
75	3.166667	3.250000	B3	70	80	1	-3	-3.463793
76	3.200000	3.300000	E5	70	80	0	3	-3.854029
77	3.250000	3.333333	D4	70	80	1	-2	-3.046717
78	3.300000	3.400000	C5	70	80	0	2	-3.674662
79	3.333333	3.416667	F4	70	80	1	-1	-2.415329
80	3.400000	3.500000	A4	70	80	0	1	-3.157580
81	3.416667	3.500000	D4	70	80	1	-2	-3.291596
82	3.500000	3.600000	C5	70	80	0	2	-2.525967
83	3.500000	3.583333	B3	70	80	1	-3	-4.063676
84	3.583333	3.666667	F3	70	80	1	-5	-4.227379
85	3.600000	3.700000	D5	70	80	0	3	-2.675961
86	3.666667	3.750000	B3	70	80	1	-3	-3.463793
87	3.700000	3.800000	A5	70	80	0	5	-4.855832
88	3.750000	3.833333	D4	70	80	1	-2	-3.046717
89	3.800000	3.900000	D5	70	80	0	2	-3.263552
90	3.833333	3.916667	F4	70	80	1	-1	-2.415329
91	3.900000	4.000000	B4	70	80	0	1	-3.157580
92	3.916667	4.000000	D4	70	80	1	-2	-3.291596
93	4.000000	6.000000	G3	100	80	1	-5	-3.155341
94	4.000000	4.083333	G3	70	80	1	-5	-4.242005
95	4.000000	4.100000	A4	70	80	0	3	-4.737465
96	4.083333	4.166667	E3	70	80	1	-5	-7.597455
97	4.100000	4.200000	B4	70	80	0	1	-5.198182
98	4.166667	4.250000	B3	70	80	1	-3	-3.416097
99	4.200000	4.300000	D5	70	80	0	2	-2.525967
100	4.250000	4.333333	D4	70	80	1	-2	-3.046717
101	4.300000	4.400000	A5	70	80	0	5	-3.528229
102	4.333333	4.416667	E4	70	80	1	-1	-2.578439
103	4.400000	4.500000	D5	70	80	0	3	-5.492188
104	4.416667	4.500000	D4	70	80	1	-2	-2.745489
105	4.500000	4.600000	B4	70	80	0	2	-3.674662
106	4.500000	4.583333	B3	70	80	1	-3	-4.063676
107	4.583333	4.666667	E3	70	80	1	-5	-3.785580
108	4.600000	4.700000	A4	70	80	0	1	-2.609267
109	4.666667	4.750000	B3	70	80	1	-2	-2.554480
110	4.700000	4.800000	B4	70	80	0	2	-2.867384
111	4.750000	4.833333	D4	70	80	1	-1	-2.415329
112	4.800000	7.200000	E5	100	80	0	4	-2.909306
113	4.800000	4.900000	E5	70	80	0	3	-5.185589
114	4.833333	4.916667	E4	70	80	1	-3	-4.611792
115	4.900000	5.000000	G5	70	80	0	5	-2.681011
116	4.916667	5.000000	D4	70	80	1	-1	-3.930078
117	5.000000	5.100000	D5	70	80	0	3	-3.854029
118	5.000000	5.083333	A3	70	80	1	-2	-3.456527
119	5.083333	5.166667	E3	70	80	1	-5	-3.713619
120	5.100000	5.200000	B4	70	80	0	2	-3.674662
121	5.166667	5.250000	A3	70	80	1	-3	-3.463793
122	5.200000	5.300000	G4	70	80	0	1	-3.157580
123	5.250000	5.333333	C4	70	80	1	-2	-3.046717
124	5.300000	5.400000	B4	70	80	0	2	-2.525967
125	5.333333	5.416667	E4	70	80	1	-1	-2.415329
126	5.400000	5.500000	D5	70	80	0	3	-3.012122
127	5.416667	5.500000	C4	70	80	1	-2	-3.291596
128	5.500000	5.583333	A3	70	80	1	-3	-4.063676
129	5.500000	5.600000	G5	70	80	0	5	-3.128600
130	5.583333	5.666667	E3	70	80	1	-5	-4.227379
131	5.600000	5.700000	D5	70	80	0	3	-3.854029
132	5.666667	5.750000	A3	70	80	1	-3	-3.463793
133	5.700000	5.800000	B4	70	80	0	2	-3.674662
134	5.750000	5.833333	C4	70	80	1	-2	-3.046717
135	5.800000	5.900000	G4	70	80	0	1	-3.157580
136	5.833333	5.916667	E4	70	80	1	-1	-2.415329
137	5.900000	6.000000	B4	70	80	0	2	-2.525967
138	5.916667	6.000000	C4	70	80	1	-2	-3.291596
139	6.000000	6.100000	C5	70	80	0	3	-2.675961
140	6.000000	8.000000	F3	100	80	1	-5	-3.155341
141	6.000000	6.083333	F3	70	80	1	-5	-4.242005
142	6.083333	6.166667	D3	70	80	1	-5	-7.597455
143	6.100000	6.200000	G5	70	80	0	5	-4.855832
144	6.166667	6.250000	A3	70	80	1	-3	-3.416097
145	6.200000	6.300000	C5	70	80	0	2	-3.263552
146	6.250000	6.333333	C4	70	80	1	-2	-3.046717
147	6.300000	6.400000	A4	70	80	0	1	-3.157580
148	6.333333	6.416667	D4	70	80	1	-1	-2.578439
149	6.400000	6.500000	G4	70	80	0	3	-4.737465
150	6.416667	6.500000	C4	70	80	1	-2	-2.745489
151	6.500000	6.600000	A4	70	80	0	1	-5.198182
152	6.500000	6.583333	A3	70	80	1	-3	-4.063676
153	6.583333	6.666667	D3	70	80	1	-5	-3.785580
154	6.600000	6.700000	C5	70	80	0	2	-2.525967
155	6.666667	6.750000	A3	70	80	1	-2	-2.554480
156	6.700000	6.800000	G5	70	80	0	5	-3.528229
157	6.750000	6.833333	C4	70	80	1	-1	-2.415329
158	6.800000	6.900000	C5	70	80	0	3	-5.492188
159	6.833333	6.916667	D4	70	80	1	-3	-4.611792
160	6.900000	7.000000	A4	70	80	0	2	-3.674662
161	6.916667	7.000000	C4	70	80	1	-1	-3.930078
162	7.000000	7.083333	G3	70	80	1	-2	-3.456527
163	7.000000	7.100000	G4	70	80	0	1	-2.609267
164	7.083333	7.166667	D3	70	80	1	-5	-3.713619
165	7.100000	7.200000	A4	70	80	0	2	-2.867384
166	7.166667	7.250000	G3	70	80	1	-3	-3.463793
167	7.200000	9.600000	D5	100	80	0	4	-2.909306
168	7.200000	7.300000	D5	70	80	0	3	-5.185589
169	7.250000	7.333333	B3	70	80	1	-2	-3.046717
170	7.300000	7.400000	F5	70	80	0	5	-2.681011
171	7.333333	7.416667	D4	70	80	1	-1	-2.415329
172	7.400000	7.500000	C5	70	80	0	3	-3.854029
173	7.416667	7.500000	B3	70	80	1	-2	-3.291596
174	7.500000	7.600000	A4	70	80	0	2	-3.674662
175	7.500000	7.583333	G3	70	80	1	-3	-4.063676
176	7.583333	7.666667	D3	70	80	1	-5	-4.227379
177	7.600000	7.700000	F4	70	80	0	1	-3.157580
178	7.666667	7.750000	G3	70	80	1	-3	-3.463793
179	7.700000	7.800000	A4	70	80	0	2	-2.525967
180	7.750000	7.833333	B3	70	80	1	-2	-3.046717
181	7.800000	7.900000	C5	70	80	0	3	-3.012122
182	7.833333	7.916667	D4	70	80	1	-1	-2.415329
183	7.900000	8.000000	F5	70	80	0	5	-3.128600
184	7.916667	8.000000	B3	70	80	1	-2	-3.291596
185	8.000000	8.100000	C5	70	80	0	3	-3.854029
186	8.000000	10.000000	E3	100	80	1	-5	-3.155341
187	8.000000	8.083333	E3	70	80	1	-5	-4.242005
188	8.083333	8.166667	C3	70	80	1	-5	-7.597455
189	8.100000	8.200000	A4	70	80	0	2	-3.674662
190	8.166667	8.250000	G3	70	80	1	-3	-3.416097
191	8.200000	8.300000	F4	70	80	0	1	-3.157580
192	8.250000	8.333333	B3	70	80	1	-2	-3.046717
193	8.300000	8.400000	A4	70	80	0	2	-2.525967
194	8.333333	8.416667	C4	70	80	1	-1	-2.578439
195	8.400000	8.500000	B4	70	80	0	3	-2.675961
196	8.416667	8.500000	B3	70	80	1	-2	-2.745489
197	8.500000	8.583333	G3	70	80	1	-3	-4.063676
198	8.500000	8.600000	F5	70	80	0	5	-4.855832
199	8.583333	8.666667	C3	70	80	1	-5	-3.785580
200	8.600000	8.700000	B4	70	80	0	2	-3.263552
201	8.666667	8.750000	G3	70	80	1	-2	-2.554480
202	8.700000	8.800000	G4	70	80	0	1	-3.157580
203	8.750000	8.833333	B3	70	80	1	-1	-2.415329
204	8.800000	8.900000	F4	70	80	0	3	-4.737465
205	8.833333	8.916667	C4	70	80	1	-3	-4.611792
206	8.900000	9.000000	G4	70	80	0	1	-5.198182
207	8.916667	9.000000	B3	70	80	1	-1	-3.930078
208	9.000000	9.100000	B4	70	80	0	2	-2.525967
209	9.000000	9.083333	F3	70	80	1	-2	-3.456527
210	9.083333	9.166667	C3	70	80	1	-5	-3.713619
211	9.100000	9.200000	F5	70	80	0	5	-3.528229
212	9.166667	9.250000	F3	70	80	1	-3	-3.463793
213	9.200000	9.300000	B4	70	80	0	3	-5.492188
214	9.250000	9.333333	A3	70	80	1	-2	-3.046717
215	9.300000	9.400000	G4	70	80	0	2	-3.674662
216	9.333333	9.416667	C4	70	80	1	-1	-2.415329
217	9.400000	9.500000	F4	70	80	0	1	-2.609267
218	9.416667	9.500000	A3	70	80	1	-2	-3.291596
219	9.500000	9.600000	G4	70	80	0	2	-2.867384
220	9.500000	9.583333	F3	70	80	1	-3	-4.063676
221	9.583333	9.666667	C3	70	80	1	-5	-4.227379
222	9.600000	12.000000	C5	100	80	0	4	-2.909306
223	9.600000	9.700000	C5	70	80	0	3	-5.185589
224	9.666667	9.750000	F3	70	80	1	-3	-3.463793
225	9.700000	9.800000	E5	70	80	0	5	-2.681011
226	9.750000	9.833333	A3	70	80	1	-2	-3.046717
227	9.800000	9.900000	B4	70	80	0	3	-3.854029
228	9.833333	9.916667	C4	70	80	1	-1	-2.415329
229	9.900000	10.000000	G4	70	80	0	2	-3.674662
230	9.916667	10.000000	A3	70	80	1	-2	-3.291596
231	10.000000	12.000000	D3	100	80	1	-5	-3.155341
232	10.000000	10.083333	D3	70	80	1	-5	-4.242005
233	10.000000	10.100000	E4	70	80	0	1	-3.157580
234	10.083333	10.166667	B2	70	80	1	-5	-7.597455
235	10.100000	10.200000	G4	70	80	0	2	-2.525967
236	10.166667	10.250000	F3	70	80	1	-3	-3.416097
237	10.200000	10.300000	B4	70	80	0	3	-3.012122
238	10.250000	10.333333	A3	70	80	1	-2	-3.046717
239	10.300000	10.400000	E5	70	80	0	5	-3.128600
240	10.333333	10.416667	B3	70	80	1	-1	-2.578439
241	10.400000	10.500000	B4	70	80	0	3	-3.854029
242	10.416667	10.500000	A3	70	80	1	-2	-2.745489
243	10.500000	10.600000	G4	70	80	0	2	-3.674662
244	10.500000	10.583333	F3	70	80	1	-3	-4.063676
245	10.583333	10.666667	B2	70	80	1	-5	-3.785580
246	10.600000	10.700000	E4	70	80	0	1	-3.157580
247	10.666667	10.750000	F3	70	80	1	-2	-2.554480
248	10.700000	10.800000	G4	70	80	0	2	-2.525967
249	10.750000	10.833333	A3	70	80	1	-1	-2.415329
250	10.800000	10.900000	A4	70	80	0	3	-2.675961
251	10.833333	10.916667	B3	70	80	1	-3	-4.611792
252	10.900000	11.000000	E5	70	80	0	5	-4.855832
253	10.916667	11.000000	A3	70	80	1	-1	-3.930078
254	11.000000	11.100000	A4	70	80	0	2	-3.263552
255	11.000000	11.083333	E3	70	80	1	-2	-3.456527
256	11.083333	11.166667	B2	70	80	1	-5	-3.713619
257	11.100000	11.200000	F4	70	80	0	1	-3.157580
258	11.166667	11.250000	E3	70	80	1	-3	-3.463793
259	11.200000	11.300000	E4	70	80	0	3	-4.737465
260	11.250000	11.333333	G3	70	80	1	-2	-3.046717
261	11.300000	11.400000	F4	70	80	0	1	-5.198182
262	11.333333	11.416667	B3	70	80	1	-1	-2.415329
263	11.400000	11.500000	A4	70	80	0	2	-2.525967
264	11.416667	11.500000	G3	70	80	1	-2	-3.291596
265	11.500000	11.583333	E3	70	80	1	-3	-4.063676
266	11.500000	11.600000	E5	70	80	0	5	-3.528229
267	11.583333	11.666667	B2	70	80	1	-5	-4.227379
268	11.600000	11.700000	A4	70	80	0	3	-5.492188
269	11.666667	11.750000	E3	70	80	1	-3	-3.463793
270	11.700000	11.800000	F4	70	80	0	2	-3.674662
271	11.750000	11.833333	G3	70	80	1	-2	-3.046717
272	11.800000	11.900000	E4	70	80	0	1	-2.609267
273	11.833333	11.916667	B3	70	80	1	-1	-2.415329
274	11.900000	12.000000	F4	70	80	0	2	-2.867384
275	11.916667	12.000000	G3	70	80	1	-2	-3.291596
276	12.000000	14.400000	B4	100	80	0	4	-2.909306
277	12.000000	12.100000	B4	70	80	0	3	-5.185589
278	12.000000	14.000000	C3	100	80	1	-5	-3.155341
279	12.000000	12.083333	C3	70	80	1	-5	-4.242005
280	12.083333	12.166667	A2	70	80	1	-5	-7.597455
281	12.100000	12.200000	D5	70	80	0	5	-2.681011
282	12.166667	12.250000	E3	70	80	1	-3	-3.416097
283	12.200000	12.300000	A4	70	80	0	3	-3.854029
284	12.250000	12.333333	G3	70	80	1	-2	-3.046717
285	12.300000	12.400000	F4	70	80	0	2	-3.674662
286	12.333333	12.416667	A3	70	80	1	-1	-2.578439
287	12.400000	12.500000	D4	70	80	0	1	-3.157580
288	12.416667	12.500000	G3	70	80	1	-2	-2.745489
289	12.500000	12.600000	F4	70	80	0	2	-2.525967
290	12.500000	12.583333	E3	70	80	1	-3	-4.063676
291	12.583333	12.666667	A2	70	80	1	-5	-3.785580
292	12.600000	12.700000	A4	70	80	0	3	-3.012122
293	12.666667	12.750000	E3	70	80	1	-2	-2.554480
294	12.700000	12.800000	D5	70	80	0	5	-3.128600
295	12.750000	12.833333	G3	70	80	1	-1	-2.415329
296	12.800000	12.900000	A4	70	80	0	3	-3.854029
297	12.833333	12.916667	A3	70	80	1	-3	-4.611792
298	12.900000	13.000000	F4	70	80	0	2	-3.674662
299	12.916667	13.000000	G3	70	80	1	-1	-3.930078
300	13.000000	13.083333	D3	70	80	1	-2	-3.456527
301	13.000000	13.100000	D4	70	80	0	1	-3.157580
302	13.083333	13.166667	A2	70	80	1	-5	-3.713619
303	13.100000	13.200000	F4	70	80	0	2	-2.525967
304	13.166667	13.250000	D3	70	80	1	-3	-3.463793
305	13.200000	13.300000	G4	70	80	0	3	-2.675961
306	13.250000	13.333333	F3	70	80	1	-2	-3.046717
307	13.300000	13.400000	D5	70	80	0	5	-4.855832
308	13.333333	13.416667	A3	70	80	1	-1	-2.415329
309	13.400000	13.500000	G4	70	80	0	2	-3.263552
310	13.416667	13.500000	F3	70	80	1	-2	-3.291596
311	13.500000	13.600000	E4	70	80	0	1	-3.157580
312	13.500000	13.583333	D3	70	80	1	-3	-4.063676
313	13.583333	13.666667	A2	70	80	1	-5	-4.227379
314	13.600000	13.700000	D4	70	80	0	3	-4.737465
315	13.666667	13.750000	D3	70	80	1	-3	-3.463793
316	13.700000	13.800000	E4	70	80	0	1	-5.198182
317	13.750000	13.833333	F3	70	80	1	-2	-3.046717
318	13.800000	13.900000	G4	70	80	0	2	-2.525967
319	13.833333	13.916667	A3	70	80	1	-1	-2.415329
320	13.900000	14.000000	D5	70	80	0	5	-3.528229
321	13.916667	14.000000	F3	70	80	1	-2	-3.291596
322	14.000000	14.100000	G4	70	80	0	3	-5.492188
323	14.000000	15.000000	B2	100	80	1	-5	-3.155341
324	14.000000	14.083333	B2	70	80	1	-5	-4.242005
325	14.083333	14.166667	G2	70	80	1	-5	-7.597455
326	14.100000	14.200000	E4	70	80	0	2	-3.674662
327	14.166667	14.250000	D3	70	80	1	-3	-3.416097
328	14.200000	14.300000	D4	70	80	0	1	-2.609267
329	14.250000	14.333333	F3	70	80	1	-2	-3.046717
330	14.300000	14.400000	E4	70	80	0	2	-2.867384
331	14.333333	14.416667	G3	70	80	1	-1	-2.578439
332	14.400000	16.800000	A4	100	80	0	4	-2.909306
333	14.400000	14.500000	A4	70	80	0	3	-5.185589
334	14.416667	14.500000	F3	70	80	1	-2	-2.745489
335	14.500000	14.583333	D3	70	80	1	-3	-4.063676
336	14.500000	14.600000	C5	70	80	0	5	-2.681011
337	14.583333	14.666667	G2	70	80	1	-5	-3.785580
338	14.600000	14.700000	G4	70	80	0	3	-3.854029
339	14.666667	14.750000	D3	70	80	1	-2	-2.554480
340	14.700000	14.800000	E4	70	80	0	2	-3.674662
341	14.750000	14.833333	F3	70	80	1	-1	-2.415329
342	14.800000	14.900000	C4	70	80	0	1	-3.157580
343	14.833333	14.916667	G3	70	80	1	-3	-4.611792
344	14.900000	15.000000	E4	70	80	0	2	-2.525967
345	14.916667	15.000000	F3	70	80	1	-1	-3.930078
346	15.000000	15.100000	G4	70	80	0	3	-3.012122
347	15.000000	15.500000	C2	70	80	1	-5	-3.781310
348	15.000000	15.500000	G2	70	80	1	-3	-3.416097
349	15.000000	15.500000	E3	70	80	1	-1	-4.439870
350	15.100000	15.200000	C5	70	80	0	5	-3.128600
351	15.200000	15.300000	G4	70	80	0	3	-3.854029
352	15.300000	15.400000	E4	70	80	0	2	-3.674662
353	15.400000	15.500000	C4	70	80	0	1	-3.157580
354	15.500000	15.600000	E4	70	80	0	2	-2.525967
355	15.600000	15.700000	F4	70	80	0	3	-2.675961
356	15.700000	15.800000	C5	70	80	0	5	-4.855832
357	15.800000	15.900000	F4	70	80	0	2	-3.263552
358	15.900000	16.000000	D4	70	80	0	1	-3.157580
359	16.000000	16.100000	C4	70	80	0	3	-4.737465
360	16.100000	16.200000	D4	70	80	0	1	-5.198182
361	16.200000	16.300000	F4	70	80	0	2	-2.525967
362	16.300000	16.400000	C5	70	80	0	5	-3.528229
363	16.400000	16.500000	F4	70	80	0	3	-5.492188
364	16.500000	16.600000	D4	70	80	0	2	-3.674662
365	16.600000	16.700000	C4	70	80	0	1	-2.609267
366	16.700000	16.800000	D4	70	80	0	2	-2.867384
367	16.800000	18.000000	G4	100	80	0	4	-2.909306
368	16.800000	16.900000	G4	70	80	0	3	-5.185589
369	16.900000	17.000000	B4	70	80	0	5	-2.681011
370	17.000000	17.100000	F4	70	80	0	3	-3.854029
371	17.100000	17.200000	D4	70	80	0	2	-3.674662
372	17.200000	17.300000	B3	70	80	0	1	-3.157580
373	17.300000	17.400000	D4	70	80	0	2	-2.525967
374	17.400000	17.500000	F4	70	80	0	3	-3.012122
375	17.500000	17.600000	B4	70	80	0	5	-3.128600
376	17.600000	17.700000	F4	70	80	0	3	-3.854029
377	17.700000	17.800000	D4	70	80	0	2	-3.674662
378	17.800000	17.900000	B3	70	80	0	1	-3.157580
379	17.900000	18.000000	D4	70	80	0	2	-2.525967
380	18.000000	18.600000	C4	70	80	0	1	-2.609267
381	18.000000	18.600000	E4	70	80	0	2	-2.525967
382	18.000000	18.600000	C5	70	80	0	5	-3.767315
