//Version: PianoFingering_v170101
1	0.000000	0.150000	C#5	127	80	0	3	-1.701607
2	0.000000	0.250000	B-0	127	80	1	-5	-0.504576
3	0.150000	0.300000	D5	126	80	0	4	-3.868143
4	0.300000	0.600000	F4	126	80	0	1	-2.969918
5	0.375000	0.500000	B-2	90	80	1	-5	-7.597455
6	0.375000	0.500000	F3	90	80	1	-5	-7.206746
7	0.375000	0.500000	G3	90	80	1	-4	-3.907966
8	0.375000	0.500000	B-3	90	80	1	-3	-3.762277
9	0.375000	0.500000	D4	90	80	1	-2	-4.126498
10	0.375000	0.500000	G4	90	80	1	-1	-2.320150
11	0.600000	0.750000	B-4	126	80	0	2	-3.275273
12	0.750000	1.200000	B-4	126	80	0	2	-4.554564
13	0.750000	1.000000	B-2	90	80	1	-5	-5.753604
14	0.750000	1.000000	F3	90	80	1	-5	-7.206746
15	0.750000	1.000000	G3	90	80	1	-4	-3.907966
16	0.750000	1.000000	B-3	90	80	1	-3	-3.762277
17	0.750000	1.000000	D4	90	80	1	-2	-4.126498
18	0.750000	1.000000	G4	90	80	1	-1	-2.320150
19	1.000000	1.250000	B-0	127	80	1	-5	-5.704159
20	1.200000	1.350000	C#5	127	80	0	4	-2.758588
21	1.350000	1.500000	D5	126	80	0	5	-3.684684
22	1.375000	1.500000	B-2	90	80	1	-5	-7.597455
23	1.375000	1.500000	F3	90	80	1	-5	-7.206746
24	1.375000	1.500000	G3	90	80	1	-4	-3.907966
25	1.375000	1.500000	B-3	90	80	1	-3	-3.762277
26	1.375000	1.500000	D4	90	80	1	-2	-4.126498
27	1.375000	1.500000	G4	90	80	1	-1	-2.320150
28	1.500000	1.800000	F4	126	80	0	1	-2.845304
29	1.750000	2.000000	B-2	90	80	1	-5	-5.753604
30	1.750000	2.000000	F3	90	80	1	-5	-7.206746
31	1.750000	2.000000	G3	90	80	1	-4	-3.907966
32	1.750000	2.000000	B-3	90	80	1	-3	-3.762277
33	1.750000	2.000000	D4	90	80	1	-2	-4.126498
34	1.750000	2.000000	G4	90	80	1	-1	-2.320150
35	1.800000	1.950000	A-4	126	80	0	2	-3.246278
36	1.950000	2.400000	A-4	126	80	0	1	-4.802885
37	2.000000	2.250000	B-0	127	80	1	-5	-5.704159
38	2.375000	2.500000	B-2	90	80	1	-5	-7.597455
39	2.375000	2.500000	F3	90	80	1	-5	-7.206746
40	2.375000	2.500000	G3	90	80	1	-4	-3.907966
41	2.375000	2.500000	B-3	90	80	1	-3	-3.762277
42	2.375000	2.500000	D4	90	80	1	-2	-4.126498
43	2.375000	2.500000	G4	90	80	1	-1	-2.320150
44	2.750000	3.000000	B-2	90	80	1	-5	-5.753604
45	2.750000	3.000000	F3	90	80	1	-5	-7.206746
46	2.750000	3.000000	G3	90	80	1	-4	-3.907966
47	2.750000	3.000000	B-3	90	80	1	-3	-3.762277
48	2.750000	3.000000	D4	90	80	1	-2	-4.126498
49	2.750000	3.000000	G4	90	80	1	-1	-2.320150
50	3.000000	3.250000	B-0	127	80	1	-5	-5.704159
51	3.375000	3.500000	B-2	90	80	1	-5	-7.597455
52	3.375000	3.500000	F3	90	80	1	-5	-7.206746
53	3.375000	3.500000	G3	90	80	1	-4	-3.907966
54	3.375000	3.500000	B-3	90	80	1	-3	-3.762277
55	3.375000	3.500000	D4	90	80	1	-2	-4.126498
56	3.375000	3.500000	G4	90	80	1	-1	-2.320150
57	3.750000	4.000000	B-2	90	80	1	-5	-5.753604
58	3.750000	4.000000	F3	90	80	1	-5	-7.206746
59	3.750000	4.000000	G3	90	80	1	-4	-3.907966
60	3.750000	4.000000	B-3	90	80	1	-3	-3.762277
61	3.750000	4.000000	D4	90	80	1	-2	-4.126498
62	3.750000	4.000000	G4	90	80	1	-1	-2.320150
63	4.000000	4.250000	B-1	126	80	1	-5	-5.704159
64	4.375000	4.500000	F3	90	80	1	-5	-14.925206
65	4.375000	4.500000	B-3	90	80	1	-4	-4.565377
66	4.375000	4.500000	D4	90	80	1	-2	-2.871001
67	4.375000	4.500000	G4	90	80	1	-1	-2.320150
68	4.750000	5.000000	F3	90	80	1	-5	-3.842215
69	4.750000	5.000000	B-3	90	80	1	-4	-4.565377
70	4.750000	5.000000	D4	90	80	1	-2	-2.871001
71	4.750000	5.000000	G4	90	80	1	-1	-2.320150
72	5.000000	5.250000	B-1	126	80	1	-5	-5.704159
73	5.375000	5.500000	F3	90	80	1	-5	-14.925206
74	5.375000	5.500000	A3	90	80	1	-3	-3.170876
75	5.375000	5.500000	E-4	90	80	1	-2	-6.480701
76	5.375000	5.500000	F4	90	80	1	-1	-2.464298
77	5.750000	6.000000	F3	90	80	1	-5	-2.314770
78	5.750000	6.000000	A3	90	80	1	-3	-3.170876
79	5.750000	6.000000	E-4	90	80	1	-2	-6.480701
80	5.750000	6.000000	F4	90	80	1	-1	-2.464298
81	6.000000	6.250000	B-1	126	80	1	-5	-5.704159
82	6.375000	6.500000	F3	90	80	1	-5	-14.925206
83	6.375000	6.500000	B-3	90	80	1	-4	-4.565377
84	6.375000	6.500000	D4	90	80	1	-2	-2.871001
85	6.375000	6.500000	G4	90	80	1	-1	-2.320150
86	6.750000	7.000000	F3	90	80	1	-5	-3.842215
87	6.750000	7.000000	B-3	90	80	1	-4	-4.565377
88	6.750000	7.000000	D4	90	80	1	-2	-2.871001
89	6.750000	7.000000	G4	90	80	1	-1	-2.320150
90	7.000000	7.250000	E-2	126	80	1	-5	-5.704159
91	7.200000	7.350000	C#6	127	80	0	4	-8.009427
92	7.350000	7.500000	D6	126	80	0	5	-3.684684
93	7.375000	7.500000	E-3	90	80	1	-5	-5.534856
94	7.375000	7.500000	B-3	90	80	1	-3	-3.416097
95	7.375000	7.500000	G-4	90	80	1	-1	-4.439870
96	7.500000	7.800000	F5	126	80	0	1	-2.845304
97	7.750000	8.000000	E-3	90	80	1	-5	-4.233080
98	7.750000	8.000000	B-3	90	80	1	-3	-3.416097
99	7.750000	8.000000	G-4	90	80	1	-1	-4.439870
100	7.800000	7.950000	B-5	126	80	0	2	-3.275273
101	7.950000	8.400000	B-5	127	80	0	2	-4.554564
102	8.000000	8.250000	B-1	126	80	1	-5	-4.456078
103	8.375000	8.750000	F3	127	80	1	-1	-7.515526
104	8.400000	8.550000	C#6	127	80	0	4	-2.758588
105	8.550000	8.700000	D6	126	80	0	5	-3.684684
106	8.700000	9.000000	F5	126	80	0	1	-2.845304
107	8.750000	9.000000	F2	126	80	1	-5	-2.314770
108	9.000000	9.150000	A-5	126	80	0	2	-3.246278
109	9.000000	9.250000	B-1	126	80	1	-5	-7.597455
110	9.150000	9.600000	A-5	127	80	0	3	-5.337046
111	9.375000	9.750000	F3	127	80	1	-1	-7.515526
112	9.600000	9.750000	F5	126	80	0	2	-3.286699
113	9.750000	9.900000	G5	126	80	0	3	-2.675961
114	9.750000	10.000000	F2	126	80	1	-5	-2.314770
115	9.900000	10.200000	C#5	120	80	0	2	-5.483387
116	10.000000	10.250000	B-1	126	80	1	-5	-7.597455
117	10.200000	10.350000	D5	126	80	0	3	-3.686981
118	10.350000	10.500000	F5	126	80	0	5	-2.681011
119	10.375000	10.625000	F2	90	80	1	-5	-7.206746
120	10.375000	10.625000	F3	90	80	1	-1	-1.202832
121	10.500000	10.800000	F4	120	80	0	1	-1.922714
122	10.625000	10.875000	B-2	126	80	1	-4	-4.339145
123	10.800000	10.950000	A-4	126	80	0	3	-4.456068
124	10.875000	11.000000	D3	126	80	1	-2	-2.871001
125	10.950000	11.100000	C5	126	80	0	5	-3.340065
126	11.000000	11.250000	B-1	126	80	1	-5	-5.273430
127	11.100000	11.250000	C4	126	80	0	1	-1.922714
128	11.250000	11.400000	D4	126	80	0	2	-2.867384
129	11.375000	11.625000	F2	90	80	1	-5	-7.206746
130	11.375000	11.625000	F3	90	80	1	-1	-1.202832
131	11.400000	11.550000	F4	126	80	0	4	-2.758588
132	11.550000	12.000000	F4	126	80	0	4	-4.784491
133	11.625000	11.875000	B-2	126	80	1	-4	-4.339145
134	11.875000	12.000000	D3	126	80	1	-2	-2.871001
135	12.000000	12.075000	F4	126	80	0	4	-4.784491
136	12.000000	12.250000	B-1	126	80	1	-5	-5.273430
137	12.075000	12.150000	E-4	126	80	0	3	-3.510496
138	12.150000	12.225000	D4	126	80	0	2	-2.803601
139	12.225000	12.300000	C4	126	80	0	1	-2.609267
140	12.300000	12.600000	D4	120	80	0	2	-2.867384
141	12.375000	12.625000	F2	90	80	1	-5	-7.206746
142	12.375000	12.625000	F3	90	80	1	-1	-1.202832
143	12.600000	12.675000	E-4	126	80	0	3	-3.190537
144	12.625000	12.875000	B-2	126	80	1	-4	-4.339145
145	12.675000	12.750000	D4	126	80	0	2	-2.803601
146	12.750000	12.825000	C4	126	80	0	1	-2.609267
147	12.825000	12.900000	B-3	126	80	0	2	-5.755227
148	12.875000	13.000000	D3	126	80	1	-2	-2.871001
149	12.900000	13.200000	C4	120	80	0	4	-3.580467
150	13.000000	13.250000	B-1	45	80	1	-5	-5.273430
151	13.200000	13.275000	D4	126	80	0	5	-2.706622
152	13.275000	13.350000	C4	126	80	0	4	-2.814339
153	13.350000	13.425000	B-3	126	80	0	3	-3.510496
154	13.375000	13.625000	F2	90	80	1	-5	-7.206746
155	13.375000	13.625000	F3	90	80	1	-1	-1.202832
156	13.425000	13.500000	A3	126	80	0	2	-2.803601
157	13.500000	13.800000	B-3	120	80	0	3	-3.190537
158	13.625000	13.875000	B-2	45	80	1	-4	-4.339145
159	13.800000	13.875000	C#4	126	80	0	5	-2.681011
160	13.875000	13.950000	B3	126	80	0	4	-4.503222
161	13.875000	14.000000	D3	45	80	1	-2	-2.871001
162	13.950000	14.025000	A3	126	80	0	3	-2.238713
163	14.000000	14.250000	B-1	45	80	1	-5	-5.273430
164	14.025000	14.100000	G3	126	80	0	2	-2.287533
165	14.100000	14.400000	A3	120	80	0	3	-2.675961
166	14.375000	14.625000	F2	90	80	1	-5	-7.206746
167	14.375000	14.625000	F3	90	80	1	-1	-1.202832
168	14.400000	14.475000	C4	126	80	0	5	-2.681011
169	14.475000	14.550000	B-3	126	80	0	4	-4.424487
170	14.550000	14.625000	A-3	126	80	0	3	-2.238713
171	14.625000	14.700000	G3	126	80	0	2	-2.803601
172	14.625000	14.875000	B-2	45	80	1	-4	-4.339145
173	14.700000	16.800000	A-3	127	80	0	3	-3.190537
174	14.875000	15.000000	D3	45	80	1	-2	-2.871001
175	15.000000	15.250000	B-1	45	80	1	-5	-5.273430
176	15.375000	15.625000	F2	90	80	1	-5	-7.206746
177	15.375000	15.625000	F3	90	80	1	-1	-1.202832
178	15.625000	15.875000	B-2	45	80	1	-4	-4.339145
179	15.875000	16.000000	D3	45	80	1	-2	-2.871001
180	16.000000	16.250000	B-1	126	80	1	-5	-5.273430
181	16.375000	16.625000	F2	90	80	1	-5	-7.206746
182	16.375000	16.625000	F3	90	80	1	-1	-1.202832
183	16.625000	16.875000	B-2	126	80	1	-4	-4.339145
184	16.875000	17.000000	D3	126	80	1	-2	-2.871001
185	17.000000	17.250000	B-1	90	80	1	-5	-5.273430
186	17.000000	17.250000	B-2	90	80	1	-1	-1.202832
187	17.250000	17.500000	D-2	90	80	1	-5	-3.730225
188	17.250000	17.500000	D-3	90	80	1	-1	-1.202832
189	17.500000	17.750000	E2	90	80	1	-5	-4.087479
190	17.500000	17.750000	E3	90	80	1	-1	-1.202832
191	17.750000	18.000000	G2	90	80	1	-5	-3.730225
192	17.750000	18.000000	G3	90	80	1	-1	-1.202832
193	18.000000	19.200000	A-3	45	80	0	2	-4.935872
194	18.083333	18.333333	C2	63	80	1	-5	-4.212346
195	18.150000	18.300000	D-4	45	80	0	4	-2.909306
196	18.300000	18.450000	D-4	45	80	0	3	-5.185589
197	18.333333	18.458333	G2	99	80	1	-5	-5.954471
198	18.450000	18.600000	D-4	45	80	0	3	-4.378151
199	18.458333	18.708333	G3	99	80	1	-1	-1.202832
200	18.600000	18.750000	D-4	45	80	0	3	-4.378151
201	18.708333	18.833333	G3	99	80	1	-5	-4.801795
202	18.750000	18.900000	D-4	45	80	0	3	-4.378151
203	18.833333	19.083333	G4	112	80	1	-1	-1.202832
204	18.900000	19.050000	D-4	45	80	0	3	-4.378151
205	19.050000	19.200000	D-4	45	80	0	3	-4.378151
206	19.083333	19.333333	C2	99	80	1	-5	-4.456078
207	19.200000	20.400000	A-3	45	80	0	1	-2.905888
208	19.200000	19.350000	D-4	45	80	0	2	-2.963617
209	19.333333	19.458333	G2	99	80	1	-1	-3.477173
210	19.350000	19.500000	A-4	45	80	0	5	-3.528229
211	19.458333	19.708333	G3	99	80	1	-5	-6.047974
212	19.500000	19.650000	A-4	45	80	0	5	-4.495609
213	19.650000	19.800000	A-4	45	80	0	5	-4.495609
214	19.708333	19.833333	G4	99	80	1	-1	-1.202832
215	19.800000	19.950000	A-4	45	80	0	4	-5.903128
216	19.950000	20.100000	B-4	45	80	0	5	-2.706622
217	20.083333	20.333333	C2	99	80	1	-5	-4.456078
218	20.100000	20.400000	B-4	45	80	0	5	-4.495609
219	20.400000	22.800000	A-3	45	80	0	1	-3.460971
220	20.458333	20.708333	G2	90	80	1	-5	-5.954471
221	20.458333	20.708333	G3	90	80	1	-1	-1.202832
222	20.708333	20.958333	C3	99	80	1	-2	-4.659581
223	20.958333	21.083333	E3	99	80	1	-1	-2.415329
224	21.083333	21.333333	C2	99	80	1	-5	-4.233080
225	21.458333	21.708333	G2	90	80	1	-5	-5.954471
226	21.458333	21.708333	G3	90	80	1	-1	-1.202832
227	21.708333	21.958333	C3	99	80	1	-2	-4.659581
228	21.958333	22.083333	E3	99	80	1	-1	-2.415329
229	22.083333	22.333333	C2	99	80	1	-5	-4.233080
230	22.458333	22.708333	G2	90	80	1	-5	-5.954471
231	22.458333	22.708333	G3	90	80	1	-1	-1.202832
232	22.708333	22.958333	C3	63	80	1	-2	-4.659581
233	22.800000	22.900000	A-3	63	80	0	1	-4.507997
234	22.900000	23.000000	D4	63	80	0	3	-5.088322
235	22.958333	23.083333	E3	63	80	1	-1	-2.415329
236	23.000000	23.100000	G4	63	80	0	5	-3.128600
237	23.083333	23.333333	C2	63	80	1	-5	-4.233080
238	23.100000	23.200000	C-4	63	80	0	1	-2.845304
239	23.200000	23.300000	F4	63	80	0	2	-3.928858
240	23.300000	23.400000	B-4	63	80	0	4	-3.522723
241	23.458333	23.708333	G2	90	80	1	-5	-5.954471
242	23.458333	23.708333	G3	90	80	1	-1	-1.202832
243	23.500000	23.650000	G#4	63	80	0	3	-2.238713
244	23.650000	23.800000	C#5	63	80	0	5	-3.128600
245	23.708333	23.958333	C3	63	80	1	-2	-4.659581
246	23.800000	23.900000	F4	63	80	0	1	-3.738292
247	23.900000	24.000000	B4	63	80	0	2	-2.963617
248	23.958333	24.083333	E3	63	80	1	-1	-2.415329
249	24.000000	24.100000	F5	63	80	0	5	-3.528229
250	24.083333	24.333333	C2	63	80	1	-5	-4.233080
251	24.100000	24.550000	E4	90	80	0	1	-3.460971
252	24.100000	24.550000	B4	90	80	0	3	-3.751952
253	24.100000	24.550000	D5	90	80	0	5	-2.681011
254	24.458333	24.708333	G2	90	80	1	-5	-5.954471
255	24.458333	24.708333	G3	90	80	1	-1	-1.202832
256	24.550000	24.700000	E4	90	80	0	1	-3.027253
257	24.550000	24.700000	A4	90	80	0	2	-2.963617
258	24.550000	24.700000	C5	90	80	0	4	-2.758588
259	24.708333	24.958333	C3	63	80	1	-2	-4.659581
260	24.958333	25.083333	E3	63	80	1	-1	-2.415329
261	25.000000	26.200000	E4	90	80	0	1	-2.969918
262	25.000000	26.200000	A4	90	80	0	3	-3.401091
263	25.083333	25.333333	C2	63	80	1	-5	-4.233080
264	25.458333	25.708333	G2	90	80	1	-5	-5.954471
265	25.458333	25.708333	G3	90	80	1	-1	-1.202832
266	25.708333	25.958333	C3	126	80	1	-2	-4.659581
267	25.750000	25.900000	E4	90	80	0	1	-2.905888
268	25.750000	25.900000	A4	90	80	0	3	-3.401091
269	25.958333	26.083333	E3	126	80	1	-1	-2.415329
270	26.083333	26.333333	C2	90	80	1	-5	-4.233080
271	26.083333	26.333333	C3	90	80	1	-1	-1.202832
272	26.200000	26.275000	D4	99	80	0	1	-3.310457
273	26.275000	26.350000	C4	99	80	0	3	-4.737465
274	26.333333	26.583333	E-2	90	80	1	-5	-4.114892
275	26.333333	26.583333	E-3	90	80	1	-1	-1.202832
276	26.350000	26.425000	B-3	99	80	0	2	-3.032881
277	26.425000	26.500000	A3	99	80	0	1	-3.290753
278	26.500000	28.900000	B-3	112	80	0	2	-3.900292
279	26.583333	26.833333	G-2	90	80	1	-5	-3.730225
280	26.583333	26.833333	G-3	90	80	1	-1	-1.202832
281	26.833333	27.083333	A2	90	80	1	-5	-4.087479
282	26.833333	27.083333	A3	90	80	1	-1	-1.202832
283	27.083333	27.333333	D2	126	80	1	-5	-4.212346
284	27.333333	27.458333	A2	99	80	1	-5	-5.954471
285	27.458333	27.708333	A3	99	80	1	-1	-1.202832
286	27.708333	27.833333	A3	99	80	1	-5	-4.801795
287	27.833333	28.083333	G##4	112	80	1	-1	-1.202832
288	28.083333	28.333333	D2	99	80	1	-5	-4.456078
289	28.333333	28.458333	A2	99	80	1	-1	-3.477173
290	28.458333	28.708333	A3	99	80	1	-5	-6.047974
291	28.708333	28.833333	G##4	99	80	1	-1	-1.202832
292	28.900000	30.100000	B-3	99	80	0	1	-4.802885
293	29.050000	29.200000	E-4	63	80	0	3	-3.401091
294	29.083333	29.333333	D2	99	80	1	-5	-4.456078
295	29.200000	29.350000	E-4	63	80	0	3	-4.378151
296	29.350000	29.500000	E-4	63	80	0	3	-4.378151
297	29.458333	29.833333	A4	90	80	1	-3	-8.212705
298	29.458333	29.833333	D5	90	80	1	-2	-3.936874
299	29.458333	29.833333	G5	90	80	1	-1	-2.320150
300	29.500000	29.650000	E-4	63	80	0	3	-4.378151
301	29.650000	29.800000	E-4	63	80	0	3	-4.378151
302	29.800000	29.950000	E-4	63	80	0	3	-4.378151
303	29.833333	30.083333	A4	90	80	1	-5	-3.181034
304	29.833333	30.083333	D5	90	80	1	-2	-3.272976
305	29.833333	30.083333	F5	90	80	1	-1	-2.415329
306	29.950000	30.100000	E-4	63	80	0	3	-4.378151
307	30.083333	30.333333	D2	99	80	1	-5	-4.456078
308	30.100000	31.300000	B-3	63	80	0	1	-2.905888
309	30.100000	30.250000	E-4	63	80	0	2	-2.963617
310	30.250000	30.400000	B-4	63	80	0	5	-3.528229
311	30.400000	30.550000	B-4	63	80	0	1	-5.027158
312	30.458333	30.583333	A-4	90	80	1	-2	-7.543808
313	30.458333	30.583333	C5	90	80	1	-1	-3.262923
314	30.458333	30.583333	E5	90	80	1	-1	-8.685477
315	30.550000	30.700000	B-4	63	80	0	3	-5.268790
316	30.700000	30.850000	B-4	63	80	0	3	-4.378151
317	30.833333	31.083333	A-4	90	80	1	-4	-4.339145
318	30.833333	31.083333	C5	90	80	1	-2	-2.871001
319	30.833333	31.083333	D5	90	80	1	-1	-2.578439
320	30.850000	31.000000	C5	63	80	0	5	-3.635747
321	31.000000	31.300000	C5	63	80	0	5	-4.495609
322	31.083333	31.333333	G1	99	80	1	-5	-4.456078
323	31.300000	33.700000	B-3	63	80	0	1	-4.588094
324	31.458333	31.833333	A-4	90	80	1	-2	-7.543808
325	31.458333	31.833333	C5	90	80	1	-1	-3.262923
326	31.458333	31.833333	F5	90	80	1	-1	-6.959023
327	31.833333	32.083333	B4	90	80	1	-2	-4.659581
328	31.833333	32.083333	D5	90	80	1	-1	-2.415329
329	32.083333	32.333333	C2	126	80	1	-5	-4.456078
330	32.458333	32.583333	E4	90	80	1	-3	-8.212705
331	32.458333	32.583333	G4	90	80	1	-2	-3.046717
332	32.458333	32.583333	D5	90	80	1	-1	-4.047397
333	32.833333	33.083333	E4	90	80	1	-5	-3.181034
334	32.833333	33.083333	G4	90	80	1	-3	-3.170876
335	32.833333	33.083333	C5	90	80	1	-1	-2.717521
336	33.083333	33.333333	C2	90	80	1	-5	-4.456078
337	33.083333	33.333333	G2	90	80	1	-5	-5.954471
338	33.333333	33.583333	B-3	76	80	1	-1	-5.511365
339	33.583333	33.833333	E-3	76	80	1	-2	-4.659581
340	33.700000	33.800000	B-3	126	80	0	1	-4.507997
341	33.800000	33.900000	E4	126	80	0	2	-5.302163
342	33.833333	34.083333	E3	76	80	1	-1	-3.404249
343	33.900000	34.000000	A4	126	80	0	4	-2.909306
344	34.000000	34.100000	D-4	126	80	0	1	-3.577835
345	34.083333	34.333333	C2	63	80	1	-5	-4.233080
346	34.100000	34.200000	G4	126	80	0	2	-5.302163
347	34.200000	34.300000	C5	126	80	0	4	-2.909306
348	34.300000	34.450000	B-4	126	80	0	3	-3.510496
349	34.450000	34.600000	E-5	126	80	0	5	-3.128600
350	34.458333	34.833333	G4	90	80	1	-3	-8.212705
351	34.458333	34.833333	C5	90	80	1	-2	-3.936874
352	34.458333	34.833333	F5	90	80	1	-1	-2.320150
353	34.600000	34.700000	G4	126	80	0	1	-3.738292
354	34.700000	34.800000	C#5	126	80	0	3	-5.112123
355	34.800000	34.900000	F#5	126	80	0	5	-3.128600
356	34.833333	35.083333	G4	90	80	1	-5	-3.181034
357	34.833333	35.083333	C5	90	80	1	-2	-3.272976
358	34.833333	35.083333	E-5	90	80	1	-1	-3.101885
359	34.900000	35.350000	F#4	90	80	0	1	-1.922714
360	34.900000	35.350000	C#5	90	80	0	3	-3.751952
361	34.900000	35.350000	E5	90	80	0	5	-3.635747
362	35.083333	35.333333	C2	63	80	1	-5	-5.805721
363	35.350000	35.500000	F#4	90	80	0	1	-3.521239
364	35.350000	35.500000	B4	90	80	0	2	-3.465862
365	35.350000	35.500000	D5	90	80	0	4	-2.758588
366	35.458333	35.833333	G-4	90	80	1	-2	-7.543808
367	35.458333	35.833333	B-4	90	80	1	-1	-2.415329
368	35.458333	35.833333	D5	90	80	1	-1	-8.017765
369	35.800000	37.300000	F#4	90	80	0	1	-3.577835
370	35.800000	37.300000	B4	90	80	0	2	-3.465862
371	35.833333	36.083333	G-4	90	80	1	-4	-4.339145
372	35.833333	36.083333	B-4	90	80	1	-2	-2.359478
373	35.833333	36.083333	C5	90	80	1	-1	-2.464298
374	36.083333	36.333333	F2	63	80	1	-5	-4.456078
375	36.458333	36.833333	G-4	90	80	1	-2	-8.211526
376	36.458333	36.833333	B-4	90	80	1	-1	-2.415329
377	36.458333	36.833333	E-5	90	80	1	-1	-6.959023
378	36.550000	36.700000	F#4	90	80	0	1	-3.898407
379	36.550000	36.700000	B4	90	80	0	2	-3.465862
380	36.833333	37.083333	A4	90	80	1	-2	-5.875271
381	36.833333	37.083333	C5	90	80	1	-1	-2.415329
382	36.850000	37.000000	F#4	90	80	0	3	-7.141258
383	36.850000	37.000000	B4	90	80	0	5	-3.340065
384	37.083333	37.333333	B-1	126	80	1	-5	-5.704159
385	37.300000	37.450000	A3	112	80	0	1	-3.460971
386	37.450000	37.600000	D4	99	80	0	3	-3.401091
387	37.458333	37.833333	D4	90	80	1	-5	-8.265166
388	37.458333	37.833333	F4	90	80	1	-3	-3.170876
389	37.458333	37.833333	C5	90	80	1	-1	-3.342645
390	37.600000	37.750000	D4	99	80	0	3	-4.378151
391	37.750000	37.900000	D4	99	80	0	3	-4.378151
392	37.833333	38.083333	D4	90	80	1	-5	-3.181034
393	37.833333	38.083333	F4	90	80	1	-3	-3.170876
394	37.833333	38.083333	B-4	90	80	1	-2	-3.749711
395	37.900000	38.050000	D4	99	80	0	3	-4.378151
396	38.050000	38.200000	D4	99	80	0	3	-4.378151
397	38.083333	38.333333	B-1	63	80	1	-1	-8.246314
398	38.200000	38.350000	D4	99	80	0	3	-4.378151
399	38.333333	38.583333	A-3	76	80	1	-1	-8.685477
400	38.350000	38.500000	D4	99	80	0	3	-4.378151
401	38.500000	38.650000	D4	99	80	0	2	-4.935872
402	38.583333	38.833333	B-2	76	80	1	-3	-6.517685
403	38.650000	38.725000	E4	99	80	0	3	-2.675961
404	38.725000	38.800000	F4	99	80	0	4	-2.883688
405	38.800000	38.950000	G4	99	80	0	5	-2.706622
406	38.833333	39.083333	C3	76	80	1	-1	-3.288065
407	38.950000	39.025000	F4	99	80	0	4	-2.814339
408	39.025000	39.100000	E4	99	80	0	3	-2.238713
409	39.083333	39.333333	D2	126	80	1	-5	-3.181034
410	39.100000	39.250000	D4	99	80	0	2	-2.287533
411	39.250000	39.325000	E4	99	80	0	3	-2.675961
412	39.325000	39.400000	F4	99	80	0	4	-2.883688
413	39.400000	39.550000	G4	99	80	0	5	-2.706622
414	39.458333	39.833333	G#3	90	80	1	-4	-14.894098
415	39.458333	39.833333	C#4	90	80	1	-2	-2.507290
416	39.458333	39.833333	E#4	90	80	1	-1	-3.262923
417	39.550000	39.625000	F4	99	80	0	4	-2.814339
418	39.625000	39.700000	E4	99	80	0	3	-2.238713
419	39.700000	39.850000	D4	99	80	0	2	-2.287533
420	39.833333	40.083333	A3	90	80	1	-4	-4.458307
421	39.833333	40.083333	D4	90	80	1	-2	-2.507290
422	39.833333	40.083333	F#4	90	80	1	-1	-3.194227
423	39.850000	39.925000	E4	99	80	0	3	-2.675961
424	39.925000	40.000000	F4	99	80	0	4	-2.883688
425	40.000000	40.150000	G4	99	80	0	5	-2.706622
426	40.083333	40.333333	D2	126	80	1	-5	-5.805721
427	40.150000	40.225000	F4	99	80	0	4	-2.814339
428	40.225000	40.300000	E4	99	80	0	3	-2.238713
429	40.300000	40.450000	D4	99	80	0	2	-2.287533
430	40.450000	40.525000	E4	99	80	0	3	-2.675961
431	40.458333	40.583333	B-3	90	80	1	-4	-7.566345
432	40.458333	40.583333	E-4	90	80	1	-2	-2.507290
433	40.458333	40.583333	G4	90	80	1	-1	-3.262923
434	40.525000	40.600000	F4	99	80	0	4	-2.883688
435	40.600000	40.900000	G4	126	80	0	5	-2.706622
436	40.900000	41.050000	G3	126	80	0	1	-1.922714
437	41.050000	42.100000	C4	126	80	0	4	-4.278061
438	41.083333	41.333333	D2	126	80	1	-5	-4.456078
439	41.458333	41.833333	G#3	90	80	1	-4	-14.894098
440	41.458333	41.833333	C#4	90	80	1	-2	-2.507290
441	41.458333	41.833333	E#4	90	80	1	-1	-3.262923
442	41.833333	42.083333	A3	90	80	1	-4	-4.458307
443	41.833333	42.083333	D4	90	80	1	-2	-2.507290
444	41.833333	42.083333	F#4	90	80	1	-1	-3.194227
445	42.083333	42.333333	D2	126	80	1	-5	-5.805721
446	42.100000	42.250000	D5	90	80	0	1	-6.948157
447	42.100000	42.250000	G5	90	80	0	2	-2.963617
448	42.250000	42.700000	E5	90	80	0	1	-3.157580
449	42.250000	42.700000	C6	90	80	0	5	-3.707830
450	42.458333	42.583333	B-3	90	80	1	-4	-7.566345
451	42.458333	42.583333	E-4	90	80	1	-2	-2.507290
452	42.458333	42.583333	G4	90	80	1	-1	-3.262923
453	43.083333	43.333333	D2	90	80	1	-5	-4.456078
454	43.083333	43.333333	A2	90	80	1	-1	-3.477173
455	43.300000	43.450000	G3	63	80	0	1	-6.163296
456	43.450000	43.600000	C4	63	80	0	2	-2.963617
457	43.458333	43.833333	A3	90	80	1	-5	-6.047974
458	43.458333	43.833333	D4	90	80	1	-3	-3.463793
459	43.458333	43.833333	F#4	90	80	1	-2	-3.749711
460	43.458333	43.833333	A4	90	80	1	-1	-2.464298
461	43.600000	43.750000	C4	63	80	0	1	-4.802885
462	43.750000	43.900000	C4	63	80	0	1	-4.507997
463	43.833333	44.083333	A3	90	80	1	-5	-2.314770
464	43.833333	44.083333	D4	90	80	1	-3	-3.463793
465	43.833333	44.083333	F#4	90	80	1	-2	-3.749711
466	43.833333	44.083333	A4	90	80	1	-1	-2.464298
467	43.900000	44.050000	C4	63	80	0	1	-4.507997
468	44.050000	44.200000	C4	63	80	0	1	-4.507997
469	44.083333	44.333333	C2	90	80	1	-5	-4.456078
470	44.083333	44.333333	G2	90	80	1	-5	-5.954471
471	44.200000	44.350000	C4	63	80	0	1	-4.507997
472	44.350000	44.500000	C4	63	80	0	1	-4.507997
473	44.458333	44.833333	C4	90	80	1	-4	-8.234056
474	44.458333	44.833333	E-4	90	80	1	-3	-3.762277
475	44.458333	44.833333	G4	90	80	1	-2	-4.126498
476	44.458333	44.833333	C5	90	80	1	-1	-2.320150
477	44.500000	44.650000	C4	63	80	0	1	-4.507997
478	44.650000	44.725000	D4	63	80	0	2	-2.867384
479	44.725000	44.800000	E-4	63	80	0	3	-3.190537
480	44.800000	44.950000	F4	63	80	0	4	-4.111873
481	44.833333	45.083333	C4	90	80	1	-5	-2.314770
482	44.833333	45.083333	E-4	90	80	1	-4	-4.807638
483	44.833333	45.083333	G4	90	80	1	-2	-2.871001
484	44.833333	45.083333	C5	90	80	1	-1	-2.320150
485	44.950000	45.025000	E-4	63	80	0	3	-3.510496
486	45.025000	45.100000	D4	63	80	0	2	-2.803601
487	45.083333	45.333333	A1	90	80	1	-5	-4.456078
488	45.083333	45.333333	E2	90	80	1	-5	-5.954471
489	45.100000	45.250000	C4	63	80	0	1	-2.609267
490	45.250000	45.325000	D4	63	80	0	2	-2.867384
491	45.325000	45.400000	E-4	63	80	0	3	-3.190537
492	45.400000	45.550000	F4	63	80	0	4	-4.111873
493	45.458333	45.583333	E4	90	80	1	-5	-7.597455
494	45.458333	45.583333	A4	90	80	1	-3	-3.463793
495	45.458333	45.583333	C5	90	80	1	-2	-3.046717
496	45.458333	45.583333	E5	90	80	1	-1	-2.415329
497	45.550000	45.625000	E-4	63	80	0	3	-3.510496
498	45.625000	45.700000	D4	63	80	0	2	-2.803601
499	45.700000	45.850000	C4	63	80	0	1	-2.609267
500	45.833333	46.083333	E4	90	80	1	-5	-2.314770
501	45.833333	46.083333	A4	90	80	1	-3	-3.463793
502	45.833333	46.083333	C5	90	80	1	-2	-3.046717
503	45.833333	46.083333	E5	90	80	1	-1	-2.415329
504	45.850000	45.925000	D4	63	80	0	2	-2.867384
505	45.925000	46.000000	E-4	63	80	0	3	-3.190537
506	46.000000	46.150000	F4	63	80	0	4	-4.111873
507	46.083333	46.333333	F1	90	80	1	-5	-4.456078
508	46.083333	46.333333	F2	90	80	1	-1	-1.202832
509	46.150000	46.225000	E-4	63	80	0	3	-3.510496
510	46.225000	46.300000	D4	63	80	0	2	-2.803601
511	46.300000	46.450000	C4	63	80	0	1	-2.609267
512	46.450000	46.525000	D4	63	80	0	2	-2.867384
513	46.458333	46.833333	G3	90	80	1	-5	-8.591130
514	46.458333	46.833333	E-4	90	80	1	-2	-4.281723
515	46.458333	46.833333	G4	90	80	1	-1	-3.262923
516	46.525000	46.600000	E-4	63	80	0	3	-3.190537
517	46.600000	46.750000	F4	63	80	0	5	-3.635747
518	46.833333	47.083333	F3	90	80	1	-5	-3.842215
519	46.833333	47.083333	E-4	90	80	1	-2	-4.731534
520	46.833333	47.083333	F4	90	80	1	-1	-2.464298
521	46.900000	47.050000	F3	126	80	0	1	-1.922714
522	47.050000	48.100000	B-3	126	80	0	4	-5.030123
523	47.083333	47.333333	B-1	127	80	1	-5	-5.704159
524	47.333333	47.458333	F3	90	80	1	-1	-7.515526
525	47.333333	47.458333	D4	90	80	1	-2	-11.730551
526	47.333333	47.458333	F4	90	80	1	-1	-2.415329
527	47.458333	47.583333	F3	90	80	1	-5	-2.314770
528	47.458333	47.583333	D4	90	80	1	-2	-4.349399
529	47.458333	47.583333	F4	90	80	1	-1	-2.415329
530	47.708333	47.833333	F3	90	80	1	-5	-2.314770
531	47.708333	47.833333	D4	90	80	1	-2	-4.349399
532	47.708333	47.833333	F4	90	80	1	-1	-2.415329
533	47.833333	48.083333	F3	90	80	1	-5	-2.314770
534	47.833333	48.083333	D4	90	80	1	-2	-4.349399
535	47.833333	48.083333	F4	90	80	1	-1	-2.415329
536	48.083333	48.333333	B-1	127	80	1	-5	-5.704159
537	48.100000	48.250000	C5	90	80	0	3	-8.023118
538	48.100000	48.250000	F5	90	80	0	5	-3.128600
539	48.250000	49.300000	D5	90	80	0	1	-5.557373
540	48.250000	49.300000	B-5	90	80	0	5	-4.305381
541	48.333333	48.458333	F3	90	80	1	-5	-14.925206
542	48.333333	48.458333	E-4	90	80	1	-2	-4.731534
543	48.333333	48.458333	F4	90	80	1	-1	-2.464298
544	48.458333	48.583333	F3	90	80	1	-5	-2.314770
545	48.458333	48.583333	E-4	90	80	1	-2	-4.731534
546	48.458333	48.583333	F4	90	80	1	-1	-2.464298
547	48.708333	48.833333	F3	90	80	1	-5	-2.314770
548	48.708333	48.833333	E-4	90	80	1	-2	-4.731534
549	48.708333	48.833333	F4	90	80	1	-1	-2.464298
550	48.833333	49.083333	F3	90	80	1	-5	-2.314770
551	48.833333	49.083333	E-4	90	80	1	-2	-4.731534
552	48.833333	49.083333	F4	90	80	1	-1	-2.464298
553	49.083333	49.333333	B-1	127	80	1	-5	-5.704159
554	49.300000	49.450000	A4	127	80	0	1	-4.287540
555	49.450000	49.600000	D5	126	80	0	5	-4.932539
556	49.458333	49.833333	B-3	90	80	1	-4	-6.683330
557	49.458333	49.833333	F4	90	80	1	-1	-3.887622
558	49.600000	49.900000	D4	126	80	0	1	-1.922714
559	49.833333	50.083333	F3	90	80	1	-5	-2.314770
560	49.833333	50.083333	D4	90	80	1	-1	-4.009362
561	49.900000	50.050000	A4	127	80	0	3	-3.751952
562	50.050000	50.500000	A4	120	80	0	3	-4.378151
563	50.083333	50.333333	E-2	127	80	1	-5	-7.040401
564	50.333333	50.458333	E-3	90	80	1	-5	-5.534856
565	50.333333	50.458333	A-3	90	80	1	-3	-3.463793
566	50.333333	50.458333	C4	90	80	1	-2	-4.126498
567	50.333333	50.458333	E-4	90	80	1	-1	-3.101885
568	50.458333	50.583333	E-3	90	80	1	-5	-2.314770
569	50.458333	50.583333	A-3	90	80	1	-3	-3.463793
570	50.458333	50.583333	C4	90	80	1	-2	-4.126498
571	50.458333	50.583333	E-4	90	80	1	-1	-3.101885
572	50.500000	50.650000	A4	127	80	0	3	-4.378151
573	50.650000	50.800000	D5	126	80	0	5	-3.128600
574	50.708333	50.833333	E-3	90	80	1	-5	-2.314770
575	50.708333	50.833333	A-3	90	80	1	-3	-3.463793
576	50.708333	50.833333	C4	90	80	1	-2	-4.126498
577	50.708333	50.833333	E-4	90	80	1	-1	-3.101885
578	50.800000	51.100000	D4	126	80	0	1	-1.922714
579	50.833333	51.083333	E-3	90	80	1	-5	-2.314770
580	50.833333	51.083333	A-3	90	80	1	-3	-3.463793
581	50.833333	51.083333	C4	90	80	1	-2	-4.126498
582	50.833333	51.083333	E-4	90	80	1	-1	-3.101885
583	51.083333	51.333333	F1	127	80	1	-5	-5.805721
584	51.100000	51.250000	A4	126	80	0	2	-3.928858
585	51.250000	51.325000	B-4	126	80	0	3	-3.190537
586	51.325000	51.400000	C5	126	80	0	1	-5.285870
587	51.333333	51.458333	F2	127	80	1	-1	-1.202832
588	51.400000	51.475000	D5	126	80	0	2	-2.867384
589	51.458333	51.583333	F3	127	80	1	-5	-6.047974
590	51.475000	51.550000	E-5	126	80	0	3	-3.190537
591	51.550000	51.625000	F5	126	80	0	1	-5.285870
592	51.625000	51.700000	G5	126	80	0	2	-2.867384
593	51.700000	51.850000	A5	127	80	0	3	-2.675961
594	51.708333	51.833333	F3	127	80	1	-5	-4.242005
595	51.833333	52.083333	F4	127	80	1	-1	-1.202832
596	51.850000	52.000000	D6	126	80	0	5	-3.128600
597	52.000000	52.300000	D5	126	80	0	1	-1.922714
598	52.083333	52.333333	F1	127	80	1	-5	-4.456078
599	52.300000	52.450000	A5	127	80	0	3	-3.751952
600	52.333333	52.458333	F2	127	80	1	-1	-1.202832
601	52.450000	52.900000	A5	120	80	0	3	-4.378151
602	52.458333	52.583333	F3	127	80	1	-5	-6.047974
603	52.708333	52.833333	F3	127	80	1	-5	-4.242005
604	52.833333	53.083333	F4	127	80	1	-1	-1.202832
605	52.900000	53.050000	A5	127	80	0	3	-4.378151
606	53.050000	53.200000	D6	126	80	0	5	-3.128600
607	53.083333	53.333333	B-1	127	80	1	-5	-5.704159
608	53.200000	53.500000	D5	126	80	0	1	-1.922714
609	53.333333	53.458333	F2	127	80	1	-5	-7.206746
610	53.458333	53.583333	B-2	90	80	1	-3	-3.351805
611	53.458333	53.583333	F3	90	80	1	-1	-3.687814
612	53.500000	53.650000	A5	126	80	0	2	-3.928858
613	53.650000	53.725000	B-5	126	80	0	3	-3.190537
614	53.708333	53.833333	F3	127	80	1	-5	-4.801795
615	53.725000	53.800000	C6	126	80	0	1	-5.285870
616	53.800000	53.875000	D6	126	80	0	2	-2.867384
617	53.833333	54.083333	B-3	90	80	1	-3	-3.351805
618	53.833333	54.083333	F4	90	80	1	-1	-3.687814
619	53.875000	53.950000	E-6	126	80	0	3	-3.190537
620	53.950000	54.025000	F6	126	80	0	4	-4.111873
621	54.025000	54.100000	G6	126	80	0	5	-2.706622
622	54.083333	54.333333	B-1	127	80	1	-5	-5.704159
623	54.100000	55.300000	A5	90	80	0	1	-3.027253
624	54.100000	55.300000	D6	90	80	0	2	-2.963617
625	54.100000	55.300000	F#6	90	80	0	4	-3.522723
626	54.100000	55.300000	A6	90	80	0	5	-3.871087
627	54.333333	54.458333	F2	127	80	1	-5	-7.206746
628	54.400000	54.550000	B4	90	80	0	1	-7.108616
629	54.400000	54.550000	D5	90	80	0	2	-2.525967
630	54.400000	54.550000	F#5	90	80	0	4	-3.522723
631	54.458333	54.583333	B-2	90	80	1	-3	-3.351805
632	54.458333	54.583333	F3	90	80	1	-1	-3.687814
633	54.708333	54.833333	F3	127	80	1	-5	-4.801795
634	54.833333	55.083333	B-3	90	80	1	-3	-3.351805
635	54.833333	55.083333	F4	90	80	1	-1	-3.687814
636	54.850000	55.000000	B4	90	80	0	1	-3.549056
637	54.850000	55.000000	D5	90	80	0	2	-2.525967
638	54.850000	55.000000	F#5	90	80	0	3	-4.632489
639	55.083333	55.333333	B-1	127	80	1	-5	-5.704159
640	55.300000	56.500000	C6	90	80	0	2	-8.213694
641	55.300000	56.500000	E-6	90	80	0	3	-3.409656
642	55.300000	56.500000	G6	90	80	0	5	-3.340065
643	55.300000	56.500000	C7	90	80	0	5	-7.226525
644	55.333333	55.458333	F2	127	80	1	-5	-7.206746
645	55.458333	55.583333	B-2	90	80	1	-3	-3.351805
646	55.458333	55.583333	F3	90	80	1	-1	-3.687814
647	55.600000	55.750000	D5	90	80	0	1	-7.108616
648	55.600000	55.750000	E-5	90	80	0	2	-3.900292
649	55.600000	55.750000	G5	90	80	0	4	-3.927704
650	55.708333	55.833333	F3	127	80	1	-5	-4.801795
651	55.833333	56.083333	B-3	90	80	1	-3	-3.351805
652	55.833333	56.083333	F4	90	80	1	-1	-3.687814
653	56.050000	56.200000	D5	90	80	0	2	-3.266530
654	56.050000	56.200000	E-5	90	80	0	3	-3.190537
655	56.050000	56.200000	G5	90	80	0	5	-3.340065
656	56.083333	56.333333	B-1	127	80	1	-5	-5.704159
657	56.333333	56.458333	F2	127	80	1	-5	-7.206746
658	56.458333	56.583333	B-2	90	80	1	-3	-3.351805
659	56.458333	56.583333	F3	90	80	1	-1	-3.687814
660	56.500000	57.700000	E6	90	80	0	2	-8.202096
661	56.500000	57.700000	A6	90	80	0	3	-4.897982
662	56.500000	57.700000	C7	90	80	0	4	-4.820507
663	56.500000	57.700000	E7	90	80	0	5	-3.402079
664	56.708333	56.833333	F3	127	80	1	-5	-4.801795
665	56.800000	56.950000	F5	90	80	0	1	-7.108616
666	56.800000	56.950000	A5	90	80	0	2	-2.525967
667	56.800000	56.950000	C6	90	80	0	4	-2.758588
668	56.833333	57.083333	B-3	90	80	1	-3	-3.351805
669	56.833333	57.083333	F4	90	80	1	-1	-3.687814
670	57.083333	57.333333	B-1	127	80	1	-5	-5.704159
671	57.250000	57.400000	F5	90	80	0	1	-2.857522
672	57.250000	57.400000	A5	90	80	0	2	-2.525967
673	57.250000	57.400000	C6	90	80	0	4	-2.758588
674	57.333333	57.458333	F2	127	80	1	-5	-7.206746
675	57.458333	57.583333	B-2	90	80	1	-3	-3.351805
676	57.458333	57.583333	F3	90	80	1	-1	-3.687814
677	57.700000	58.900000	G6	90	80	0	1	-7.338864
678	57.700000	58.900000	C7	90	80	0	2	-2.963617
679	57.700000	58.900000	E-7	90	80	0	3	-3.409656
680	57.700000	58.900000	G7	90	80	0	5	-3.340065
681	57.708333	57.833333	F3	127	80	1	-5	-4.801795
682	57.833333	58.083333	B-3	90	80	1	-3	-3.351805
683	57.833333	58.083333	F4	90	80	1	-1	-3.687814
684	58.000000	58.150000	A4	90	80	0	1	-6.163296
685	58.000000	58.150000	F5	90	80	0	3	-4.659051
686	58.000000	58.150000	A5	90	80	0	5	-2.681011
687	58.083333	58.145833	D-3	126	80	1	-5	-5.753604
688	58.083333	58.145833	G3	126	80	1	-2	-4.656382
689	58.145833	58.208333	E-3	126	80	1	-3	-5.110739
690	58.145833	58.208333	A-3	126	80	1	-1	-2.717521
691	58.208333	58.270833	F3	126	80	1	-2	-4.084076
692	58.208333	58.270833	B-3	126	80	1	-1	-3.194227
693	58.270833	58.333333	G3	126	80	1	-2	-4.084076
694	58.270833	58.333333	C4	126	80	1	-1	-2.320150
695	58.333333	58.395833	A-3	126	80	1	-3	-4.924354
696	58.395833	58.458333	B-3	126	80	1	-2	-2.510186
697	58.450000	58.600000	B4	90	80	0	1	-3.027253
698	58.450000	58.600000	E-5	90	80	0	2	-3.275273
699	58.450000	58.600000	B5	90	80	0	5	-3.857051
700	58.458333	58.520833	C4	126	80	1	-1	-2.464298
701	58.520833	58.583333	D-4	126	80	1	-2	-4.643648
702	58.900000	59.050000	C#5	90	80	0	1	-3.521239
703	58.900000	59.050000	C#6	90	80	0	5	-2.242366
704	59.050000	59.200000	D5	90	80	0	1	-3.885272
705	59.050000	59.200000	D6	90	80	0	5	-2.242366
706	59.200000	59.500000	F5	127	80	0	1	-2.845304
707	59.500000	59.650000	B-4	90	80	0	1	-7.672902
708	59.500000	59.650000	B-5	90	80	0	5	-2.242366
709	59.583333	59.708333	F3	90	80	1	-5	-4.626444
710	59.583333	59.708333	B-3	90	80	1	-4	-4.565377
711	59.583333	59.708333	D4	90	80	1	-2	-2.871001
712	59.583333	59.708333	F4	90	80	1	-1	-2.415329
713	59.650000	60.100000	B-4	90	80	0	1	-1.922714
714	59.650000	60.100000	B-5	90	80	0	5	-2.242366
715	59.708333	59.833333	B-1	126	80	1	-5	-5.704159
716	59.950000	60.100000	B-4	127	80	0	1	-1.922714
717	60.100000	60.250000	C#5	90	80	0	2	-2.525967
718	60.100000	60.250000	C#6	90	80	0	5	-5.608073
719	60.250000	60.400000	D5	90	80	0	1	-3.885272
720	60.250000	60.400000	D6	90	80	0	5	-2.242366
721	60.400000	60.700000	F5	127	80	0	5	-7.617231
722	60.700000	60.850000	A-4	90	80	0	1	-3.521239
723	60.700000	60.850000	A-5	90	80	0	5	-2.242366
724	60.850000	61.300000	A-4	90	80	0	1	-1.922714
725	60.850000	61.300000	A-5	90	80	0	5	-2.242366
726	61.150000	61.300000	A-4	127	80	0	1	-1.922714
727	61.300000	61.450000	F5	127	80	0	4	-4.946245
728	61.450000	61.600000	G5	127	80	0	5	-2.706622
729	61.600000	61.900000	C#5	127	80	0	2	-4.412763
730	61.900000	61.975000	D5	127	80	0	1	-4.072488
731	61.975000	62.050000	F5	127	80	0	2	-2.525967
732	62.050000	62.125000	B-5	127	80	0	1	-7.803859
733	62.125000	62.200000	D6	127	80	0	2	-3.465862
734	62.200000	62.350000	F6	127	80	0	4	-2.758588
735	62.350000	62.500000	G6	127	80	0	5	-2.706622
736	62.500000	62.650000	A-5	90	80	0	1	-4.221033
737	62.500000	62.650000	A-6	90	80	0	5	-2.242366
738	62.650000	62.800000	C6	90	80	0	1	-3.738292
739	62.650000	62.800000	C7	90	80	0	5	-2.242366
740	62.800000	62.950000	C5	90	80	0	1	-6.163296
741	62.800000	62.950000	C6	90	80	0	5	-2.242366
742	62.950000	63.100000	D5	90	80	0	1	-3.027253
743	62.950000	63.100000	D6	90	80	0	5	-2.242366
744	63.100000	63.250000	F5	90	80	0	1	-2.845304
745	63.100000	63.250000	F6	90	80	0	5	-2.242366
746	63.250000	63.700000	F5	90	80	0	1	-1.922714
747	63.250000	63.700000	F6	90	80	0	5	-2.242366
748	63.700000	64.300000	F5	127	80	0	1	-1.922714
749	63.700000	63.775000	F6	127	80	0	5	-2.242366
750	63.775000	63.850000	E-6	127	80	0	4	-4.424487
751	63.850000	63.925000	D6	127	80	0	3	-3.302559
752	63.925000	64.000000	C6	127	80	0	2	-2.287533
753	64.000000	64.300000	D6	127	80	0	3	-2.675961
754	64.300000	64.900000	E-5	127	80	0	1	-6.884210
755	64.300000	64.375000	E-6	127	80	0	5	-2.242366
756	64.375000	64.450000	D-6	127	80	0	4	-2.814339
757	64.450000	64.525000	C-6	127	80	0	3	-3.914844
758	64.525000	64.600000	A5	127	80	0	2	-2.287533
759	64.600000	64.900000	C-6	127	80	0	3	-2.675961
760	64.900000	65.500000	D5	127	80	0	1	-4.393458
761	64.900000	64.975000	D6	127	80	0	5	-2.242366
762	64.975000	65.050000	C6	127	80	0	4	-2.814339
763	65.050000	65.125000	B-5	127	80	0	3	-3.510496
764	65.125000	65.200000	A-5	127	80	0	2	-2.287533
765	65.200000	65.500000	B-5	127	80	0	3	-2.675961
766	65.500000	66.100000	C#5	127	80	0	1	-4.393458
767	65.500000	65.575000	C#6	127	80	0	5	-2.242366
768	65.575000	65.650000	B5	127	80	0	4	-4.503222
769	65.650000	65.725000	A5	127	80	0	3	-2.238713
770	65.725000	65.800000	G5	127	80	0	2	-2.287533
771	65.800000	66.100000	A5	127	80	0	3	-2.675961
772	66.100000	66.700000	C5	127	80	0	1	-4.393458
773	66.100000	66.175000	C6	127	80	0	5	-2.242366
774	66.175000	66.250000	B-5	127	80	0	4	-4.424487
775	66.250000	66.325000	A-5	127	80	0	3	-2.238713
776	66.325000	66.400000	G5	127	80	0	2	-2.803601
777	66.400000	67.300000	A-5	127	80	0	3	-3.190537
778	66.850000	67.150000	B-4	127	80	0	1	-5.548003
779	67.150000	67.300000	D5	127	80	0	2	-3.465862
780	67.300000	67.375000	C5	127	80	0	1	-2.609267
781	67.375000	67.450000	B-4	127	80	0	3	-5.389440
782	67.450000	67.525000	A-4	127	80	0	2	-2.287533
783	67.525000	67.600000	G4	127	80	0	1	-3.290753
784	67.600000	68.500000	A-4	127	80	0	4	-5.465822
785	68.050000	68.350000	B-3	127	80	0	1	-3.549056
786	68.350000	68.500000	D4	127	80	0	2	-3.465862
787	68.500000	68.800000	C4	127	80	0	1	-2.609267
788	68.800000	69.100000	B-3	127	80	0	3	-5.389440
789	69.100000	69.400000	A-3	127	80	0	2	-2.287533
790	69.400000	69.700000	G3	127	80	0	1	-3.290753
791	69.700000	72.100000	A-3	127	80	0	2	-3.900292
792	72.400000	72.475000	D-4	127	80	0	4	-2.909306
793	72.475000	72.550000	E-4	127	80	0	1	-5.889308
794	72.550000	72.625000	F4	127	80	0	2	-3.493146
795	72.625000	72.700000	G4	127	80	0	3	-2.675961
796	72.700000	72.775000	E-4	127	80	0	1	-4.375439
797	72.700000	72.775000	A-4	127	80	0	2	-2.963617
798	72.775000	72.850000	F4	127	80	0	1	-3.360143
799	72.775000	72.850000	B-4	127	80	0	2	-3.275273
800	72.850000	72.925000	G4	127	80	0	1	-3.360143
801	72.850000	72.925000	C5	127	80	0	2	-2.963617
802	72.925000	73.000000	A-4	127	80	0	1	-3.898407
803	72.925000	73.000000	D-5	127	80	0	2	-2.963617
804	73.000000	73.075000	B-4	127	80	0	1	-3.157580
805	73.000000	73.075000	E-5	127	80	0	2	-2.963617
806	73.075000	73.150000	C5	127	80	0	1	-3.360143
807	73.075000	73.150000	F5	127	80	0	2	-2.963617
808	73.150000	73.225000	D-5	127	80	0	1	-3.898407
809	73.150000	73.225000	G5	127	80	0	2	-5.302163
810	73.225000	73.300000	E-5	127	80	0	1	-3.898407
811	73.225000	73.300000	A-5	127	80	0	2	-2.963617
812	73.300000	73.600000	F5	63	80	0	1	-3.360143
813	73.300000	73.600000	B-5	63	80	0	2	-3.275273
814	73.900000	74.200000	B-5	90	80	0	1	-4.802885
815	73.900000	74.200000	D6	90	80	0	2	-3.465862
816	73.900000	74.200000	F6	90	80	0	3	-3.012122
817	73.900000	74.200000	B-6	90	80	0	5	-3.549127
