//Version: PianoFingering_v170101
1	0.000000	0.250000	E2	90	80	1	-5	-0.504576
2	0.000000	0.250000	E3	90	80	1	-1	-1.202832
3	0.192308	0.384615	G#3	90	80	0	1	-0.925785
4	0.384615	0.769231	B3	90	80	0	2	-3.493146
5	0.384615	0.769231	E4	90	80	0	4	-2.909306
6	0.384615	0.769231	G#4	90	80	0	5	-4.855940
7	0.750000	1.000000	G#2	90	80	1	-5	-4.332318
8	0.750000	1.000000	G#3	90	80	1	-1	-1.202832
9	0.769231	1.153846	B3	90	80	0	1	-4.031984
10	0.769231	1.153846	E4	90	80	0	2	-2.963617
11	0.769231	1.153846	G#4	90	80	0	4	-3.522723
12	1.346154	1.538462	B3	90	80	0	1	-3.493957
13	1.500000	1.750000	F#2	90	80	1	-5	-3.842215
14	1.500000	1.750000	F#3	90	80	1	-1	-1.202832
15	1.538462	1.923077	E4	90	80	0	3	-3.401091
16	1.923077	2.307692	B3	90	80	0	1	-2.905888
17	1.923077	2.307692	E4	90	80	0	3	-3.401091
18	2.250000	2.375000	D#2	90	80	1	-5	-4.233080
19	2.250000	2.375000	D#3	90	80	1	-1	-1.202832
20	2.375000	2.500000	A3	90	80	1	-2	-7.937869
21	2.375000	2.500000	B3	90	80	1	-1	-2.578439
22	2.500000	2.692308	A3	90	80	0	1	-3.310457
23	2.500000	2.692308	B3	90	80	0	1	-5.893792
24	2.692308	3.076923	D#4	90	80	0	2	-3.275273
25	2.692308	3.076923	A4	90	80	0	4	-5.030376
26	3.000000	3.125000	E2	90	80	1	-5	-4.212346
27	3.000000	3.125000	E3	90	80	1	-1	-1.202832
28	3.076923	3.461538	D#4	90	80	0	1	-4.295977
29	3.076923	3.461538	A4	90	80	0	2	-5.302163
30	3.125000	3.250000	G#3	90	80	1	-2	-5.718611
31	3.125000	3.250000	B3	90	80	1	-1	-2.464298
32	3.461538	3.846154	B4	90	80	0	3	-2.675961
33	3.750000	3.875000	E2	90	80	1	-5	-4.212346
34	3.750000	3.875000	E3	90	80	1	-1	-1.202832
35	3.846154	4.230769	F#4	90	80	0	1	-4.375439
36	3.846154	4.038462	A#4	90	80	0	2	-2.525967
37	3.875000	4.000000	G3	90	80	1	-2	-6.062425
38	3.875000	4.000000	A#3	90	80	1	-1	-3.101885
39	4.038462	4.230769	B4	90	80	0	3	-3.686981
40	4.230769	4.615385	F#4	90	80	0	1	-4.375439
41	4.230769	4.423077	C#5	90	80	0	3	-3.751952
42	4.423077	4.615385	B4	90	80	0	2	-3.286699
43	4.500000	4.625000	E2	90	80	1	-5	-7.040401
44	4.500000	4.625000	E3	90	80	1	-1	-1.202832
45	4.615385	5.000000	G#5	96	80	0	5	-4.989350
46	4.625000	4.750000	G#3	90	80	1	-2	-5.718611
47	4.625000	4.750000	B3	90	80	1	-1	-2.464298
48	5.000000	5.384615	E4	90	80	0	1	-5.695314
49	5.000000	5.384615	G#4	90	80	0	2	-3.275273
50	5.000000	5.384615	E5	96	80	0	5	-3.857051
51	5.250000	5.375000	B#1	90	80	1	-5	-5.805721
52	5.250000	5.375000	B#2	90	80	1	-4	-4.924626
53	5.375000	5.500000	F#3	90	80	1	-2	-5.758735
54	5.375000	5.500000	G#3	90	80	1	-1	-2.578439
55	5.384615	5.769231	E4	90	80	0	1	-1.922714
56	5.384615	5.769231	G#4	90	80	0	2	-3.275273
57	5.384615	5.769231	D#5	96	80	0	5	-3.528229
58	5.769231	6.153846	C#5	96	80	0	4	-2.814339
59	6.000000	6.125000	C#2	90	80	1	-5	-4.212346
60	6.000000	6.125000	C#3	90	80	1	-1	-1.202832
61	6.125000	6.250000	E3	90	80	1	-2	-7.054853
62	6.125000	6.250000	G#3	90	80	1	-1	-3.194227
63	6.153846	6.538462	E4	90	80	0	1	-3.493957
64	6.153846	6.538462	G4	90	80	0	2	-2.525967
65	6.153846	6.538462	A#4	90	80	0	3	-3.409656
66	6.153846	6.538462	D#5	96	80	0	5	-3.128600
67	6.538462	6.923077	E4	90	80	0	1	-3.885272
68	6.538462	6.923077	G4	90	80	0	2	-2.525967
69	6.538462	6.923077	A#4	90	80	0	3	-3.409656
70	6.538462	6.923077	E5	96	80	0	5	-5.682377
71	6.750000	6.875000	C#2	90	80	1	-5	-4.212346
72	6.750000	6.875000	C#3	90	80	1	-1	-1.202832
73	6.875000	7.000000	E3	90	80	1	-2	-7.054853
74	6.875000	7.000000	F#3	90	80	1	-1	-3.101885
75	6.923077	8.076923	B4	103	80	0	3	-3.854029
76	7.307692	7.692308	E4	90	80	0	1	-3.310457
77	7.307692	7.692308	G#4	90	80	0	2	-3.275273
78	7.500000	7.625000	D#2	90	80	1	-5	-4.233080
79	7.500000	7.625000	D#3	90	80	1	-1	-1.202832
80	7.625000	7.750000	A3	90	80	1	-2	-7.937869
81	7.625000	7.750000	B3	90	80	1	-1	-2.578439
82	7.692308	8.076923	E4	90	80	0	1	-4.134704
83	7.692308	8.076923	G#4	90	80	0	2	-3.275273
84	8.076923	8.461538	G#4	90	80	0	2	-4.554564
85	8.250000	8.375000	B1	90	80	1	-5	-5.451251
86	8.250000	8.375000	B2	90	80	1	-1	-1.202832
87	8.375000	8.500000	A3	90	80	1	-2	-8.605581
88	8.375000	8.500000	B3	90	80	1	-1	-2.578439
89	8.461538	8.846154	D#4	90	80	0	1	-3.434905
90	8.461538	8.653846	F##4	90	80	0	2	-3.465862
91	8.653846	8.846154	G#4	90	80	0	3	-3.190537
92	8.846154	9.230769	D#4	90	80	0	1	-2.905888
93	8.846154	9.038462	A4	90	80	0	3	-5.088322
94	9.000000	9.125000	E2	90	80	1	-5	-4.212346
95	9.000000	9.125000	E3	90	80	1	-1	-1.202832
96	9.038462	9.230769	G#4	90	80	0	2	-3.151465
97	9.125000	9.250000	G#3	90	80	1	-2	-5.718611
98	9.125000	9.250000	B3	90	80	1	-1	-2.464298
99	9.230769	9.615385	E5	90	80	0	5	-3.857051
100	9.615385	10.000000	E4	90	80	0	1	-1.922714
101	9.615385	10.000000	G#4	90	80	0	2	-3.275273
102	9.615385	10.000000	C#5	96	80	0	4	-2.909306
103	9.750000	9.875000	E2	90	80	1	-5	-4.212346
104	9.750000	9.875000	E3	90	80	1	-1	-1.202832
105	9.875000	10.000000	G3	90	80	1	-2	-6.062425
106	9.875000	10.000000	A#3	90	80	1	-1	-3.101885
107	10.000000	10.384615	E4	90	80	0	1	-3.493957
108	10.000000	10.384615	G#4	90	80	0	3	-3.998423
109	10.000000	10.384615	B4	96	80	0	5	-3.635747
110	10.384615	10.769231	A#4	96	80	0	4	-3.640665
111	10.500000	10.625000	E2	90	80	1	-5	-7.040401
112	10.500000	10.625000	E3	90	80	1	-1	-1.202832
113	10.625000	10.750000	G#3	90	80	1	-2	-5.718611
114	10.625000	10.750000	B3	90	80	1	-1	-2.464298
115	10.769231	11.153846	A#3	90	80	0	1	-3.627794
116	10.769231	11.153846	E4	90	80	0	3	-5.088322
117	10.769231	11.153846	G#4	96	80	0	5	-3.549127
118	11.153846	11.538462	A#3	90	80	0	1	-3.027253
119	11.153846	11.538462	E4	90	80	0	3	-5.088322
120	11.153846	11.538462	F#4	96	80	0	5	-3.990232
121	11.250000	11.375000	B#1	90	80	1	-5	-5.805721
122	11.250000	11.375000	B#2	90	80	1	-4	-4.924626
123	11.375000	11.500000	F#3	90	80	1	-2	-5.758735
124	11.375000	11.500000	G#3	90	80	1	-1	-2.578439
125	11.538462	12.692308	F#5	90	80	0	5	-7.226525
126	11.923077	12.307692	F#4	90	80	0	1	-1.922714
127	11.923077	12.307692	A4	90	80	0	2	-3.493146
128	12.000000	12.125000	C#2	90	80	1	-5	-4.212346
129	12.000000	12.125000	C#3	90	80	1	-1	-1.202832
130	12.125000	12.250000	E3	90	80	1	-2	-7.054853
131	12.125000	12.250000	G#3	90	80	1	-1	-3.194227
132	12.307692	12.692308	F#4	90	80	0	1	-3.967913
133	12.307692	12.692308	A4	90	80	0	2	-3.493146
134	12.692308	13.076923	B4	90	80	0	3	-2.675961
135	12.750000	12.875000	B#1	90	80	1	-5	-6.196562
136	12.750000	12.875000	B#2	90	80	1	-4	-4.924626
137	12.875000	13.000000	F#3	90	80	1	-2	-5.758735
138	12.875000	13.000000	G#3	90	80	1	-1	-2.578439
139	13.076923	13.461538	D#4	90	80	0	1	-4.449629
140	13.076923	13.269231	A#4	90	80	0	3	-3.751952
141	13.269231	13.461538	B4	90	80	0	4	-3.868143
142	13.461538	13.846154	D#4	90	80	0	1	-3.577835
143	13.461538	13.653846	C#5	90	80	0	4	-4.869085
144	13.500000	13.625000	C#2	90	80	1	-5	-4.212346
145	13.500000	13.625000	C#3	90	80	1	-1	-1.202832
146	13.625000	13.750000	E3	90	80	1	-2	-7.054853
147	13.625000	13.750000	G#3	90	80	1	-1	-3.194227
148	13.653846	13.846154	B4	90	80	0	2	-4.043146
149	13.846154	14.230769	G#5	96	80	0	5	-4.989350
150	14.230769	14.615385	E4	90	80	0	1	-5.695314
151	14.230769	14.615385	G#4	90	80	0	2	-3.275273
152	14.230769	14.615385	E5	96	80	0	5	-3.857051
153	14.250000	14.375000	F#2	90	80	1	-5	-3.842215
154	14.250000	14.375000	F#3	90	80	1	-1	-1.202832
155	14.375000	14.500000	G#3	90	80	1	-3	-4.611792
156	14.375000	14.500000	B#3	90	80	1	-1	-3.390615
157	14.615385	15.000000	E4	90	80	0	1	-1.922714
158	14.615385	15.000000	G#4	90	80	0	2	-3.275273
159	14.615385	15.000000	D#5	96	80	0	5	-3.528229
160	15.000000	15.384615	C#5	96	80	0	4	-2.814339
161	15.000000	15.125000	E2	90	80	1	-5	-5.860818
162	15.000000	15.125000	E3	90	80	1	-1	-1.202832
163	15.125000	15.250000	G#3	90	80	1	-2	-5.718611
164	15.125000	15.250000	C#4	90	80	1	-1	-2.320150
165	15.384615	15.769231	E4	90	80	0	1	-3.493957
166	15.384615	15.769231	G4	90	80	0	2	-2.525967
167	15.384615	15.769231	A#4	90	80	0	3	-3.409656
168	15.384615	15.769231	D#5	96	80	0	5	-3.128600
169	15.750000	15.875000	E2	90	80	1	-5	-6.473863
170	15.750000	15.875000	E3	90	80	1	-1	-1.202832
171	15.769231	16.153846	E4	90	80	0	1	-3.885272
172	15.769231	16.153846	G4	90	80	0	2	-2.525967
173	15.769231	16.153846	A#4	90	80	0	3	-3.409656
174	15.769231	16.153846	E5	96	80	0	5	-5.682377
175	15.875000	16.000000	F#3	90	80	1	-2	-5.583884
176	15.875000	16.000000	A#3	90	80	1	-1	-2.415329
177	16.153846	17.307692	B4	90	80	0	3	-3.854029
178	16.500000	16.625000	D#2	90	80	1	-5	-4.212346
179	16.500000	16.625000	D#3	90	80	1	-1	-1.202832
180	16.538462	16.923077	E4	90	80	0	1	-3.310457
181	16.538462	16.923077	G#4	90	80	0	2	-3.275273
182	16.625000	16.750000	F#3	90	80	1	-2	-6.062425
183	16.625000	16.750000	B3	90	80	1	-1	-3.262923
184	16.923077	17.307692	E4	90	80	0	1	-4.134704
185	16.923077	17.307692	G#4	90	80	0	2	-3.275273
186	17.250000	17.375000	E2	90	80	1	-5	-4.212346
187	17.250000	17.375000	E3	90	80	1	-1	-1.202832
188	17.307692	17.692308	G#4	90	80	0	2	-4.554564
189	17.375000	17.500000	G#3	90	80	1	-2	-5.718611
190	17.375000	17.500000	C#4	90	80	1	-1	-2.320150
191	17.692308	18.076923	D#4	90	80	0	1	-3.434905
192	17.692308	17.884615	F##4	90	80	0	2	-3.465862
193	17.884615	18.076923	G#4	90	80	0	3	-3.190537
194	18.000000	18.125000	F#2	90	80	1	-5	-4.212346
195	18.000000	18.125000	F#3	90	80	1	-4	-4.924626
196	18.076923	18.461538	D#4	90	80	0	1	-2.905888
197	18.076923	18.269231	A4	90	80	0	3	-5.088322
198	18.125000	18.250000	B3	90	80	1	-2	-2.871001
199	18.269231	18.461538	G#4	90	80	0	2	-3.151465
200	18.461538	18.846154	E5	96	80	0	5	-3.857051
201	18.750000	18.875000	F#2	90	80	1	-5	-5.273430
202	18.750000	18.875000	F#3	90	80	1	-2	-5.035265
203	18.846154	19.230769	E4	90	80	0	1	-1.922714
204	18.846154	19.230769	G#4	90	80	0	2	-3.275273
205	18.846154	19.615385	C#5	90	80	0	4	-2.909306
206	18.875000	19.000000	A#3	90	80	1	-1	-2.415329
207	19.230769	19.615385	E4	90	80	0	1	-3.493957
208	19.230769	19.615385	G#4	90	80	0	2	-3.275273
209	19.500000	19.625000	B2	63	80	1	-5	-4.598096
210	19.615385	20.000000	G#4	90	80	0	2	-4.554564
211	19.625000	19.750000	B3	63	80	1	-1	-1.202832
212	20.000000	20.384615	D#4	90	80	0	1	-3.434905
213	20.000000	20.192308	F##4	90	80	0	2	-3.465862
214	20.192308	20.384615	G#4	90	80	0	3	-3.190537
215	20.250000	20.375000	A2	90	80	1	-5	-3.842215
216	20.250000	20.375000	A3	90	80	1	-1	-1.202832
217	20.375000	20.500000	B3	63	80	1	-1	-5.955167
218	20.384615	20.769231	D#4	90	80	0	1	-2.905888
219	20.384615	20.576923	A4	90	80	0	3	-5.088322
220	20.576923	20.769231	G#4	90	80	0	2	-3.151465
221	20.769231	21.153846	E5	96	80	0	5	-3.857051
222	21.000000	21.125000	G#2	90	80	1	-5	-4.510402
223	21.000000	21.125000	G#3	90	80	1	-2	-5.035265
224	21.125000	21.250000	B3	63	80	1	-1	-2.464298
225	21.153846	21.538462	E4	90	80	0	1	-1.922714
226	21.153846	21.538462	G#4	90	80	0	2	-3.275273
227	21.153846	21.923077	C#5	90	80	0	4	-2.909306
228	21.538462	21.923077	E4	90	80	0	1	-3.493957
229	21.538462	21.923077	G#4	90	80	0	2	-3.275273
230	21.750000	21.875000	F#2	90	80	1	-5	-5.753604
231	21.750000	21.875000	F#3	90	80	1	-2	-5.035265
232	21.875000	22.000000	B3	63	80	1	-1	-3.262923
233	21.923077	22.307692	G#4	90	80	0	2	-4.554564
234	22.307692	22.692308	D#4	90	80	0	1	-3.434905
235	22.307692	22.500000	F##4	90	80	0	2	-3.465862
236	22.500000	22.692308	G#4	90	80	0	3	-3.190537
237	22.500000	22.625000	E#2	90	80	1	-5	-3.781310
238	22.500000	22.625000	E#3	90	80	1	-2	-5.035265
239	22.625000	22.750000	B3	63	80	1	-1	-2.320150
240	22.692308	23.076923	D#4	90	80	0	1	-2.905888
241	22.692308	22.884615	A4	90	80	0	2	-5.302163
242	22.884615	23.076923	G#4	90	80	0	1	-4.846711
243	23.076923	23.461538	G#5	96	80	0	5	-2.242366
244	23.250000	23.375000	B2	90	80	1	-5	-2.314770
245	23.250000	23.375000	B3	90	80	1	-2	-5.035265
246	23.375000	23.500000	C#4	63	80	1	-1	-3.101885
247	23.461538	23.846154	G#4	90	80	0	1	-1.922714
248	23.461538	23.846154	C#5	90	80	0	2	-2.963617
249	23.461538	23.846154	E5	96	80	0	4	-3.580467
250	23.846154	24.230769	G#4	90	80	0	1	-3.577835
251	23.846154	24.230769	B4	90	80	0	2	-3.493146
252	23.846154	24.230769	D#5	96	80	0	4	-3.522723
253	24.000000	24.125000	A2	90	80	1	-5	-5.345987
254	24.000000	24.125000	A3	90	80	1	-2	-5.035265
255	24.125000	24.250000	C#4	63	80	1	-1	-3.194227
256	24.230769	24.615385	C#5	96	80	0	3	-2.238713
257	24.615385	25.000000	F#4	90	80	0	1	-3.310457
258	24.615385	25.000000	A#4	90	80	0	2	-2.525967
259	24.615385	25.000000	D#5	96	80	0	4	-2.909306
260	24.750000	24.875000	G#2	90	80	1	-5	-3.781310
261	24.750000	24.875000	G#3	90	80	1	-2	-5.035265
262	24.875000	25.000000	C#4	63	80	1	-1	-2.320150
263	25.000000	25.384615	F#4	90	80	0	1	-2.969918
264	25.000000	25.384615	A#4	90	80	0	2	-2.525967
265	25.000000	25.384615	E5	96	80	0	4	-5.030376
266	25.384615	26.923077	F#5	90	80	0	5	-4.070264
267	25.500000	25.625000	F##2	90	80	1	-5	-7.040401
268	25.500000	25.625000	F##3	90	80	1	-3	-5.740986
269	25.625000	25.750000	C#4	63	80	1	-1	-4.411093
270	25.769231	26.153846	F#4	90	80	0	1	-1.922714
271	25.769231	26.153846	B4	90	80	0	2	-3.465862
272	26.153846	26.538462	F#4	90	80	0	1	-3.898407
273	26.153846	26.538462	A#4	90	80	0	3	-3.473158
274	26.250000	26.375000	D#2	90	80	1	-5	-5.805721
275	26.250000	26.375000	D#3	90	80	1	-1	-1.202832
276	26.375000	26.500000	C#4	90	80	1	-2	-8.605581
277	26.375000	26.500000	D#4	90	80	1	-1	-2.578439
278	26.923077	27.307692	G#4	90	80	0	2	-2.287533
279	26.923077	27.307692	E5	90	80	0	5	-3.857051
280	27.000000	27.125000	G#2	90	80	1	-5	-4.212346
281	27.000000	27.125000	G#3	90	80	1	-1	-1.202832
282	27.125000	27.250000	B3	90	80	1	-2	-7.054853
283	27.125000	27.250000	D#4	90	80	1	-1	-3.194227
284	27.307692	27.692308	E4	90	80	0	1	-1.922714
285	27.307692	27.692308	G#4	90	80	0	2	-3.275273
286	27.307692	27.692308	C#5	96	80	0	5	-3.228870
287	27.692308	28.076923	D#4	90	80	0	1	-3.027253
288	27.692308	28.076923	F#4	90	80	0	3	-3.473158
289	27.692308	28.076923	B4	96	80	0	5	-3.340065
290	27.750000	27.875000	A#2	90	80	1	-5	-3.781310
291	27.750000	27.875000	A#3	90	80	1	-1	-1.202832
292	27.875000	28.000000	C#4	90	80	1	-2	-6.062425
293	27.875000	28.000000	D#4	90	80	1	-1	-2.578439
294	28.076923	28.461538	C#4	90	80	0	1	-3.521239
295	28.076923	28.461538	F#4	90	80	0	2	-2.963617
296	28.076923	28.461538	A#4	96	80	0	4	-2.758588
297	28.461538	28.846154	D#4	90	80	0	1	-2.857522
298	28.461538	28.846154	F#4	90	80	0	2	-2.525967
299	28.461538	28.846154	B4	96	80	0	4	-3.927704
300	28.500000	28.625000	B2	90	80	1	-5	-5.345987
301	28.500000	28.625000	B3	90	80	1	-2	-5.035265
302	28.625000	28.750000	D#4	126	80	1	-1	-3.194227
303	28.846154	29.230769	E4	90	80	0	1	-2.857522
304	28.846154	29.230769	F#4	90	80	0	2	-3.246278
305	28.846154	29.230769	C#5	90	80	0	5	-3.528229
306	29.230769	29.615385	G#4	90	80	0	2	-3.071676
307	29.230769	29.615385	E5	90	80	0	5	-3.857051
308	29.250000	29.375000	C#2	90	80	1	-5	-4.456078
309	29.250000	29.375000	C#3	90	80	1	-1	-1.202832
310	29.375000	29.500000	G#3	90	80	1	-2	-6.730551
311	29.375000	29.500000	A#3	90	80	1	-1	-2.578439
312	29.615385	30.000000	E4	90	80	0	1	-1.922714
313	29.615385	30.000000	F#4	90	80	0	2	-3.246278
314	29.615385	30.000000	D#5	96	80	0	5	-3.767315
315	30.000000	31.538462	B4	63	80	0	3	-4.396088
316	30.000000	30.125000	D#2	90	80	1	-5	-4.212346
317	30.000000	30.125000	D#3	90	80	1	-4	-4.924626
318	30.125000	30.250000	G#3	90	80	1	-2	-2.507290
319	30.125000	30.250000	B3	90	80	1	-1	-2.464298
320	30.384615	30.769231	D#4	90	80	0	1	-4.449629
321	30.384615	30.769231	F#4	90	80	0	2	-2.525967
322	30.750000	30.875000	C#2	90	80	1	-5	-5.753604
323	30.750000	30.875000	C#3	90	80	1	-1	-1.202832
324	30.769231	31.153846	D#4	90	80	0	1	-3.157580
325	30.769231	31.153846	F#4	90	80	0	2	-2.525967
326	30.875000	31.000000	F##3	90	80	1	-2	-7.937869
327	30.875000	31.000000	A#3	90	80	1	-1	-3.101885
328	31.500000	31.625000	B1	90	80	1	-5	-6.716097
329	31.500000	31.625000	B2	90	80	1	-4	-4.924626
330	31.538462	31.923077	D#4	90	80	0	1	-3.157580
331	31.538462	31.923077	F#4	90	80	0	2	-2.525967
332	31.538462	31.730769	A#4	63	80	0	4	-2.758588
333	31.625000	31.750000	G#3	127	80	1	-1	-4.244654
334	31.730769	31.923077	B4	63	80	0	5	-3.684684
335	31.923077	32.307692	D#4	90	80	0	1	-3.862851
336	31.923077	32.307692	F#4	90	80	0	2	-2.525967
337	31.923077	32.115385	C#5	63	80	0	5	-3.528229
338	32.115385	32.307692	B4	63	80	0	4	-4.503222
339	32.250000	32.375000	F##2	90	80	1	-5	-4.645128
340	32.250000	32.375000	F##3	90	80	1	-4	-4.924626
341	32.307692	32.692308	B4	63	80	0	4	-4.784491
342	32.375000	32.500000	C#4	90	80	1	-2	-5.758735
343	32.375000	32.500000	D#4	90	80	1	-1	-2.578439
344	32.692308	33.076923	E4	63	80	0	1	-2.857522
345	32.692308	32.884615	A#4	63	80	0	3	-5.112123
346	32.884615	33.076923	B4	63	80	0	4	-3.868143
347	33.000000	33.125000	G#2	90	80	1	-5	-4.212346
348	33.000000	33.125000	G#3	90	80	1	-1	-1.202832
349	33.076923	33.461538	E4	63	80	0	1	-2.857522
350	33.076923	33.269231	C#5	63	80	0	4	-4.568866
351	33.125000	33.250000	B3	90	80	1	-2	-7.054853
352	33.125000	33.250000	C#4	90	80	1	-1	-3.101885
353	33.269231	33.461538	B4	63	80	0	3	-3.914844
354	33.461538	33.846154	B4	69	80	0	4	-5.516614
355	33.750000	33.875000	A#2	90	80	1	-5	-4.233080
356	33.750000	33.875000	A#3	90	80	1	-1	-1.202832
357	33.846154	34.230769	D4	90	80	0	1	-2.969918
358	33.846154	34.230769	F#4	90	80	0	2	-3.275273
359	33.846154	34.230769	B4	90	80	0	4	-3.927704
360	33.846154	34.230769	C#5	69	80	0	5	-4.070264
361	33.875000	34.000000	C#4	90	80	1	-2	-6.062425
362	33.875000	34.000000	D#4	90	80	1	-1	-2.578439
363	34.230769	34.615385	D4	90	80	0	1	-3.885272
364	34.230769	34.615385	F#4	90	80	0	2	-3.275273
365	34.230769	34.615385	B4	90	80	0	3	-4.453766
366	34.230769	34.615385	D5	69	80	0	5	-2.681011
367	34.500000	34.625000	B2	90	80	1	-5	-5.345987
368	34.500000	34.625000	B3	90	80	1	-2	-5.035265
369	34.615385	35.000000	D5	63	80	0	5	-4.495609
370	34.625000	34.750000	D#4	127	80	1	-1	-3.194227
371	35.000000	35.384615	G#4	90	80	0	2	-4.412763
372	35.000000	35.384615	B4	90	80	0	3	-3.265372
373	35.000000	36.153846	C#5	63	80	0	5	-3.990232
374	35.250000	35.375000	C#2	90	80	1	-5	-4.456078
375	35.250000	35.375000	C#3	90	80	1	-1	-1.202832
376	35.375000	35.500000	G#3	90	80	1	-2	-6.730551
377	35.375000	35.500000	A#3	90	80	1	-1	-2.578439
378	35.384615	35.769231	G#4	90	80	0	2	-3.071676
379	35.384615	35.769231	B4	90	80	0	3	-3.265372
380	36.000000	36.125000	C##2	90	80	1	-5	-6.196562
381	36.000000	36.125000	C##3	90	80	1	-4	-4.924626
382	36.125000	36.250000	G#3	90	80	1	-2	-5.758735
383	36.125000	36.250000	A#3	90	80	1	-1	-2.578439
384	36.153846	36.538462	E#4	63	80	0	1	-2.905888
385	36.153846	36.346154	B#4	63	80	0	3	-3.751952
386	36.346154	36.538462	C#5	63	80	0	4	-4.152325
387	36.538462	36.923077	E#4	63	80	0	1	-3.549056
388	36.538462	36.730769	D#5	63	80	0	4	-4.568866
389	36.730769	36.923077	C#5	63	80	0	3	-2.238713
390	36.750000	36.875000	D#2	90	80	1	-5	-4.212346
391	36.750000	36.875000	D#3	90	80	1	-4	-4.924626
392	36.875000	37.000000	G#3	90	80	1	-2	-2.507290
393	36.875000	37.000000	B3	90	80	1	-1	-2.464298
394	36.923077	37.307692	C#5	63	80	0	3	-4.378151
395	37.307692	37.692308	F#4	63	80	0	1	-3.310457
396	37.307692	37.500000	B#4	63	80	0	2	-5.302163
397	37.500000	37.692308	C#5	63	80	0	3	-3.190537
398	37.500000	37.625000	C##2	90	80	1	-5	-5.860818
399	37.500000	37.625000	C##3	90	80	1	-4	-4.924626
400	37.625000	37.750000	G#3	90	80	1	-2	-5.758735
401	37.625000	37.750000	A#3	90	80	1	-1	-2.578439
402	37.692308	38.076923	F#4	63	80	0	1	-3.310457
403	37.692308	37.884615	D#5	63	80	0	5	-3.707830
404	37.884615	38.076923	C#5	63	80	0	4	-2.814339
405	38.076923	38.461538	C#5	69	80	0	4	-4.784491
406	38.250000	38.375000	D#2	90	80	1	-5	-4.212346
407	38.250000	38.375000	D#3	90	80	1	-4	-4.924626
408	38.375000	38.500000	G#3	90	80	1	-2	-2.507290
409	38.375000	38.500000	B3	90	80	1	-1	-2.464298
410	38.461538	38.846154	E4	90	80	0	1	-3.493957
411	38.461538	38.846154	G#4	90	80	0	2	-3.275273
412	38.461538	38.846154	C#5	90	80	0	4	-2.909306
413	38.461538	38.846154	D#5	69	80	0	5	-2.706622
414	38.846154	39.230769	E4	90	80	0	1	-3.885272
415	38.846154	39.230769	G#4	90	80	0	2	-3.275273
416	38.846154	39.230769	C#5	90	80	0	4	-2.909306
417	38.846154	39.230769	E5	69	80	0	5	-3.871087
418	39.000000	39.125000	C##2	90	80	1	-5	-5.860818
419	39.000000	39.125000	C##3	90	80	1	-4	-4.924626
420	39.125000	39.250000	G#3	90	80	1	-2	-5.758735
421	39.125000	39.250000	A#3	90	80	1	-1	-2.578439
422	39.230769	39.615385	E5	63	80	0	5	-4.495609
423	39.615385	40.000000	A#4	90	80	0	2	-4.412763
424	39.615385	40.000000	C#5	90	80	0	4	-2.758588
425	39.615385	40.769231	D#5	63	80	0	5	-2.706622
426	39.750000	39.875000	C##2	90	80	1	-5	-6.196562
427	39.750000	39.875000	C##3	90	80	1	-4	-4.924626
428	39.875000	40.000000	G#3	90	80	1	-2	-5.758735
429	39.875000	40.000000	A#3	90	80	1	-1	-2.578439
430	40.000000	40.384615	A#4	90	80	0	2	-3.071676
431	40.000000	40.384615	C#5	90	80	0	4	-2.758588
432	40.500000	40.625000	D#2	90	80	1	-5	-4.212346
433	40.500000	40.625000	D#3	90	80	1	-4	-4.924626
434	40.625000	40.750000	G#3	90	80	1	-2	-2.507290
435	40.625000	40.750000	B3	90	80	1	-1	-2.464298
436	40.769231	41.153846	F##4	126	80	0	1	-3.845468
437	40.769231	40.961538	C##5	126	80	0	3	-3.751952
438	40.961538	41.153846	D#5	126	80	0	4	-4.152325
439	41.153846	41.538462	F##4	126	80	0	1	-3.549056
440	41.153846	41.346154	E5	126	80	0	3	-4.659051
441	41.250000	41.375000	D#2	90	80	1	-5	-6.587391
442	41.250000	41.375000	D#3	90	80	1	-4	-4.924626
443	41.346154	41.538462	D#5	126	80	0	2	-3.151465
444	41.375000	41.500000	G#3	90	80	1	-2	-2.507290
445	41.375000	41.500000	B3	90	80	1	-1	-2.464298
446	41.538462	41.923077	B5	127	80	0	5	-3.857051
447	41.923077	42.307692	B4	90	80	0	1	-1.922714
448	41.923077	42.307692	D#5	90	80	0	2	-3.275273
449	41.923077	42.307692	A#5	127	80	0	5	-3.528229
450	42.000000	42.125000	D#2	90	80	1	-5	-6.587391
451	42.000000	42.125000	D#3	90	80	1	-1	-1.202832
452	42.125000	42.250000	A3	90	80	1	-2	-7.937869
453	42.125000	42.250000	B3	90	80	1	-1	-2.578439
454	42.307692	42.692308	B4	90	80	0	1	-3.885272
455	42.307692	42.692308	D#5	90	80	0	2	-3.275273
456	42.307692	42.692308	G#5	127	80	0	4	-2.909306
457	42.692308	43.076923	F##5	126	80	0	5	-6.305746
458	43.076923	43.461538	F##4	90	80	0	1	-1.922714
459	43.076923	43.461538	C#5	90	80	0	2	-5.017340
460	43.076923	43.461538	E5	126	80	0	4	-3.580467
461	43.461538	43.846154	F##4	90	80	0	1	-2.969918
462	43.461538	43.846154	C#5	90	80	0	2	-5.017340
463	43.461538	43.846154	D#5	127	80	0	3	-2.675961
464	43.846154	44.230769	G#5	126	80	0	5	-3.128600
465	44.230769	44.615385	G#4	90	80	0	1	-1.922714
466	44.230769	44.615385	B4	90	80	0	2	-3.493146
467	44.230769	44.615385	E5	126	80	0	5	-3.228870
468	44.250000	45.000000	B3	90	80	1	-5	-4.801795
469	44.250000	45.000000	D#4	90	80	1	-3	-3.351805
470	44.250000	45.000000	F#4	90	80	1	-2	-3.046717
471	44.250000	45.000000	A4	90	80	1	-1	-2.464298
472	44.615385	45.000000	G#4	90	80	0	2	-3.763668
473	44.615385	45.000000	B4	90	80	0	3	-3.265372
474	44.615385	45.000000	D#5	127	80	0	5	-3.549127
475	45.000000	45.384615	C#5	127	80	0	4	-2.814339
476	45.000000	45.125000	E2	90	80	1	-5	-4.456078
477	45.000000	45.125000	E3	90	80	1	-1	-1.202832
478	45.125000	45.250000	G#3	90	80	1	-2	-5.718611
479	45.125000	45.250000	B3	90	80	1	-1	-2.464298
480	45.384615	45.769231	E4	90	80	0	1	-3.493957
481	45.384615	45.769231	G#4	90	80	0	2	-3.275273
482	45.384615	45.769231	B4	127	80	0	4	-3.580467
483	45.500000	45.750000	E2	90	80	1	-5	-4.212346
484	45.500000	45.750000	E3	90	80	1	-1	-1.202832
485	45.750000	45.875000	E2	90	80	1	-5	-2.314770
486	45.750000	45.875000	E3	90	80	1	-1	-1.202832
487	45.769231	46.153846	E4	90	80	0	1	-2.857522
488	45.769231	46.153846	G#4	90	80	0	2	-3.275273
489	45.769231	46.153846	A#4	127	80	0	3	-2.675961
490	45.875000	46.000000	G3	90	80	1	-2	-6.062425
491	45.875000	46.000000	A#3	90	80	1	-1	-3.101885
492	46.153846	46.538462	G#4	126	80	0	2	-2.287533
493	46.250000	46.500000	E2	90	80	1	-5	-7.040401
494	46.250000	46.500000	E3	90	80	1	-1	-1.202832
495	46.500000	46.625000	E2	90	80	1	-5	-2.314770
496	46.500000	46.625000	E3	90	80	1	-1	-1.202832
497	46.538462	46.923077	D#4	126	80	0	1	-3.434905
498	46.538462	46.923077	F##4	126	80	0	2	-3.465862
499	46.625000	46.750000	G#3	90	80	1	-2	-5.718611
500	46.625000	46.750000	B3	90	80	1	-1	-2.464298
501	46.923077	47.307692	D#4	126	80	0	1	-3.898407
502	46.923077	47.307692	G#4	127	80	0	2	-2.963617
503	47.000000	47.250000	E2	90	80	1	-5	-4.212346
504	47.000000	47.250000	E3	90	80	1	-1	-1.202832
505	47.250000	47.375000	B#1	90	80	1	-5	-4.233080
506	47.250000	47.375000	B#2	90	80	1	-4	-4.924626
507	47.307692	47.692308	A#4	127	80	0	3	-2.675961
508	47.375000	47.500000	F#3	90	80	1	-2	-5.758735
509	47.375000	47.500000	G#3	90	80	1	-1	-2.578439
510	47.692308	48.076923	D#4	90	80	0	1	-3.310457
511	47.692308	48.076923	F##4	90	80	0	2	-3.465862
512	47.692308	48.076923	B4	127	80	0	4	-2.758588
513	47.750000	48.000000	B#1	90	80	1	-5	-6.196562
514	47.750000	48.000000	B#2	90	80	1	-1	-1.202832
515	48.000000	48.125000	C#2	90	80	1	-5	-4.582913
516	48.000000	48.125000	C#3	90	80	1	-1	-1.202832
517	48.076923	48.461538	D#4	90	80	0	1	-3.577835
518	48.076923	48.461538	F##4	90	80	0	2	-3.465862
519	48.076923	48.461538	C#5	127	80	0	4	-5.307691
520	48.125000	48.250000	E3	90	80	1	-2	-7.054853
521	48.125000	48.250000	G#3	90	80	1	-1	-3.194227
522	48.461538	49.615385	D#5	127	80	0	5	-2.706622
523	48.500000	48.750000	C#2	90	80	1	-5	-4.212346
524	48.500000	48.750000	C#3	90	80	1	-1	-1.202832
525	48.750000	48.875000	E2	90	80	1	-5	-4.087479
526	48.750000	48.875000	E3	90	80	1	-2	-5.035265
527	48.846154	49.230769	D#4	90	80	0	1	-1.922714
528	48.846154	49.230769	G#4	90	80	0	2	-2.963617
529	48.846154	49.230769	B4	90	80	0	4	-3.580467
530	48.875000	49.000000	F#3	99	80	1	-1	-3.101885
531	49.230769	49.615385	D#4	90	80	0	1	-3.577835
532	49.230769	49.615385	G#4	90	80	0	2	-2.963617
533	49.230769	49.615385	B4	90	80	0	3	-3.265372
534	49.250000	49.500000	E2	90	80	1	-5	-5.012184
535	49.250000	49.500000	E3	90	80	1	-1	-1.202832
536	49.500000	49.625000	D#2	90	80	1	-5	-4.553252
537	49.500000	49.625000	D#3	90	80	1	-1	-1.202832
538	49.615385	50.000000	D#5	127	80	0	5	-3.549127
539	49.625000	49.750000	A3	90	80	1	-2	-7.937869
540	49.625000	49.750000	B3	90	80	1	-1	-2.578439
541	50.000000	50.384615	A#4	127	80	0	1	-4.713462
542	50.000000	50.192308	C##5	127	80	0	2	-3.465862
543	50.000000	50.250000	D#2	90	80	1	-5	-6.587391
544	50.000000	50.250000	D#3	90	80	1	-1	-1.202832
545	50.192308	50.384615	D#5	127	80	0	3	-3.190537
546	50.250000	50.375000	A2	90	80	1	-5	-6.473863
547	50.250000	50.375000	A3	90	80	1	-1	-1.202832
548	50.375000	50.500000	B3	99	80	1	-1	-5.955167
549	50.384615	50.769231	A#4	127	80	0	1	-2.905888
550	50.384615	50.576923	E5	127	80	0	2	-5.302163
551	50.576923	50.769231	D#5	127	80	0	1	-4.846711
552	50.750000	51.000000	A2	90	80	1	-5	-3.842215
553	50.750000	51.000000	A3	90	80	1	-1	-1.202832
554	50.769231	51.153846	D#6	127	80	0	5	-2.242366
555	51.000000	51.125000	G#2	90	80	1	-5	-4.553252
556	51.000000	51.125000	G#3	90	80	1	-2	-5.035265
557	51.125000	51.250000	B3	99	80	1	-1	-2.464298
558	51.153846	51.538462	B4	90	80	0	1	-5.695314
559	51.153846	51.538462	D#5	90	80	0	2	-3.275273
560	51.153846	51.538462	B5	127	80	0	5	-3.857051
561	51.500000	51.750000	G#2	90	80	1	-5	-4.510402
562	51.500000	51.750000	G#3	90	80	1	-1	-1.202832
563	51.538462	51.923077	B4	90	80	0	1	-1.922714
564	51.538462	51.923077	D#5	90	80	0	2	-3.275273
565	51.538462	51.923077	G#5	127	80	0	4	-2.909306
566	51.750000	51.875000	A2	90	80	1	-5	-4.598096
567	51.750000	51.875000	A3	90	80	1	-2	-5.035265
568	51.875000	52.000000	C#4	99	80	1	-1	-3.194227
569	51.923077	52.307692	F##5	127	80	0	5	-6.305746
570	52.250000	52.500000	F##2	90	80	1	-5	-7.040401
571	52.250000	52.500000	F##3	90	80	1	-1	-1.202832
572	52.307692	52.692308	F##4	90	80	0	1	-1.922714
573	52.307692	52.692308	C#5	90	80	0	2	-5.017340
574	52.307692	52.692308	E5	127	80	0	4	-3.580467
575	52.500000	52.625000	G#2	90	80	1	-5	-4.582913
576	52.500000	52.625000	G#3	90	80	1	-2	-5.035265
577	52.625000	52.750000	B3	99	80	1	-1	-2.464298
578	52.692308	53.076923	F##4	90	80	0	1	-2.969918
579	52.692308	53.076923	C#5	90	80	0	2	-5.017340
580	52.692308	53.076923	D#5	127	80	0	3	-2.675961
581	53.000000	53.250000	G#2	90	80	1	-5	-4.510402
582	53.000000	53.250000	G#3	90	80	1	-1	-1.202832
583	53.076923	53.461538	G#5	127	80	0	5	-3.128600
584	53.250000	53.375000	A2	90	80	1	-5	-4.598096
585	53.250000	53.375000	A3	90	80	1	-2	-5.035265
586	53.375000	53.500000	C#4	99	80	1	-1	-3.194227
587	53.461538	53.846154	G#4	90	80	0	1	-1.922714
588	53.461538	53.846154	B4	90	80	0	2	-3.493146
589	53.461538	53.846154	E5	127	80	0	5	-3.228870
590	53.750000	54.000000	F##2	90	80	1	-5	-7.040401
591	53.750000	54.000000	F##3	90	80	1	-1	-1.202832
592	53.846154	54.230769	G#4	90	80	0	2	-3.763668
593	53.846154	54.230769	B4	90	80	0	3	-3.265372
594	53.846154	54.230769	D#5	127	80	0	5	-3.549127
595	54.000000	54.125000	G#2	90	80	1	-5	-4.582913
596	54.000000	54.125000	G#3	90	80	1	-2	-5.035265
597	54.125000	54.250000	B3	99	80	1	-1	-2.464298
598	54.230769	54.615385	C#5	127	80	0	4	-2.814339
599	54.500000	54.750000	G#2	90	80	1	-5	-4.510402
600	54.500000	54.750000	G#3	90	80	1	-1	-1.202832
601	54.615385	55.000000	E4	90	80	0	1	-3.493957
602	54.615385	55.000000	G#4	90	80	0	2	-3.275273
603	54.615385	55.000000	B4	127	80	0	4	-3.580467
604	54.750000	54.875000	A2	90	80	1	-5	-4.598096
605	54.750000	54.875000	A3	90	80	1	-1	-1.202832
606	54.875000	55.000000	C#4	90	80	1	-2	-5.718611
607	54.875000	55.000000	F#4	90	80	1	-1	-2.320150
608	55.000000	55.384615	E4	90	80	0	1	-2.857522
609	55.000000	55.384615	G#4	90	80	0	2	-3.275273
610	55.000000	55.384615	A#4	127	80	0	3	-2.675961
611	55.250000	55.500000	A2	90	80	1	-5	-6.473863
612	55.250000	55.500000	A3	90	80	1	-1	-1.202832
613	55.384615	56.538462	A#4	127	80	0	3	-4.378151
614	55.500000	55.625000	B2	90	80	1	-5	-3.181034
615	55.500000	55.625000	B3	90	80	1	-2	-5.035265
616	55.625000	55.750000	E4	126	80	1	-1	-2.320150
617	55.769231	56.153846	E#4	90	80	0	1	-3.996553
618	55.769231	56.153846	G#4	90	80	0	2	-3.246278
619	56.000000	56.250000	B2	90	80	1	-5	-3.781310
620	56.000000	56.250000	B3	90	80	1	-1	-1.202832
621	56.153846	56.538462	E#4	90	80	0	1	-3.360143
622	56.153846	56.538462	G#4	90	80	0	2	-3.246278
623	56.250000	56.375000	A2	90	80	1	-5	-3.842215
624	56.250000	56.375000	A3	90	80	1	-1	-1.202832
625	56.375000	56.500000	B3	126	80	1	-1	-5.955167
626	56.538462	56.923077	D#5	63	80	0	5	-3.528229
627	56.750000	57.000000	A2	90	80	1	-5	-3.842215
628	56.750000	57.000000	A3	90	80	1	-1	-1.202832
629	56.923077	57.307692	D#4	90	80	0	1	-1.922714
630	56.923077	57.307692	G#4	90	80	0	2	-2.963617
631	56.923077	57.307692	B4	63	80	0	4	-3.580467
632	57.000000	57.125000	G#2	90	80	1	-5	-4.553252
633	57.000000	57.125000	G#3	90	80	1	-2	-5.035265
634	57.125000	57.250000	B3	126	80	1	-1	-2.464298
635	57.307692	57.692308	D#4	63	80	0	1	-3.577835
636	57.307692	57.692308	G#4	69	80	0	2	-2.963617
637	57.500000	57.750000	E2	90	80	1	-5	-4.212346
638	57.500000	57.750000	E3	90	80	1	-1	-1.202832
639	57.692308	58.846154	A#4	126	80	0	3	-2.675961
640	57.750000	57.875000	A2	90	80	1	-5	-3.242781
641	57.750000	57.875000	A3	90	80	1	-2	-5.035265
642	57.875000	58.000000	C#4	126	80	1	-1	-3.194227
643	58.076923	58.461538	E#4	90	80	0	1	-3.996553
644	58.076923	58.461538	G#4	90	80	0	2	-3.246278
645	58.250000	58.500000	F##2	90	80	1	-5	-7.040401
646	58.250000	58.500000	F##3	90	80	1	-1	-1.202832
647	58.461538	58.846154	E#4	90	80	0	1	-3.360143
648	58.461538	58.846154	G#4	90	80	0	2	-3.246278
649	58.500000	58.625000	G#2	90	80	1	-5	-4.582913
650	58.500000	58.625000	G#3	90	80	1	-2	-5.035265
651	58.625000	58.750000	B3	126	80	1	-1	-2.464298
652	58.846154	59.230769	D#5	63	80	0	5	-3.528229
653	59.000000	59.250000	G#2	90	80	1	-5	-4.510402
654	59.000000	59.250000	G#3	90	80	1	-1	-1.202832
655	59.230769	59.615385	D#4	90	80	0	1	-1.922714
656	59.230769	59.615385	G#4	90	80	0	2	-2.963617
657	59.230769	59.615385	B4	63	80	0	4	-3.580467
658	59.250000	59.375000	A2	90	80	1	-5	-4.598096
659	59.250000	59.375000	A3	90	80	1	-2	-5.035265
660	59.375000	59.500000	C#4	126	80	1	-1	-3.194227
661	59.615385	60.000000	D#4	63	80	0	1	-3.577835
662	59.615385	60.000000	G#4	69	80	0	2	-2.963617
663	59.750000	60.000000	F##2	90	80	1	-5	-7.040401
664	59.750000	60.000000	F##3	90	80	1	-1	-1.202832
665	60.000000	62.307692	A#4	126	80	0	3	-2.675961
666	60.000000	60.125000	G#2	90	80	1	-5	-4.582913
667	60.000000	60.125000	G#3	90	80	1	-2	-5.035265
668	60.125000	60.250000	B3	126	80	1	-1	-2.464298
669	60.384615	60.769231	E#4	90	80	0	1	-3.996553
670	60.384615	60.769231	G#4	90	80	0	2	-3.246278
671	60.500000	60.750000	G#2	90	80	1	-5	-4.510402
672	60.500000	60.750000	G#3	90	80	1	-1	-1.202832
673	60.750000	60.875000	A2	90	80	1	-5	-4.598096
674	60.750000	60.875000	A3	90	80	1	-1	-1.202832
675	60.769231	61.153846	E#4	90	80	0	1	-3.360143
676	60.769231	61.153846	G#4	90	80	0	2	-3.246278
677	60.875000	61.000000	C#4	90	80	1	-2	-5.718611
678	60.875000	61.000000	F#4	90	80	1	-1	-2.320150
679	61.250000	61.500000	A2	90	80	1	-5	-6.473863
680	61.250000	61.500000	A3	90	80	1	-1	-1.202832
681	61.500000	61.625000	B2	90	80	1	-5	-3.181034
682	61.500000	61.625000	B3	90	80	1	-2	-5.035265
683	61.538462	61.923077	E#4	90	80	0	1	-3.360143
684	61.538462	61.923077	G#4	90	80	0	2	-3.246278
685	61.625000	61.750000	E4	126	80	1	-1	-2.320150
686	61.923077	62.307692	E#4	90	80	0	1	-3.360143
687	61.923077	62.307692	G#4	90	80	0	2	-3.246278
688	62.000000	62.250000	B2	90	80	1	-5	-3.781310
689	62.000000	62.250000	B3	90	80	1	-1	-1.202832
690	62.250000	62.375000	B2	90	80	1	-5	-2.314770
691	62.250000	62.375000	B3	90	80	1	-2	-5.035265
692	62.307692	64.615385	B4	127	80	0	4	-3.580467
693	62.375000	62.500000	C#4	127	80	1	-1	-3.101885
694	62.692308	63.076923	D#4	90	80	0	1	-3.577835
695	62.692308	63.076923	G#4	90	80	0	3	-3.401091
696	62.750000	63.000000	B2	90	80	1	-5	-5.012184
697	62.750000	63.000000	B3	90	80	1	-1	-1.202832
698	63.000000	63.125000	B2	90	80	1	-5	-2.314770
699	63.000000	63.125000	B3	90	80	1	-2	-5.035265
700	63.076923	63.461538	D#4	90	80	0	1	-2.905888
701	63.076923	63.461538	G#4	90	80	0	3	-3.401091
702	63.125000	63.250000	C#4	127	80	1	-1	-3.101885
703	63.500000	63.750000	B2	90	80	1	-5	-5.012184
704	63.500000	63.750000	B3	90	80	1	-1	-1.202832
705	63.750000	63.875000	B2	90	80	1	-5	-2.314770
706	63.750000	63.875000	B3	90	80	1	-2	-5.035265
707	63.846154	64.230769	D#4	90	80	0	1	-2.905888
708	63.846154	64.230769	G#4	90	80	0	3	-3.401091
709	63.875000	64.000000	D#4	127	80	1	-1	-3.194227
710	64.230769	64.615385	D#4	90	80	0	1	-2.905888
711	64.230769	64.615385	G#4	90	80	0	2	-2.963617
712	64.250000	64.500000	B2	90	80	1	-5	-5.345987
713	64.250000	64.500000	B3	90	80	1	-1	-1.202832
714	64.500000	64.625000	B2	90	80	1	-5	-2.314770
715	64.500000	64.625000	B3	90	80	1	-2	-5.035265
716	64.615385	65.384615	B4	63	80	0	3	-3.265372
717	64.625000	64.750000	D#4	127	80	1	-1	-3.194227
718	65.000000	65.384615	F#4	90	80	0	1	-4.375439
719	65.000000	65.384615	A4	90	80	0	2	-3.493146
720	65.000000	65.250000	B2	90	80	1	-5	-5.345987
721	65.000000	65.250000	B3	90	80	1	-1	-1.202832
722	65.250000	65.375000	B2	90	80	1	-5	-2.314770
723	65.250000	65.375000	B3	90	80	1	-2	-5.035265
724	65.375000	65.500000	E4	127	80	1	-1	-2.320150
725	65.384615	65.576923	A#4	63	80	0	3	-3.190537
726	65.576923	65.769231	B4	63	80	0	1	-4.595018
727	65.750000	66.000000	B2	90	80	1	-5	-3.781310
728	65.750000	66.000000	B3	90	80	1	-1	-1.202832
729	65.769231	65.961538	C#5	63	80	0	2	-3.246278
730	65.961538	66.153846	B4	63	80	0	1	-3.360143
731	66.000000	66.125000	B2	90	80	1	-5	-2.314770
732	66.000000	66.125000	B3	90	80	1	-2	-5.035265
733	66.125000	66.250000	D#4	127	80	1	-1	-3.194227
734	66.153846	66.346154	C#5	63	80	0	2	-3.246278
735	66.346154	66.538462	B4	63	80	0	1	-3.360143
736	66.500000	66.750000	B2	127	80	1	-5	-5.345987
737	66.538462	66.730769	C#5	63	80	0	2	-3.246278
738	66.730769	66.923077	B4	63	80	0	1	-3.360143
739	66.750000	66.875000	B2	127	80	1	-5	-4.242005
740	66.875000	67.000000	A3	90	80	1	-2	-5.277521
741	66.875000	67.000000	B3	90	80	1	-1	-2.578439
742	66.923077	67.115385	C#5	63	80	0	2	-3.246278
743	67.115385	67.307692	B4	63	80	0	1	-3.360143
744	67.250000	67.500000	B2	127	80	1	-5	-2.314770
745	67.307692	67.500000	C#5	63	80	0	2	-3.246278
746	67.500000	67.692308	B4	63	80	0	1	-3.360143
747	67.500000	67.625000	E2	90	80	1	-5	-6.147898
748	67.500000	67.625000	E3	90	80	1	-1	-1.202832
749	67.625000	67.750000	G#3	90	80	1	-2	-5.718611
750	67.625000	67.750000	B3	90	80	1	-1	-2.464298
751	67.692308	67.884615	C#5	63	80	0	2	-3.246278
752	67.884615	68.076923	B4	63	80	0	1	-3.360143
753	68.000000	68.250000	E2	90	80	1	-5	-4.212346
754	68.000000	68.250000	E3	90	80	1	-1	-1.202832
755	68.076923	68.269231	C#5	45	80	0	2	-3.246278
756	68.250000	68.375000	E2	90	80	1	-5	-2.314770
757	68.250000	68.375000	E3	90	80	1	-2	-5.035265
758	68.269231	68.461538	B4	45	80	0	1	-3.360143
759	68.375000	68.500000	G#3	63	80	1	-1	-3.194227
760	68.461538	68.653846	A#4	45	80	0	2	-4.284147
761	68.653846	68.846154	B4	45	80	0	1	-4.072488
762	68.750000	69.000000	E2	90	80	1	-5	-5.345987
763	68.750000	69.000000	E3	90	80	1	-1	-1.202832
764	68.846154	69.038462	C#5	45	80	0	2	-3.246278
765	69.000000	69.125000	E2	90	80	1	-5	-2.314770
766	69.000000	69.125000	E3	90	80	1	-1	-1.202832
767	69.038462	69.230769	B4	45	80	0	1	-3.360143
768	69.125000	69.250000	F#3	90	80	1	-2	-5.583884
769	69.125000	69.250000	A#3	90	80	1	-1	-2.415329
770	69.230769	69.615385	G#5	105	80	0	5	-4.874096
771	69.500000	69.750000	E2	90	80	1	-5	-7.040401
772	69.500000	69.750000	E3	90	80	1	-1	-1.202832
773	69.615385	70.000000	E4	90	80	0	1	-5.695314
774	69.615385	70.000000	G#4	90	80	0	2	-3.275273
775	69.615385	70.000000	E5	105	80	0	5	-3.857051
776	69.750000	69.875000	E2	90	80	1	-5	-2.314770
777	69.750000	69.875000	F#3	90	80	1	-3	-8.212705
778	69.875000	70.000000	A3	90	80	1	-2	-2.872099
779	69.875000	70.000000	B3	90	80	1	-1	-2.578439
780	70.000000	70.384615	E4	90	80	0	1	-1.922714
781	70.000000	70.384615	G#4	90	80	0	2	-3.275273
782	70.000000	70.384615	D#5	105	80	0	5	-3.528229
783	70.250000	70.500000	E2	90	80	1	-5	-4.212346
784	70.250000	70.500000	E3	90	80	1	-1	-1.202832
785	70.384615	70.769231	C#5	105	80	0	4	-2.814339
786	70.500000	70.625000	E2	90	80	1	-5	-2.314770
787	70.500000	70.625000	E3	90	80	1	-1	-1.202832
788	70.625000	70.750000	B3	90	80	1	-2	-6.730551
789	70.625000	70.750000	D4	90	80	1	-1	-2.415329
790	70.769231	71.153846	E4	90	80	0	1	-3.493957
791	70.769231	71.153846	G4	90	80	0	2	-2.525967
792	70.769231	71.153846	A#4	90	80	0	3	-3.409656
793	70.769231	71.153846	D#5	105	80	0	5	-3.128600
794	71.000000	71.250000	E2	90	80	1	-5	-5.805721
795	71.000000	71.250000	E3	90	80	1	-1	-1.202832
796	71.153846	71.538462	E4	90	80	0	1	-3.885272
797	71.153846	71.538462	G4	90	80	0	2	-2.525967
798	71.153846	71.538462	A#4	90	80	0	3	-3.409656
799	71.153846	71.538462	E5	105	80	0	5	-5.682377
800	71.250000	71.375000	E2	90	80	1	-5	-2.314770
801	71.250000	71.375000	E3	90	80	1	-4	-4.924626
802	71.375000	71.500000	A3	90	80	1	-2	-2.507290
803	71.375000	71.500000	C#4	90	80	1	-1	-3.194227
804	71.538462	72.692308	B4	99	80	0	3	-3.854029
805	71.750000	72.000000	E2	90	80	1	-5	-6.473863
806	71.750000	72.000000	E3	90	80	1	-1	-1.202832
807	71.923077	72.307692	E4	90	80	0	1	-3.310457
808	71.923077	72.307692	G#4	90	80	0	2	-3.275273
809	72.000000	72.125000	E2	90	80	1	-5	-2.314770
810	72.000000	72.125000	F#3	90	80	1	-3	-8.212705
811	72.125000	72.250000	A3	90	80	1	-2	-2.872099
812	72.125000	72.250000	B3	90	80	1	-1	-2.578439
813	72.307692	72.692308	E4	90	80	0	1	-4.134704
814	72.307692	72.692308	G#4	90	80	0	2	-3.275273
815	72.500000	72.750000	E2	90	80	1	-5	-4.212346
816	72.500000	72.750000	E3	90	80	1	-1	-1.202832
817	72.692308	73.076923	G#4	99	80	0	2	-4.554564
818	72.750000	72.875000	E2	90	80	1	-5	-2.314770
819	72.750000	72.875000	F#3	90	80	1	-3	-8.212705
820	72.875000	73.000000	A3	90	80	1	-2	-2.872099
821	72.875000	73.000000	B3	90	80	1	-1	-2.578439
822	73.076923	73.461538	D#4	99	80	0	1	-3.434905
823	73.076923	73.269231	F##4	99	80	0	2	-3.465862
824	73.250000	73.500000	E2	90	80	1	-5	-4.212346
825	73.250000	73.500000	E3	90	80	1	-1	-1.202832
826	73.269231	73.461538	G#4	99	80	0	3	-3.190537
827	73.461538	73.846154	D#4	99	80	0	1	-2.905888
828	73.461538	73.653846	A4	99	80	0	3	-5.088322
829	73.500000	73.625000	E2	90	80	1	-5	-2.314770
830	73.500000	73.625000	E3	90	80	1	-1	-1.202832
831	73.625000	73.750000	G#3	90	80	1	-2	-5.718611
832	73.625000	73.750000	B3	90	80	1	-1	-2.464298
833	73.653846	73.846154	G#4	99	80	0	2	-3.151465
834	73.846154	74.230769	E5	105	80	0	5	-3.857051
835	74.000000	74.250000	E2	90	80	1	-5	-4.212346
836	74.000000	74.250000	E3	90	80	1	-1	-1.202832
837	74.230769	74.615385	E4	90	80	0	1	-1.922714
838	74.230769	74.615385	G#4	90	80	0	2	-3.275273
839	74.230769	74.615385	C#5	105	80	0	4	-2.909306
840	74.250000	74.500000	D#2	90	80	1	-5	-4.553252
841	74.250000	74.500000	D#3	90	80	1	-1	-1.202832
842	74.615385	75.000000	E4	90	80	0	1	-3.493957
843	74.615385	75.000000	G#4	90	80	0	3	-3.998423
844	74.615385	75.000000	B4	105	80	0	5	-3.635747
845	75.000000	75.384615	A#4	105	80	0	4	-3.640665
846	75.000000	75.125000	E2	90	80	1	-5	-4.598096
847	75.000000	75.125000	E3	90	80	1	-1	-1.202832
848	75.125000	75.250000	G#3	90	80	1	-2	-5.718611
849	75.125000	75.250000	B3	90	80	1	-1	-2.464298
850	75.384615	75.769231	A#3	90	80	0	1	-3.627794
851	75.384615	75.769231	C#4	90	80	0	2	-2.525967
852	75.384615	75.769231	G#4	105	80	0	5	-3.528229
853	75.500000	75.750000	E2	90	80	1	-5	-4.212346
854	75.500000	75.750000	E3	90	80	1	-1	-1.202832
855	75.750000	76.000000	D#2	90	80	1	-5	-4.553252
856	75.750000	76.000000	D#3	90	80	1	-1	-1.202832
857	75.769231	76.153846	A#3	90	80	0	1	-3.027253
858	75.769231	76.153846	C#4	90	80	0	2	-2.525967
859	75.769231	76.153846	F#4	105	80	0	4	-2.909306
860	76.153846	77.307692	F#5	99	80	0	5	-7.364487
861	76.500000	76.625000	E2	90	80	1	-5	-4.598096
862	76.500000	76.625000	E3	90	80	1	-1	-1.202832
863	76.538462	76.923077	F#4	90	80	0	1	-1.922714
864	76.538462	76.923077	A4	90	80	0	2	-3.493146
865	76.625000	76.750000	G#3	90	80	1	-2	-5.718611
866	76.625000	76.750000	B3	90	80	1	-1	-2.464298
867	76.923077	77.307692	F#4	90	80	0	1	-3.967913
868	76.923077	77.307692	A4	90	80	0	2	-3.493146
869	77.000000	77.250000	E2	90	80	1	-5	-4.212346
870	77.000000	77.250000	E3	90	80	1	-1	-1.202832
871	77.250000	77.500000	D#2	90	80	1	-5	-4.553252
872	77.250000	77.500000	D#3	90	80	1	-1	-1.202832
873	77.307692	77.692308	B4	99	80	0	3	-2.675961
874	77.692308	78.076923	D#4	90	80	0	1	-4.449629
875	77.692308	78.076923	F#4	90	80	0	2	-2.525967
876	77.692308	77.884615	A#4	99	80	0	4	-2.758588
877	77.884615	78.076923	B4	99	80	0	5	-3.684684
878	78.000000	78.125000	E2	90	80	1	-5	-4.598096
879	78.000000	78.125000	E3	90	80	1	-1	-1.202832
880	78.076923	78.461538	D#4	90	80	0	1	-3.862851
881	78.076923	78.461538	F#4	90	80	0	2	-2.525967
882	78.076923	78.269231	C#5	99	80	0	5	-3.528229
883	78.125000	78.250000	G#3	90	80	1	-2	-5.718611
884	78.125000	78.250000	B3	90	80	1	-1	-2.464298
885	78.269231	78.461538	B4	99	80	0	4	-4.503222
886	78.461538	78.846154	B4	99	80	0	4	-4.784491
887	78.750000	78.875000	E2	90	80	1	-5	-4.212346
888	78.750000	78.875000	E3	90	80	1	-1	-1.202832
889	78.846154	79.230769	E4	99	80	0	1	-2.857522
890	78.846154	79.230769	E5	99	80	0	5	-2.242366
891	78.875000	79.000000	G#3	90	80	1	-2	-5.718611
892	78.875000	79.000000	B3	90	80	1	-1	-2.464298
893	79.230769	79.615385	B#3	90	80	0	1	-4.340619
894	79.230769	79.615385	E4	90	80	0	2	-2.525967
895	79.230769	79.615385	B#4	99	80	0	5	-3.767315
896	79.500000	79.625000	E2	90	80	1	-5	-4.212346
897	79.500000	79.625000	E3	90	80	1	-1	-1.202832
898	79.615385	80.000000	C#5	99	80	0	4	-6.663095
899	79.625000	79.750000	G#3	90	80	1	-2	-5.718611
900	79.625000	79.750000	B3	90	80	1	-1	-2.464298
901	80.000000	80.384615	E4	99	80	0	1	-3.493957
902	80.000000	80.384615	E5	99	80	0	5	-2.242366
903	80.384615	80.769231	A#3	90	80	0	1	-7.499323
904	80.384615	80.769231	E4	90	80	0	2	-5.302163
905	80.384615	80.769231	A#4	99	80	0	4	-5.307691
906	80.769231	81.153846	B4	99	80	0	5	-3.684684
907	81.153846	81.538462	E4	99	80	0	1	-3.425130
908	81.153846	81.538462	E5	99	80	0	5	-2.242366
909	81.538462	81.923077	B#3	90	80	0	1	-4.340619
910	81.538462	81.923077	E4	90	80	0	2	-2.525967
911	81.538462	81.923077	B#4	99	80	0	5	-3.767315
912	81.923077	82.307692	C#5	99	80	0	4	-6.663095
913	82.307692	82.692308	E4	99	80	0	1	-3.493957
914	82.307692	82.692308	E5	99	80	0	5	-2.242366
915	82.692308	83.076923	A#3	90	80	0	1	-7.499323
916	82.692308	83.076923	E4	90	80	0	2	-5.302163
917	82.692308	83.076923	A#4	99	80	0	4	-5.307691
918	83.076923	83.461538	B4	99	80	0	5	-3.684684
919	83.250000	84.000000	B1	90	80	1	-5	-5.451251
920	83.250000	84.000000	B2	90	80	1	-1	-1.202832
921	83.461538	83.846154	E4	99	80	0	1	-3.425130
922	83.461538	83.846154	E5	99	80	0	5	-2.242366
923	83.846154	84.230769	B#3	90	80	0	1	-4.340619
924	83.846154	84.230769	E4	90	80	0	2	-2.525967
925	83.846154	84.230769	B#4	99	80	0	5	-3.767315
926	84.000000	84.500000	E2	63	80	1	-5	-3.242781
927	84.230769	84.615385	C#5	126	80	0	4	-6.663095
928	84.615385	85.000000	A4	90	80	0	1	-4.866697
929	84.615385	85.000000	C#5	90	80	0	2	-3.275273
930	84.615385	85.000000	A5	126	80	0	5	-3.857051
931	85.000000	85.384615	A4	90	80	0	1	-1.922714
932	85.000000	85.384615	C#5	90	80	0	2	-3.275273
933	85.000000	85.384615	F#5	127	80	0	5	-3.228870
934	85.384615	85.769231	G#4	90	80	0	1	-3.027253
935	85.384615	85.769231	B4	90	80	0	2	-3.493146
936	85.384615	85.769231	E5	127	80	0	5	-3.228870
937	85.769231	86.153846	F#4	90	80	0	1	-3.521239
938	85.769231	86.153846	A4	90	80	0	2	-3.493146
939	85.769231	86.153846	D#5	127	80	0	5	-5.283726
940	86.153846	86.538462	E4	90	80	0	1	-3.885272
941	86.153846	86.538462	G#4	90	80	0	2	-3.275273
942	86.153846	86.538462	C#5	127	80	0	4	-2.909306
943	86.538462	87.307692	B4	126	80	0	3	-3.914844
944	86.923077	87.307692	D#4	126	80	0	1	-4.449629
945	87.307692	87.692308	B3	90	80	0	1	-7.672902
946	87.307692	87.692308	D#4	90	80	0	2	-3.275273
947	87.307692	87.692308	F#4	90	80	0	3	-3.012122
948	87.307692	87.692308	B4	126	80	0	5	-3.340065
949	87.692308	88.076923	B4	126	80	0	5	-4.495609
950	88.076923	88.461538	E4	126	80	0	1	-3.425130
951	88.076923	88.461538	E5	126	80	0	5	-2.242366
952	88.461538	88.846154	D4	90	80	0	1	-3.460971
953	88.461538	88.846154	G#4	90	80	0	2	-5.017340
954	88.461538	88.846154	B#4	126	80	0	3	-4.453766
955	88.846154	89.230769	C#5	126	80	0	4	-4.152325
956	89.230769	89.615385	E4	126	80	0	1	-3.493957
957	89.230769	89.615385	E5	126	80	0	5	-2.242366
958	89.615385	90.000000	A#3	90	80	0	1	-7.499323
959	89.615385	90.000000	E4	90	80	0	2	-5.302163
960	89.615385	90.000000	A#4	126	80	0	4	-5.307691
961	90.000000	90.384615	B4	126	80	0	5	-3.684684
962	90.384615	90.769231	E4	90	80	0	1	-3.425130
963	90.384615	90.769231	B4	90	80	0	3	-3.751952
964	90.384615	90.769231	E5	126	80	0	5	-3.128600
965	90.769231	91.153846	D4	90	80	0	1	-3.460971
966	90.769231	91.153846	G#4	90	80	0	2	-5.017340
967	90.769231	91.153846	B#4	126	80	0	3	-4.453766
968	91.153846	91.538462	C#5	126	80	0	4	-4.152325
969	91.538462	91.923077	E4	126	80	0	1	-3.493957
970	91.538462	91.923077	E5	126	80	0	5	-2.242366
971	91.923077	92.307692	A#3	90	80	0	1	-7.499323
972	91.923077	92.307692	E4	90	80	0	2	-5.302163
973	91.923077	92.307692	A#4	126	80	0	4	-5.307691
974	92.307692	92.692308	B4	126	80	0	5	-3.684684
975	92.692308	93.076923	E4	90	80	0	1	-3.425130
976	92.692308	93.076923	B4	90	80	0	3	-3.751952
977	92.692308	93.076923	E5	126	80	0	5	-3.128600
978	93.076923	93.461538	D4	90	80	0	1	-3.460971
979	93.076923	93.461538	E4	90	80	0	2	-2.867384
980	93.076923	93.461538	B#4	126	80	0	5	-3.767315
981	93.461538	93.846154	C#5	126	80	0	4	-6.663095
982	93.846154	94.230769	A4	90	80	0	1	-4.866697
983	93.846154	94.230769	C#5	90	80	0	2	-3.275273
984	93.846154	94.230769	A5	126	80	0	5	-3.857051
985	94.230769	94.615385	A4	90	80	0	1	-1.922714
986	94.230769	94.615385	C#5	90	80	0	2	-3.275273
987	94.230769	94.615385	F#5	127	80	0	5	-3.228870
988	94.615385	95.000000	G#4	90	80	0	1	-3.027253
989	94.615385	95.000000	B4	90	80	0	2	-3.493146
990	94.615385	95.000000	E5	127	80	0	5	-3.228870
991	95.000000	95.384615	G#4	90	80	0	2	-3.763668
992	95.000000	95.384615	B4	90	80	0	3	-3.265372
993	95.000000	95.384615	D#5	127	80	0	5	-3.549127
994	95.384615	95.769231	G#4	90	80	0	2	-3.263552
995	95.384615	95.769231	B4	90	80	0	3	-3.265372
996	95.384615	95.769231	D5	127	80	0	5	-2.681011
997	95.769231	97.307692	C#5	127	80	0	4	-3.640665
998	96.153846	96.538462	E#4	90	80	0	1	-3.549056
999	96.153846	96.538462	G#4	90	80	0	2	-3.246278
1000	96.153846	96.538462	B4	90	80	0	3	-3.265372
1001	96.538462	96.923077	E#4	90	80	0	1	-2.905888
1002	96.538462	96.923077	G#4	90	80	0	2	-3.246278
1003	96.538462	96.923077	B4	90	80	0	3	-3.265372
1004	97.307692	97.692308	F#4	90	80	0	1	-4.375439
1005	97.307692	97.692308	A4	90	80	0	2	-3.493146
1006	97.307692	97.692308	B#4	127	80	0	4	-2.758588
1007	97.692308	98.076923	F#4	90	80	0	1	-4.295977
1008	97.692308	98.076923	A4	90	80	0	2	-3.493146
1009	97.692308	98.076923	C#5	127	80	0	4	-3.522723
1010	98.076923	99.615385	D#5	127	80	0	5	-2.706622
1011	98.461538	98.846154	F##4	90	80	0	1	-3.738292
1012	98.461538	98.846154	A#4	90	80	0	2	-3.246278
1013	98.461538	98.846154	C#5	90	80	0	4	-2.758588
1014	98.846154	99.230769	F##4	90	80	0	1	-3.845468
1015	98.846154	99.230769	A#4	90	80	0	2	-3.246278
1016	98.846154	99.230769	C#5	90	80	0	3	-3.012122
1017	99.615385	100.000000	G#4	90	80	0	1	-2.905888
1018	99.615385	100.000000	B4	90	80	0	2	-3.493146
1019	99.615385	100.000000	C##5	127	80	0	4	-2.758588
1020	100.000000	100.384615	G#4	90	80	0	1	-4.295977
1021	100.000000	100.384615	B4	90	80	0	2	-3.493146
1022	100.000000	100.384615	D#5	127	80	0	4	-3.522723
1023	100.384615	100.769231	E5	127	80	0	5	-3.684684
1024	100.769231	101.153846	G#4	90	80	0	1	-3.862851
1025	100.769231	101.153846	B4	90	80	0	2	-3.493146
1026	100.769231	101.153846	D#5	127	80	0	4	-3.522723
1027	101.153846	101.538462	G#4	90	80	0	1	-2.857522
1028	101.153846	101.538462	B4	90	80	0	2	-3.493146
1029	101.153846	101.538462	E5	127	80	0	4	-2.909306
1030	101.538462	101.923077	G#5	127	80	0	5	-4.855940
1031	101.923077	102.307692	A4	90	80	0	1	-3.885272
1032	101.923077	102.307692	B4	90	80	0	2	-2.867384
1033	101.923077	102.307692	F#5	127	80	0	5	-4.848026
1034	102.307692	102.692308	G#4	90	80	0	1	-3.027253
1035	102.307692	102.692308	B4	90	80	0	2	-3.493146
1036	102.307692	102.692308	E5	127	80	0	5	-3.228870
1037	102.692308	103.076923	F#4	127	80	0	1	-3.521239
1038	102.692308	103.076923	D#5	127	80	0	5	-3.707830
1039	103.076923	103.461538	E4	127	80	0	1	-3.885272
1040	103.076923	103.461538	C#5	127	80	0	5	-4.874096
1041	103.461538	103.846154	D#4	127	80	0	1	-3.027253
1042	103.461538	103.846154	B4	127	80	0	3	-5.327229
1043	103.846154	105.000000	E5	63	80	0	5	-3.128600
1044	104.230769	104.615385	E4	90	80	0	1	-1.922714
1045	104.230769	104.615385	G#4	90	80	0	2	-3.275273
1046	104.615385	105.000000	E4	90	80	0	1	-4.134704
1047	104.615385	105.000000	G#4	90	80	0	3	-3.998423
1048	105.000000	106.153846	G#4	63	80	0	4	-5.516614
1049	105.384615	105.769231	B3	90	80	0	1	-3.493957
1050	105.384615	105.769231	D4	90	80	0	2	-2.525967
1051	105.384615	105.769231	E#4	90	80	0	4	-2.758588
1052	105.769231	106.153846	B3	90	80	0	1	-2.857522
1053	105.769231	106.153846	D4	90	80	0	2	-2.525967
1054	105.769231	106.153846	E#4	90	80	0	4	-2.758588
1055	106.153846	106.538462	F#4	69	80	0	5	-4.385182
1056	106.538462	106.923077	C#4	90	80	0	2	-3.071676
1057	106.538462	106.923077	F#4	90	80	0	4	-2.909306
1058	106.538462	106.923077	G#4	69	80	0	5	-2.706622
1059	106.923077	107.307692	C#4	90	80	0	1	-3.425130
1060	106.923077	107.307692	F#4	90	80	0	2	-2.963617
1061	106.923077	107.307692	A#4	69	80	0	4	-2.758588
1062	107.307692	107.692308	B4	69	80	0	5	-3.684684
1063	107.692308	108.076923	D#4	90	80	0	1	-3.862851
1064	107.692308	108.076923	F#4	90	80	0	2	-2.525967
1065	107.692308	108.076923	B4	90	80	0	4	-3.927704
1066	107.692308	108.076923	C#5	69	80	0	5	-4.070264
1067	108.076923	108.461538	D#4	90	80	0	1	-3.027253
1068	108.076923	108.461538	F#4	90	80	0	2	-2.525967
1069	108.076923	108.461538	B4	90	80	0	3	-4.453766
1070	108.076923	108.461538	D#5	69	80	0	4	-6.696199
1071	108.461538	108.846154	E5	69	80	0	5	-3.684684
1072	108.846154	109.230769	G#4	90	80	0	1	-3.862851
1073	108.846154	109.230769	D5	90	80	0	2	-5.302163
1074	108.846154	109.230769	E5	90	80	0	3	-2.675961
1075	108.846154	109.230769	F#5	69	80	0	5	-3.990232
1076	109.230769	109.615385	G#4	90	80	0	1	-3.027253
1077	109.230769	109.615385	D5	90	80	0	2	-5.302163
1078	109.230769	109.615385	E5	90	80	0	3	-2.675961
1079	109.230769	109.615385	G#5	69	80	0	4	-6.696199
1080	109.615385	110.000000	B5	63	80	0	5	-3.871087
1081	110.000000	110.384615	A4	90	80	0	1	-3.460971
1082	110.000000	110.384615	C#5	90	80	0	2	-3.275273
1083	110.000000	110.384615	E5	90	80	0	3	-3.265372
1084	110.000000	110.384615	A5	63	80	0	5	-3.128600
1085	110.384615	110.769231	A4	90	80	0	1	-1.922714
1086	110.384615	110.769231	C#5	90	80	0	2	-3.275273
1087	110.384615	110.769231	E5	90	80	0	3	-3.265372
1088	110.384615	110.769231	G#5	69	80	0	5	-3.549127
1089	110.769231	111.153846	G#5	63	80	0	5	-4.495609
1090	111.153846	111.538462	D#4	90	80	0	1	-4.498352
1091	111.153846	111.538462	B4	90	80	0	2	-6.099041
1092	111.153846	111.538462	F#5	63	80	0	5	-4.848026
1093	111.538462	111.923077	E4	63	80	0	1	-4.990776
1094	111.538462	111.923077	E5	69	80	0	5	-2.242366
1095	111.923077	112.307692	F#4	90	80	0	1	-3.521239
1096	111.923077	112.307692	A4	90	80	0	2	-3.493146
1097	111.923077	112.307692	D#5	69	80	0	5	-5.283726
1098	112.307692	112.692308	E4	90	80	0	1	-3.885272
1099	112.307692	112.692308	A4	90	80	0	3	-3.401091
1100	112.307692	112.692308	C#5	69	80	0	5	-3.549127
1101	112.692308	113.076923	D#4	90	80	0	1	-3.027253
1102	112.692308	113.076923	A4	90	80	0	2	-5.302163
1103	112.692308	113.076923	B4	69	80	0	3	-2.675961
1104	113.076923	114.230769	E5	63	80	0	5	-3.128600
1105	113.461538	113.846154	E4	90	80	0	1	-1.922714
1106	113.461538	113.846154	G#4	90	80	0	2	-3.275273
1107	113.846154	114.230769	E4	90	80	0	1	-4.134704
1108	113.846154	114.230769	G#4	90	80	0	2	-3.275273
1109	114.230769	114.615385	F#4	90	80	0	1	-2.609267
1110	114.230769	114.615385	A4	90	80	0	2	-3.493146
1111	114.230769	114.615385	B4	63	80	0	3	-2.675961
1112	114.615385	114.807692	A#4	63	80	0	2	-3.151465
1113	114.807692	115.000000	B4	63	80	0	1	-4.072488
1114	115.000000	115.192308	C#5	63	80	0	2	-3.246278
1115	115.192308	115.384615	B4	63	80	0	1	-3.360143
1116	115.384615	115.769231	G#5	63	80	0	5	-4.874096
1117	115.769231	116.153846	E4	90	80	0	1	-5.695314
1118	115.769231	116.153846	G#4	90	80	0	2	-3.275273
1119	116.153846	116.538462	E4	90	80	0	1	-4.134704
1120	116.153846	116.538462	G#4	90	80	0	2	-3.275273
1121	116.538462	116.923077	F#4	90	80	0	1	-2.609267
1122	116.538462	116.923077	A4	90	80	0	2	-3.493146
1123	116.538462	116.923077	B4	63	80	0	3	-2.675961
1124	116.923077	117.115385	A#4	63	80	0	2	-3.151465
1125	117.115385	117.307692	B4	63	80	0	1	-4.072488
1126	117.307692	117.500000	C#5	63	80	0	2	-3.246278
1127	117.500000	117.692308	B4	63	80	0	1	-3.360143
1128	117.692308	118.076923	B5	63	80	0	5	-2.242366
1129	118.076923	118.461538	E4	90	80	0	1	-5.027158
1130	118.076923	118.461538	G#4	90	80	0	2	-3.275273
1131	118.461538	118.846154	E4	90	80	0	1	-4.134704
1132	118.461538	118.846154	G#4	90	80	0	2	-3.275273
1133	118.846154	119.230769	F#4	90	80	0	1	-2.609267
1134	118.846154	119.230769	A4	90	80	0	2	-3.493146
1135	118.846154	119.230769	B4	63	80	0	3	-2.675961
1136	119.230769	119.423077	A#4	63	80	0	2	-3.151465
1137	119.423077	119.615385	B4	63	80	0	1	-4.072488
1138	119.615385	119.807692	C#5	63	80	0	2	-3.246278
1139	119.807692	120.000000	B4	63	80	0	1	-3.360143
1140	120.000000	120.384615	G#5	63	80	0	5	-4.874096
1141	120.384615	120.576923	A#4	63	80	0	1	-3.027253
1142	120.576923	120.769231	B4	63	80	0	2	-5.579477
1143	120.769231	120.961538	C#5	63	80	0	3	-3.409656
1144	120.961538	121.153846	B4	63	80	0	2	-3.286699
1145	121.153846	121.538462	G#5	63	80	0	5	-4.989350
1146	121.538462	121.730769	A#4	63	80	0	1	-3.027253
1147	121.730769	121.923077	B4	63	80	0	2	-5.579477
1148	121.923077	122.115385	C#5	63	80	0	3	-3.409656
1149	122.115385	122.307692	B4	63	80	0	2	-3.286699
1150	122.307692	122.692308	G#5	63	80	0	5	-4.989350
1151	122.692308	122.884615	A#4	63	80	0	2	-5.139378
1152	122.884615	123.076923	B4	63	80	0	1	-4.072488
1153	123.076923	123.269231	C#5	63	80	0	2	-3.246278
1154	123.269231	123.461538	B4	63	80	0	1	-3.360143
1155	123.461538	123.653846	C#5	63	80	0	2	-3.246278
1156	123.653846	123.846154	B4	63	80	0	1	-3.360143
1157	123.846154	124.038462	C#5	63	80	0	2	-3.246278
1158	124.038462	124.230769	B4	63	80	0	1	-3.360143
1159	124.230769	124.423077	C#5	63	80	0	2	-3.246278
1160	124.423077	124.615385	B4	63	80	0	1	-3.360143
1161	124.615385	125.000000	E5	90	80	0	2	-2.963617
1162	124.615385	125.000000	G#5	90	80	0	4	-3.522723
1163	124.615385	125.000000	B5	69	80	0	5	-3.871087
1164	125.000000	125.384615	B4	90	80	0	1	-1.922714
1165	125.000000	125.384615	E5	90	80	0	3	-3.401091
1166	125.000000	125.384615	G#5	69	80	0	5	-3.549127
1167	125.384615	125.769231	G#4	90	80	0	1	-1.922714
1168	125.384615	125.769231	B4	90	80	0	2	-3.493146
1169	125.384615	125.769231	E5	69	80	0	5	-3.228870
1170	125.769231	126.153846	E4	90	80	0	1	-1.922714
1171	125.769231	126.153846	G#4	90	80	0	3	-3.998423
1172	125.769231	126.153846	B4	69	80	0	5	-3.635747
1173	126.153846	126.538462	B3	90	80	0	1	-1.922714
1174	126.153846	126.538462	E4	90	80	0	3	-3.401091
1175	126.153846	126.538462	G#4	69	80	0	5	-3.549127
1176	126.538462	126.923077	G#3	90	80	0	1	-1.922714
1177	126.538462	126.923077	B3	90	80	0	2	-3.493146
1178	126.538462	126.923077	E4	69	80	0	3	-4.897982
1179	126.923077	128.076923	B4	63	80	0	5	-4.855832
1180	128.076923	128.846154	A3	63	80	0	1	-3.460971
1181	128.076923	129.230769	C#4	63	80	0	2	-3.275273
1182	128.076923	128.846154	F#4	63	80	0	4	-2.909306
1183	128.846154	129.230769	B3	63	80	0	1	-3.549056
1184	128.846154	129.230769	G#4	63	80	0	5	-4.874096
1185	129.230769	130.000000	G#3	63	80	0	1	-1.922714
1186	129.230769	130.000000	E4	63	80	0	5	-4.655217
