//Version: PianoFingering_v170101
1	0.000000	0.250000	G4	69	80	0	1	-0.925785
2	0.000000	0.500000	B-2	57	80	1	-5	-0.504576
3	0.250000	0.750000	G4	57	80	0	1	-4.507997
4	0.500000	1.000000	F3	90	80	1	-4	-6.683330
5	0.500000	1.000000	B-3	90	80	1	-2	-3.159098
6	0.500000	1.000000	D-4	90	80	1	-1	-2.415329
7	0.750000	1.250000	A-4	57	80	0	2	-3.900292
8	1.000000	1.500000	E3	90	80	1	-5	-4.087479
9	1.000000	1.500000	B-3	90	80	1	-2	-5.232676
10	1.000000	1.500000	D-4	90	80	1	-1	-2.415329
11	1.500000	1.750000	B-4	69	80	0	3	-2.675961
12	1.500000	2.000000	B-2	57	80	1	-5	-4.233080
13	1.750000	2.250000	B-4	57	80	0	3	-4.378151
14	2.000000	2.500000	F3	90	80	1	-4	-6.683330
15	2.000000	2.500000	B-3	90	80	1	-2	-3.159098
16	2.000000	2.500000	D-4	90	80	1	-1	-2.415329
17	2.250000	2.750000	C5	57	80	0	5	-3.635747
18	2.500000	3.000000	E3	90	80	1	-5	-4.087479
19	2.500000	3.000000	B-3	90	80	1	-2	-5.232676
20	2.500000	3.000000	D-4	90	80	1	-1	-2.415329
21	3.000000	3.250000	G4	69	80	0	2	-3.071676
22	3.000000	3.500000	B-2	57	80	1	-5	-4.233080
23	3.250000	3.500000	G4	69	80	0	2	-4.554564
24	3.500000	3.750000	A-4	69	80	0	3	-3.190537
25	3.500000	4.000000	F3	90	80	1	-4	-6.683330
26	3.500000	4.000000	B-3	90	80	1	-2	-3.159098
27	3.500000	4.000000	D-4	90	80	1	-1	-2.415329
28	3.750000	4.000000	B-4	69	80	0	4	-2.883688
29	4.000000	4.250000	C5	69	80	0	5	-3.871087
30	4.000000	4.500000	E3	90	80	1	-5	-4.087479
31	4.000000	4.500000	B-3	90	80	1	-2	-5.232676
32	4.000000	4.500000	D-4	90	80	1	-1	-2.415329
33	4.250000	5.750000	G4	63	80	0	2	-3.071676
34	4.500000	5.000000	B-2	63	80	1	-5	-4.233080
35	5.000000	5.500000	F3	90	80	1	-4	-6.683330
36	5.000000	5.500000	B-3	90	80	1	-2	-3.159098
37	5.000000	5.500000	D-4	90	80	1	-1	-2.415329
38	5.500000	6.000000	E3	90	80	1	-5	-4.087479
39	5.500000	6.000000	B-3	90	80	1	-2	-5.232676
40	5.500000	6.000000	D-4	90	80	1	-1	-2.415329
41	6.000000	6.250000	G4	63	80	0	2	-4.554564
42	6.000000	6.500000	B-2	63	80	1	-5	-4.233080
43	6.250000	6.500000	A-4	63	80	0	3	-3.190537
44	6.500000	6.750000	F4	63	80	0	2	-3.286699
45	6.500000	7.000000	F3	90	80	1	-4	-6.683330
46	6.500000	7.000000	B-3	90	80	1	-2	-3.159098
47	6.500000	7.000000	D-4	90	80	1	-1	-2.415329
48	6.750000	7.500000	C4	63	80	0	1	-3.434905
49	7.000000	7.500000	E3	90	80	1	-5	-4.087479
50	7.000000	7.500000	B-3	90	80	1	-2	-5.232676
51	7.000000	7.500000	D-4	90	80	1	-1	-2.415329
52	7.500000	7.750000	F4	63	80	0	2	-2.963617
53	7.500000	8.000000	B-2	63	80	1	-5	-4.233080
54	7.750000	9.000000	C5	63	80	0	5	-3.528229
55	8.000000	8.500000	F3	90	80	1	-4	-6.683330
56	8.000000	8.500000	B-3	90	80	1	-2	-3.159098
57	8.000000	8.500000	D-4	90	80	1	-1	-2.415329
58	8.500000	9.000000	E3	90	80	1	-5	-4.087479
59	8.500000	9.000000	B-3	90	80	1	-2	-5.232676
60	8.500000	9.000000	D-4	90	80	1	-1	-2.415329
61	9.000000	9.250000	F4	63	80	0	2	-3.263552
62	9.000000	9.500000	B-2	63	80	1	-5	-4.233080
63	9.250000	9.500000	C4	63	80	0	1	-3.434905
64	9.500000	9.750000	F4	63	80	0	2	-2.963617
65	9.500000	10.000000	F3	90	80	1	-4	-6.683330
66	9.500000	10.000000	B-3	90	80	1	-2	-3.159098
67	9.500000	10.000000	D-4	90	80	1	-1	-2.415329
68	9.750000	10.000000	C5	63	80	0	3	-6.082358
69	10.000000	10.250000	F5	63	80	0	5	-3.128600
70	10.000000	10.500000	E3	90	80	1	-5	-4.087479
71	10.000000	10.500000	B-3	90	80	1	-2	-5.232676
72	10.000000	10.500000	D-4	90	80	1	-1	-2.415329
73	10.250000	10.416667	E5	90	80	0	4	-2.814339
74	10.250000	10.416667	G5	90	80	0	5	-3.402079
75	10.416667	10.583333	C5	90	80	0	2	-3.263552
76	10.500000	11.000000	B-2	63	80	1	-5	-4.233080
77	10.583333	10.750000	G4	90	80	0	1	-3.434905
78	11.000000	11.500000	F3	90	80	1	-4	-6.683330
79	11.000000	11.500000	B-3	90	80	1	-2	-3.159098
80	11.000000	11.500000	D-4	90	80	1	-1	-2.415329
81	11.250000	11.416667	E6	90	80	0	3	-8.667264
82	11.250000	11.416667	G6	90	80	0	5	-2.681011
83	11.416667	11.583333	C6	90	80	0	2	-3.263552
84	11.500000	12.000000	E3	90	80	1	-5	-4.087479
85	11.500000	12.000000	B-3	90	80	1	-2	-5.232676
86	11.500000	12.000000	D-4	90	80	1	-1	-2.415329
87	11.583333	11.750000	G5	90	80	0	1	-3.434905
88	12.000000	13.000000	A-2	63	80	1	-5	-3.781310
89	12.250000	12.416667	E5	90	80	0	3	-5.936950
90	12.250000	12.416667	G5	90	80	0	5	-2.681011
91	12.416667	12.583333	C5	90	80	0	2	-3.263552
92	12.500000	13.000000	F3	90	80	1	-3	-6.661981
93	12.500000	13.000000	C4	90	80	1	-1	-3.342645
94	12.583333	12.750000	G4	90	80	0	1	-3.434905
95	13.000000	13.500000	G2	63	80	1	-5	-3.781310
96	13.250000	13.416667	E6	90	80	0	3	-8.667264
97	13.250000	13.416667	G6	90	80	0	5	-2.681011
98	13.416667	13.583333	C6	90	80	0	2	-3.263552
99	13.500000	14.500000	F2	63	80	1	-5	-5.793445
100	13.583333	13.750000	G5	90	80	0	1	-3.434905
101	14.000000	14.500000	C3	90	80	1	-3	-3.416097
102	14.000000	14.500000	A-3	90	80	1	-1	-4.707497
103	14.250000	14.416667	E5	90	80	0	3	-5.936950
104	14.250000	14.416667	G5	90	80	0	5	-2.681011
105	14.416667	14.583333	C5	90	80	0	2	-3.263552
106	14.500000	15.000000	E-2	63	80	1	-4	-7.573765
107	14.583333	14.750000	G4	90	80	0	1	-3.434905
108	15.000000	16.000000	D2	63	80	1	-5	-4.693569
109	15.500000	16.000000	A-2	90	80	1	-3	-5.669550
110	15.500000	16.000000	F3	90	80	1	-1	-4.531747
111	16.000000	16.500000	D-2	63	80	1	-3	-7.576533
112	16.500000	16.750000	G4	69	80	0	1	-4.507997
113	16.500000	18.000000	C2	90	80	1	-4	-3.777019
114	16.500000	18.000000	G2	90	80	1	-1	-2.959487
115	16.750000	17.250000	G4	57	80	0	1	-4.507997
116	17.000000	17.166667	C4	90	80	1	-3	-7.576533
117	17.000000	17.166667	E4	90	80	1	-1	-2.967507
118	17.166667	17.333333	G3	63	80	1	-3	-5.389809
119	17.250000	17.750000	A-4	57	80	0	2	-3.900292
120	17.333333	17.500000	E3	63	80	1	-5	-3.990113
121	18.000000	18.250000	B-4	69	80	0	3	-2.675961
122	18.000000	18.166667	C5	90	80	1	-2	-7.153101
123	18.000000	18.166667	E5	90	80	1	-1	-2.415329
124	18.166667	18.333333	G4	63	80	1	-4	-4.458307
125	18.250000	18.750000	B-4	57	80	0	3	-4.378151
126	18.333333	18.500000	E4	63	80	1	-1	-5.372527
127	18.750000	19.250000	C5	57	80	0	5	-3.635747
128	19.000000	19.166667	C4	90	80	1	-2	-3.291596
129	19.000000	19.166667	E4	90	80	1	-1	-2.415329
130	19.166667	19.333333	G3	63	80	1	-3	-5.389809
131	19.333333	19.500000	E3	63	80	1	-5	-3.990113
132	19.500000	19.750000	G4	69	80	0	2	-3.071676
133	19.750000	20.000000	G4	69	80	0	2	-4.554564
134	20.000000	20.250000	A-4	69	80	0	3	-3.190537
135	20.000000	20.166667	C5	90	80	1	-2	-7.153101
136	20.000000	20.166667	E5	90	80	1	-1	-2.415329
137	20.166667	20.333333	G4	63	80	1	-4	-4.458307
138	20.250000	20.500000	B-4	69	80	0	4	-2.883688
139	20.333333	20.500000	E4	63	80	1	-1	-5.372527
140	20.500000	20.750000	C5	69	80	0	5	-3.871087
141	20.750000	22.250000	G4	57	80	0	2	-3.071676
142	21.000000	21.166667	C4	90	80	1	-2	-3.291596
143	21.000000	21.166667	E4	90	80	1	-1	-2.415329
144	21.166667	21.333333	G3	63	80	1	-3	-5.389809
145	21.333333	21.500000	E3	63	80	1	-5	-3.990113
146	21.500000	22.000000	C4	63	80	1	-1	-4.009362
147	22.000000	22.500000	B3	63	80	1	-2	-2.745489
148	22.500000	22.750000	G4	63	80	0	2	-4.554564
149	22.500000	23.500000	B-3	63	80	1	-3	-3.848567
150	22.750000	23.000000	A-4	63	80	0	3	-3.190537
151	23.000000	23.250000	F4	63	80	0	2	-3.286699
152	23.000000	23.500000	D-4	90	80	1	-2	-3.046717
153	23.000000	23.500000	F4	90	80	1	-1	-3.262923
154	23.250000	24.000000	C4	63	80	0	1	-3.434905
155	23.500000	24.000000	A-3	63	80	1	-4	-4.497131
156	24.000000	24.250000	F4	63	80	0	2	-2.963617
157	24.000000	25.000000	G3	63	80	1	-5	-4.693569
158	24.250000	25.500000	C5	63	80	0	5	-3.528229
159	24.500000	25.000000	B-3	90	80	1	-4	-4.807638
160	24.500000	25.000000	D-4	90	80	1	-2	-2.359478
161	24.500000	25.000000	F4	90	80	1	-1	-3.262923
162	25.000000	25.500000	F3	63	80	1	-4	-4.702385
163	25.500000	25.750000	F4	63	80	0	2	-3.263552
164	25.500000	26.500000	E-3	63	80	1	-5	-5.527356
165	25.750000	26.000000	C4	63	80	0	1	-3.434905
166	26.000000	26.250000	F4	63	80	0	2	-2.963617
167	26.000000	26.500000	B-3	90	80	1	-3	-3.416097
168	26.000000	26.500000	D-4	90	80	1	-2	-3.046717
169	26.000000	26.500000	F4	90	80	1	-1	-3.262923
170	26.250000	26.500000	C5	63	80	0	3	-6.082358
171	26.500000	26.750000	F5	63	80	0	5	-3.128600
172	26.500000	27.000000	D-3	63	80	1	-3	-7.576533
173	26.750000	26.916667	E5	90	80	0	4	-2.814339
174	26.750000	26.916667	G5	90	80	0	5	-3.402079
175	26.916667	27.083333	C5	63	80	0	2	-3.263552
176	27.000000	28.000000	C3	63	80	1	-1	-3.371140
177	27.083333	27.250000	G4	63	80	0	1	-3.434905
178	27.500000	28.000000	G3	90	80	1	-5	-5.919258
179	27.500000	28.000000	C4	90	80	1	-2	-3.272976
180	27.500000	28.000000	E4	90	80	1	-1	-2.415329
181	27.750000	27.916667	E6	90	80	0	3	-8.667264
182	27.750000	27.916667	G6	90	80	0	5	-2.681011
183	27.916667	28.083333	C6	63	80	0	2	-3.263552
184	28.000000	28.500000	B-2	63	80	1	-4	-7.296520
185	28.083333	28.250000	G5	63	80	0	1	-3.434905
186	28.500000	29.500000	A-2	63	80	1	-5	-3.249332
187	28.750000	28.916667	E5	90	80	0	3	-5.936950
188	28.750000	28.916667	G5	90	80	0	5	-2.681011
189	28.916667	29.083333	C5	63	80	0	2	-3.263552
190	29.000000	29.500000	F3	90	80	1	-3	-6.661981
191	29.000000	29.500000	C4	90	80	1	-1	-3.342645
192	29.083333	29.250000	G4	63	80	0	1	-3.434905
193	29.500000	30.000000	G2	63	80	1	-5	-3.781310
194	29.750000	29.916667	E6	90	80	0	3	-8.667264
195	29.750000	29.916667	G6	90	80	0	5	-2.681011
196	29.916667	30.083333	C6	63	80	0	2	-3.263552
197	30.000000	31.000000	F2	63	80	1	-5	-5.793445
198	30.083333	30.250000	G5	63	80	0	1	-3.434905
199	30.500000	31.000000	C3	90	80	1	-3	-3.416097
200	30.500000	31.000000	A-3	90	80	1	-1	-4.707497
201	30.750000	30.916667	E5	90	80	0	3	-5.936950
202	30.750000	30.916667	G5	90	80	0	5	-2.681011
203	30.916667	31.083333	C5	63	80	0	2	-3.263552
204	31.000000	31.500000	E-2	63	80	1	-4	-7.573765
205	31.083333	31.250000	G4	63	80	0	1	-3.434905
206	31.500000	32.500000	D2	63	80	1	-5	-4.693569
207	32.000000	32.500000	A-2	90	80	1	-3	-5.669550
208	32.000000	32.500000	F3	90	80	1	-1	-4.531747
209	32.500000	33.000000	D-2	63	80	1	-3	-7.576533
210	33.000000	34.500000	C2	90	80	1	-4	-3.777019
211	33.000000	34.500000	G2	90	80	1	-1	-2.959487
212	33.500000	33.666667	C4	90	80	1	-3	-7.576533
213	33.500000	33.666667	E4	90	80	1	-1	-2.967507
214	33.666667	33.833333	G3	63	80	1	-3	-5.389809
215	33.750000	34.500000	G5	76	80	0	5	-2.242366
216	33.833333	34.000000	E3	63	80	1	-5	-3.990113
217	34.500000	34.750000	F5	63	80	0	4	-2.814339
218	34.500000	34.666667	C5	90	80	1	-2	-7.153101
219	34.500000	34.666667	E5	90	80	1	-1	-2.415329
220	34.666667	34.833333	G4	63	80	1	-4	-4.458307
221	34.750000	35.000000	E-5	63	80	0	3	-3.510496
222	34.833333	35.000000	E4	63	80	1	-1	-5.372527
223	35.000000	35.250000	D-5	63	80	0	2	-2.287533
224	35.250000	35.750000	F4	63	80	0	1	-6.596535
225	35.500000	35.666667	C4	90	80	1	-2	-3.291596
226	35.500000	35.666667	E4	90	80	1	-1	-2.415329
227	35.666667	35.833333	G3	63	80	1	-3	-5.389809
228	35.833333	36.000000	E3	63	80	1	-5	-3.990113
229	36.500000	36.666667	C5	90	80	1	-2	-7.153101
230	36.500000	36.666667	E5	90	80	1	-1	-2.415329
231	36.666667	36.833333	G4	63	80	1	-4	-4.458307
232	36.750000	37.500000	G5	63	80	0	5	-5.684589
233	36.833333	37.000000	E4	63	80	1	-1	-5.372527
234	37.500000	37.750000	F5	63	80	0	4	-2.814339
235	37.500000	37.666667	C4	90	80	1	-2	-3.291596
236	37.500000	37.666667	E4	90	80	1	-1	-2.415329
237	37.666667	37.833333	G3	63	80	1	-4	-4.458307
238	37.750000	38.000000	E-5	63	80	0	3	-3.510496
239	37.833333	38.000000	E3	63	80	1	-1	-5.372527
240	38.000000	38.250000	D-5	63	80	0	2	-2.287533
241	38.000000	38.500000	C3	63	80	1	-2	-3.291596
242	38.250000	38.750000	F4	63	80	0	1	-6.596535
243	38.500000	39.000000	B2	63	80	1	-1	-4.644141
244	39.000000	39.500000	B-1	90	80	1	-5	-4.553252
245	39.000000	39.500000	B-2	90	80	1	-1	-1.202832
246	39.250000	39.750000	C5	90	80	0	2	-3.928858
247	39.250000	39.750000	E-5	90	80	0	3	-3.409656
248	39.250000	39.750000	G5	90	80	0	5	-3.340065
249	39.500000	40.000000	F3	90	80	1	-5	-7.923418
250	39.500000	40.000000	B-3	90	80	1	-3	-3.351805
251	39.500000	40.000000	D-4	90	80	1	-2	-3.046717
252	39.500000	40.000000	F4	90	80	1	-1	-3.262923
253	39.750000	40.250000	C5	90	80	0	1	-3.425130
254	39.750000	40.250000	E-5	90	80	0	2	-3.246278
255	39.750000	40.250000	A-5	90	80	0	4	-2.909306
256	40.000000	40.500000	G3	90	80	1	-5	-3.181034
257	40.000000	40.500000	B-3	90	80	1	-4	-4.807638
258	40.000000	40.500000	D-4	90	80	1	-2	-2.359478
259	40.000000	40.500000	G4	90	80	1	-1	-4.366821
260	40.500000	41.000000	A-3	90	80	1	-5	-4.582913
261	40.500000	41.000000	B-3	90	80	1	-4	-3.907966
262	40.500000	41.000000	D-4	90	80	1	-2	-2.359478
263	40.500000	41.000000	A-4	90	80	1	-1	-4.047397
264	40.750000	41.250000	C5	90	80	0	1	-3.549056
265	40.750000	41.250000	E-5	90	80	0	2	-3.246278
266	40.750000	41.250000	G5	90	80	0	4	-3.927704
267	41.000000	41.500000	G3	90	80	1	-5	-4.645128
268	41.000000	41.500000	B-3	90	80	1	-4	-4.807638
269	41.000000	41.500000	D-4	90	80	1	-2	-2.359478
270	41.000000	41.500000	G4	90	80	1	-1	-4.366821
271	41.250000	41.750000	C5	90	80	0	1	-2.857522
272	41.250000	41.750000	E-5	90	80	0	2	-3.246278
273	41.250000	41.750000	A-5	90	80	0	5	-3.228870
274	41.500000	42.000000	A-3	90	80	1	-5	-4.582913
275	41.500000	42.000000	B-3	90	80	1	-4	-3.907966
276	41.500000	42.000000	D-4	90	80	1	-2	-2.359478
277	41.500000	42.000000	A-4	90	80	1	-1	-4.047397
278	42.000000	42.500000	B-1	90	80	1	-5	-4.456078
279	42.000000	42.500000	B-2	90	80	1	-5	-5.534856
280	42.250000	42.750000	A-4	90	80	0	1	-1.922714
281	42.250000	42.750000	C5	90	80	0	3	-4.456068
282	42.500000	43.000000	G3	90	80	1	-4	-7.175636
283	42.500000	43.000000	B-3	90	80	1	-3	-3.762277
284	42.500000	43.000000	D-4	90	80	1	-2	-3.046717
285	42.500000	43.000000	G4	90	80	1	-1	-4.366821
286	42.750000	43.750000	F4	90	80	0	1	-3.310457
287	42.750000	43.750000	A-4	90	80	0	3	-4.456068
288	43.000000	43.500000	A-3	90	80	1	-5	-4.582913
289	43.000000	43.500000	B-3	90	80	1	-4	-3.907966
290	43.000000	43.500000	D-4	90	80	1	-2	-2.359478
291	43.000000	43.500000	A-4	90	80	1	-1	-4.047397
292	43.500000	44.000000	B-3	90	80	1	-5	-3.181034
293	43.500000	44.000000	D-4	90	80	1	-3	-3.170876
294	43.500000	44.000000	E-4	90	80	1	-2	-2.510186
295	43.500000	44.000000	B-4	90	80	1	-1	-4.047397
296	43.750000	44.250000	D4	90	80	0	1	-4.323321
297	43.750000	44.250000	F4	90	80	0	3	-3.473158
298	44.000000	44.500000	A-3	90	80	1	-5	-3.842215
299	44.000000	44.500000	D-4	90	80	1	-3	-3.463793
300	44.000000	44.500000	E-4	90	80	1	-2	-2.510186
301	44.000000	44.500000	A-4	90	80	1	-1	-2.320150
302	44.250000	44.750000	B-3	90	80	0	1	-4.449629
303	44.250000	44.750000	D4	90	80	0	2	-3.465862
304	44.500000	45.000000	B-3	90	80	1	-5	-3.181034
305	44.500000	45.000000	D-4	90	80	1	-3	-3.170876
306	44.500000	45.000000	E-4	90	80	1	-2	-2.510186
307	44.500000	45.000000	B-4	90	80	1	-1	-4.047397
308	45.000000	45.500000	A-2	90	80	1	-5	-4.456078
309	45.000000	45.500000	E-3	90	80	1	-5	-5.954471
310	45.500000	46.000000	C4	90	80	1	-3	-6.661981
311	45.500000	46.000000	E-4	90	80	1	-2	-3.407298
312	45.500000	46.000000	B-4	90	80	1	-1	-4.047397
313	45.750000	46.500000	G5	63	80	0	5	-6.944316
314	46.000000	46.500000	C4	90	80	1	-4	-5.354361
315	46.000000	46.500000	E-4	90	80	1	-2	-3.337019
316	46.000000	46.500000	A-4	90	80	1	-1	-2.320150
317	46.500000	46.750000	F5	63	80	0	4	-2.814339
318	46.500000	47.000000	F2	90	80	1	-5	-5.805721
319	46.500000	47.000000	C3	90	80	1	-5	-5.954471
320	46.750000	47.000000	E-5	63	80	0	3	-3.510496
321	47.000000	47.250000	D-5	63	80	0	2	-2.287533
322	47.000000	47.500000	A-3	90	80	1	-4	-5.762335
323	47.000000	47.500000	C4	90	80	1	-2	-2.871001
324	47.000000	47.500000	G4	90	80	1	-1	-4.047397
325	47.250000	47.750000	F4	63	80	0	1	-6.596535
326	47.500000	48.000000	A-3	90	80	1	-4	-5.653337
327	47.500000	48.000000	C4	90	80	1	-2	-2.871001
328	47.500000	48.000000	F4	90	80	1	-1	-2.320150
329	48.000000	49.500000	B-2	63	80	1	-5	-6.587391
330	48.500000	49.000000	E-4	63	80	1	-2	-7.153101
331	48.750000	49.500000	G5	63	80	0	5	-5.684589
332	49.000000	49.500000	D4	63	80	1	-1	-3.931111
333	49.500000	49.750000	F5	63	80	0	4	-2.814339
334	49.500000	50.000000	C4	63	80	1	-2	-2.745489
335	49.750000	50.000000	E-5	63	80	0	2	-4.090178
336	50.000000	50.250000	D-5	63	80	0	1	-2.609267
337	50.000000	50.500000	B-3	63	80	1	-3	-3.464153
338	50.250000	50.750000	F4	63	80	0	2	-7.306529
339	50.500000	51.000000	A-3	63	80	1	-1	-3.930078
340	50.750000	51.750000	B3	90	80	0	1	-4.740672
341	50.750000	51.750000	E-4	90	80	0	2	-3.275273
342	50.750000	51.750000	B4	90	80	0	5	-3.857051
343	51.000000	51.500000	E-1	90	80	1	-5	-4.456078
344	51.000000	51.500000	E-2	90	80	1	-1	-1.202832
345	51.250000	51.750000	G5	99	80	0	4	-8.213823
346	51.500000	52.000000	F3	90	80	1	-5	-7.255468
347	51.500000	52.000000	B-3	90	80	1	-3	-3.351805
348	51.500000	52.000000	D-4	90	80	1	-2	-3.046717
349	51.500000	52.000000	F4	90	80	1	-1	-3.262923
350	51.750000	52.750000	A-5	99	80	0	5	-4.385182
351	52.000000	52.500000	G3	90	80	1	-5	-3.181034
352	52.000000	52.500000	B-3	90	80	1	-4	-4.807638
353	52.000000	52.500000	D-4	90	80	1	-2	-2.359478
354	52.000000	52.500000	G4	90	80	1	-1	-4.366821
355	52.500000	53.000000	A-3	90	80	1	-5	-4.582913
356	52.500000	53.000000	D-4	90	80	1	-3	-3.463793
357	52.500000	53.000000	A-4	90	80	1	-1	-3.342645
358	52.750000	53.250000	E-5	99	80	0	3	-3.854029
359	53.000000	53.500000	G3	90	80	1	-5	-4.645128
360	53.000000	53.500000	D-4	90	80	1	-2	-5.232676
361	53.000000	53.500000	G4	90	80	1	-1	-4.366821
362	53.250000	53.750000	C5	99	80	0	2	-3.286699
363	53.500000	54.000000	A-3	90	80	1	-5	-4.582913
364	53.500000	54.000000	D-4	90	80	1	-3	-3.463793
365	53.500000	54.000000	A-4	90	80	1	-1	-3.342645
366	53.750000	54.750000	G3	90	80	0	1	-7.803859
367	53.750000	54.750000	C4	90	80	0	2	-2.963617
368	53.750000	54.750000	G4	90	80	0	5	-3.528229
369	54.000000	54.500000	A3	90	80	1	-5	-4.598096
370	54.000000	54.500000	D-4	90	80	1	-3	-3.351805
371	54.000000	54.500000	A4	90	80	1	-1	-3.687814
372	54.250000	54.750000	E5	99	80	0	4	-8.213823
373	54.500000	55.000000	A-3	90	80	1	-5	-4.553252
374	54.500000	55.000000	D-4	90	80	1	-3	-3.463793
375	54.500000	55.000000	A-4	90	80	1	-1	-3.342645
376	54.750000	55.750000	F5	99	80	0	5	-2.706622
377	55.000000	55.500000	A3	90	80	1	-5	-4.598096
378	55.000000	55.500000	D-4	90	80	1	-3	-3.351805
379	55.000000	55.500000	A4	90	80	1	-1	-3.687814
380	55.500000	56.000000	B-3	90	80	1	-5	-4.582913
381	55.500000	56.000000	D-4	90	80	1	-4	-4.139458
382	55.500000	56.000000	B-4	90	80	1	-1	-3.451917
383	55.750000	56.250000	C5	99	80	0	2	-3.071676
384	56.000000	56.500000	A3	90	80	1	-5	-4.645128
385	56.000000	56.500000	D-4	90	80	1	-3	-3.351805
386	56.000000	56.500000	A4	90	80	1	-1	-3.687814
387	56.250000	56.750000	A-4	99	80	0	1	-3.898407
388	56.500000	57.000000	B-3	90	80	1	-5	-4.582913
389	56.500000	57.000000	D-4	90	80	1	-4	-4.139458
390	56.500000	57.000000	B-4	90	80	1	-1	-3.451917
391	56.750000	58.250000	D3	90	80	0	1	-15.391358
392	56.750000	58.250000	A-3	90	80	0	2	-5.017340
393	56.750000	58.250000	C4	63	80	0	4	-3.927704
394	57.000000	58.500000	A-1	90	80	1	-5	-4.456078
395	57.000000	58.500000	A-2	90	80	1	-1	-1.202832
396	57.250000	57.500000	A-4	63	80	0	2	-7.368465
397	57.500000	57.750000	C5	63	80	0	1	-5.799694
398	57.750000	58.000000	A-5	63	80	0	3	-5.042408
399	58.000000	58.250000	C6	63	80	0	5	-3.340065
400	58.000000	58.500000	C4	90	80	1	-4	-8.632181
401	58.000000	58.500000	E-4	90	80	1	-3	-3.762277
402	58.000000	58.500000	C5	90	80	1	-1	-4.531747
403	58.250000	59.250000	E-3	63	80	0	1	-8.167035
404	58.250000	59.750000	A-3	63	80	0	2	-2.963617
405	58.250000	58.750000	C4	63	80	0	4	-3.927704
406	58.500000	59.000000	B-3	90	80	1	-5	-4.510402
407	58.500000	60.000000	E-4	63	80	1	-3	-3.463793
408	58.500000	59.000000	B-4	90	80	1	-1	-3.342645
409	58.750000	59.250000	E-4	63	80	0	5	-4.070264
410	59.000000	59.500000	A-3	90	80	1	-5	-3.842215
411	59.000000	59.500000	A-4	90	80	1	-1	-1.202832
412	59.250000	59.750000	E3	63	80	0	1	-3.885272
413	59.250000	59.750000	C4	63	80	0	4	-4.268071
414	59.500000	60.000000	G3	90	80	1	-5	-4.645128
415	59.500000	60.000000	G4	90	80	1	-1	-1.202832
416	59.750000	61.250000	F3	90	80	0	1	-2.857522
417	59.750000	61.250000	A-3	90	80	0	2	-3.246278
418	59.750000	61.250000	C4	63	80	0	4	-3.927704
419	60.000000	61.500000	F3	90	80	1	-5	-3.842215
420	60.000000	61.500000	F4	90	80	1	-1	-1.202832
421	60.250000	60.500000	A-4	63	80	0	2	-7.368465
422	60.500000	60.750000	C5	63	80	0	1	-5.799694
423	60.750000	61.000000	A-5	63	80	0	3	-5.042408
424	61.000000	61.250000	C6	63	80	0	5	-3.340065
425	61.000000	61.500000	A-3	90	80	1	-5	-4.114892
426	61.000000	61.500000	A-4	90	80	1	-1	-1.202832
427	61.250000	62.750000	E-3	90	80	0	1	-8.167035
428	61.250000	62.750000	A-3	90	80	0	2	-2.963617
429	61.250000	61.750000	C4	63	80	0	3	-4.453766
430	61.500000	62.000000	G3	90	80	1	-5	-4.645128
431	61.500000	63.000000	C4	63	80	1	-3	-3.463793
432	61.500000	62.000000	G4	90	80	1	-1	-3.342645
433	61.750000	62.250000	E-4	63	80	0	4	-4.476680
434	62.000000	62.500000	F3	90	80	1	-5	-3.842215
435	62.000000	62.500000	F4	90	80	1	-1	-1.202832
436	62.250000	62.750000	C4	63	80	0	2	-4.043146
437	62.500000	63.000000	E-3	90	80	1	-5	-4.510402
438	62.500000	63.000000	E-4	90	80	1	-1	-1.202832
439	62.750000	64.250000	C4	90	80	0	1	-4.802885
440	62.750000	64.250000	G4	90	80	0	2	-3.928858
441	63.000000	64.500000	B-1	90	80	1	-5	-4.456078
442	63.000000	64.500000	F2	90	80	1	-2	-4.203307
443	63.250000	63.500000	A-4	63	80	0	3	-3.190537
444	63.500000	63.750000	C5	63	80	0	1	-7.552163
445	63.750000	64.000000	A-5	63	80	0	3	-5.042408
446	64.000000	64.250000	C6	63	80	0	5	-3.340065
447	64.250000	65.750000	A-3	90	80	0	1	-8.167035
448	64.250000	65.750000	C4	90	80	0	2	-3.465862
449	64.250000	64.750000	D4	63	80	0	3	-2.675961
450	64.500000	65.500000	C2	63	80	1	-4	-4.045906
451	64.500000	67.500000	B-2	63	80	1	-1	-4.244654
452	64.750000	65.250000	E-4	63	80	0	4	-4.152325
453	65.250000	65.750000	D4	63	80	0	3	-3.302559
454	65.500000	66.000000	D-2	63	80	1	-4	-4.458307
455	65.750000	67.250000	C4	90	80	0	1	-4.689140
456	65.750000	67.250000	G4	90	80	0	2	-3.928858
457	66.000000	67.500000	D2	63	80	1	-3	-4.267903
458	66.250000	66.500000	A-4	63	80	0	3	-3.190537
459	66.500000	66.750000	C5	63	80	0	1	-7.552163
460	66.750000	67.000000	A-5	63	80	0	3	-5.042408
461	67.000000	67.250000	C6	63	80	0	5	-3.340065
462	67.250000	68.750000	A-3	90	80	0	1	-8.167035
463	67.250000	68.750000	C4	90	80	0	2	-3.465862
464	67.250000	67.750000	D4	63	80	0	3	-2.675961
465	67.500000	68.000000	E-2	63	80	1	-2	-3.081523
466	67.750000	68.250000	E-4	63	80	0	4	-4.152325
467	68.000000	68.500000	F2	63	80	1	-1	-2.464298
468	68.250000	68.750000	D4	63	80	0	3	-3.302559
469	68.500000	69.000000	G2	63	80	1	-3	-4.611792
470	68.750000	70.250000	C4	90	80	0	2	-2.287533
471	68.750000	70.250000	G4	90	80	0	5	-3.528229
472	69.000000	70.500000	A-2	63	80	1	-2	-3.081523
473	69.250000	69.500000	D4	90	80	0	3	-3.854029
474	69.500000	69.750000	G4	90	80	0	1	-5.548003
475	69.750000	70.000000	G5	90	80	0	5	-2.242366
476	70.000000	70.250000	C5	90	80	0	2	-3.263552
477	70.250000	70.500000	D5	90	80	0	3	-2.675961
478	70.500000	70.750000	G5	90	80	0	1	-5.548003
479	70.500000	72.000000	B-2	63	80	1	-1	-2.578439
480	70.750000	71.000000	G6	90	80	0	5	-2.242366
481	71.000000	71.250000	C6	90	80	0	2	-3.263552
482	71.250000	71.500000	D6	90	80	0	3	-2.675961
483	71.500000	71.750000	G6	90	80	0	1	-5.548003
484	71.750000	72.000000	G7	90	80	0	4	-3.867317
485	72.000000	72.250000	C7	90	80	0	5	-6.973780
486	72.000000	73.500000	A-2	63	80	1	-2	-2.745489
487	72.250000	72.500000	D5	90	80	0	1	-7.108616
488	72.500000	72.750000	G5	90	80	0	1	-7.004864
489	72.750000	73.000000	G6	90	80	0	4	-3.867317
490	73.000000	73.250000	C6	90	80	0	5	-6.973780
491	73.250000	73.500000	D4	90	80	0	1	-7.108616
492	73.500000	73.750000	G4	90	80	0	2	-2.963617
493	73.500000	74.500000	B-2	63	80	1	-1	-2.578439
494	73.750000	74.000000	G5	90	80	0	5	-5.608073
495	74.000000	74.250000	C5	90	80	0	1	-3.425130
496	74.500000	75.000000	A-2	63	80	1	-2	-2.745489
497	74.750000	76.250000	B3	90	80	0	1	-8.731319
498	74.750000	76.250000	G4	90	80	0	5	-3.707830
499	75.000000	76.500000	G2	90	80	1	-3	-3.281947
500	75.000000	76.500000	D3	90	80	1	-1	-3.342645
501	75.250000	75.500000	D4	90	80	0	3	-3.854029
502	75.500000	75.750000	G4	90	80	0	1	-5.548003
503	75.750000	76.000000	G5	90	80	0	5	-2.242366
504	76.000000	76.250000	D5	90	80	0	3	-3.854029
505	76.250000	76.500000	D5	90	80	0	3	-4.378151
506	76.500000	76.750000	G5	90	80	0	1	-5.548003
507	76.500000	80.500000	G2	90	80	1	-5	-3.242781
508	76.500000	80.500000	D3	90	80	1	-2	-2.554480
509	76.750000	77.000000	G6	90	80	0	5	-2.242366
510	77.000000	77.250000	B5	90	80	0	1	-2.845304
511	77.250000	77.500000	D6	90	80	0	3	-3.473158
512	77.500000	77.750000	G6	90	80	0	1	-5.548003
513	77.750000	78.000000	G7	90	80	0	5	-2.242366
514	78.000000	78.250000	B6	90	80	0	5	-7.617231
515	78.250000	78.500000	D5	90	80	0	1	-6.163296
516	78.500000	78.750000	G5	90	80	0	2	-2.963617
517	78.750000	79.000000	G6	90	80	0	5	-5.608073
518	79.000000	79.250000	B5	90	80	0	5	-7.617231
519	79.250000	79.500000	D4	90	80	0	1	-6.163296
520	79.500000	79.750000	G4	90	80	0	2	-2.963617
521	79.750000	80.000000	G5	90	80	0	5	-5.608073
522	80.000000	80.250000	B4	90	80	0	1	-2.845304
523	81.000000	81.250000	G5	51	80	0	5	-3.707830
524	81.000000	82.500000	G2	90	80	1	-5	-3.155341
525	81.000000	82.500000	D3	90	80	1	-2	-2.554480
526	81.250000	81.750000	G5	39	80	0	1	-5.027158
527	81.750000	82.250000	A-5	39	80	0	2	-3.900292
528	82.500000	82.750000	B-5	51	80	0	3	-2.675961
529	82.500000	87.000000	G2	90	80	1	-5	-3.155341
530	82.500000	87.000000	D3	90	80	1	-5	-5.954471
531	82.750000	83.250000	B-5	39	80	0	3	-4.378151
532	83.250000	83.750000	C6	39	80	0	5	-3.635747
533	84.000000	84.250000	G5	45	80	0	2	-3.071676
534	84.250000	84.500000	G5	45	80	0	2	-4.554564
535	84.500000	84.750000	A-5	45	80	0	3	-3.190537
536	84.750000	85.000000	B-5	45	80	0	4	-2.883688
537	85.000000	85.250000	C6	45	80	0	5	-3.871087
538	85.250000	86.750000	G5	45	80	0	2	-3.071676
539	86.500000	86.750000	D4	63	80	1	-1	-1.202832
540	86.750000	87.000000	B3	63	80	1	-2	-3.291596
541	87.000000	87.250000	G5	45	80	0	2	-4.554564
542	87.000000	88.500000	B-3	63	80	1	-3	-3.848567
543	87.250000	87.500000	A-5	45	80	0	3	-3.190537
544	87.500000	87.750000	F5	45	80	0	2	-3.286699
545	87.500000	87.666667	F4	63	80	1	-1	-3.687814
546	87.666667	87.833333	B-4	63	80	1	-2	-5.718611
547	87.750000	88.500000	C5	45	80	0	1	-3.434905
548	87.833333	88.000000	D-5	63	80	1	-1	-2.415329
549	88.000000	88.166667	E4	63	80	1	-5	-4.087479
550	88.166667	88.333333	B-4	63	80	1	-2	-5.232676
551	88.333333	88.500000	D-5	63	80	1	-1	-2.415329
552	88.500000	88.750000	F5	45	80	0	2	-2.963617
553	88.500000	90.000000	B-3	63	80	1	-5	-4.233080
554	88.750000	90.000000	C6	45	80	0	5	-3.528229
555	89.000000	89.166667	E-4	63	80	1	-5	-5.427640
556	89.166667	89.333333	B-4	63	80	1	-2	-2.554480
557	89.333333	89.500000	D-5	63	80	1	-1	-2.415329
558	89.500000	89.666667	E4	63	80	1	-5	-4.087479
559	89.666667	89.833333	B-4	63	80	1	-2	-5.232676
560	89.833333	90.000000	D-5	63	80	1	-1	-2.415329
561	90.000000	90.250000	F5	45	80	0	2	-3.263552
562	90.000000	91.500000	B-3	63	80	1	-5	-4.233080
563	90.250000	90.500000	C5	45	80	0	1	-3.434905
564	90.500000	90.750000	F5	45	80	0	2	-2.963617
565	90.500000	90.666667	F4	63	80	1	-4	-6.683330
566	90.666667	90.833333	B-4	63	80	1	-2	-3.159098
567	90.750000	91.000000	C6	45	80	0	3	-6.082358
568	90.833333	91.000000	D-5	63	80	1	-1	-2.415329
569	91.000000	91.250000	F6	45	80	0	5	-3.128600
570	91.000000	91.166667	E4	63	80	1	-5	-4.087479
571	91.166667	91.333333	B-4	63	80	1	-2	-5.232676
572	91.250000	91.416667	F6	90	80	0	4	-5.903128
573	91.250000	91.416667	A-6	90	80	0	5	-4.070264
574	91.333333	91.500000	D-5	63	80	1	-1	-2.415329
575	91.416667	91.583333	D-6	63	80	0	2	-3.263552
576	91.500000	93.000000	B-3	63	80	1	-5	-4.233080
577	91.583333	91.750000	A-5	63	80	0	1	-3.434905
578	92.000000	92.166667	E-4	63	80	1	-5	-5.427640
579	92.166667	92.333333	B-4	63	80	1	-2	-2.554480
580	92.250000	92.416667	F5	90	80	0	3	-7.999550
581	92.250000	92.416667	A-5	90	80	0	5	-3.990232
582	92.333333	92.500000	D-5	63	80	1	-1	-2.415329
583	92.416667	92.583333	D-5	63	80	0	2	-3.263552
584	92.500000	92.666667	E4	63	80	1	-5	-4.087479
585	92.583333	92.750000	A-4	63	80	0	1	-3.434905
586	92.666667	92.833333	B-4	63	80	1	-2	-5.232676
587	92.833333	93.000000	D-5	63	80	1	-1	-2.415329
588	93.000000	94.000000	A-3	63	80	1	-5	-3.781310
589	93.250000	93.416667	F6	90	80	0	2	-15.302238
590	93.250000	93.416667	A-6	90	80	0	3	-3.409656
591	93.416667	93.583333	D-6	63	80	0	1	-3.310457
592	93.500000	93.666667	C4	63	80	1	-4	-5.448648
593	93.583333	93.750000	A-5	63	80	0	4	-8.009427
594	93.666667	93.833333	F4	63	80	1	-2	-2.507290
595	93.833333	94.000000	A-4	63	80	1	-1	-3.101885
596	94.000000	94.500000	G3	63	80	1	-4	-6.757153
597	94.250000	94.416667	F5	90	80	0	3	-3.914844
598	94.250000	94.416667	A-5	90	80	0	5	-3.990232
599	94.416667	94.583333	D-5	63	80	0	2	-3.263552
600	94.500000	95.500000	F3	57	80	1	-5	-3.249332
601	94.583333	94.750000	A-4	63	80	0	1	-3.434905
602	94.750000	94.916667	E-5	63	80	0	3	-3.751952
603	94.750000	95.250000	G5	63	80	0	5	-3.340065
604	94.916667	95.083333	B-4	63	80	0	2	-4.240163
605	95.000000	95.166667	A-3	63	80	1	-4	-4.807638
606	95.083333	95.250000	G4	63	80	0	1	-3.360143
607	95.166667	95.333333	C4	63	80	1	-2	-2.871001
608	95.250000	95.416667	F5	63	80	0	4	-4.869085
609	95.250000	95.750000	A-5	63	80	0	5	-4.070264
610	95.333333	95.500000	A-4	63	80	1	-1	-6.027486
611	95.416667	95.583333	D-5	63	80	0	2	-3.263552
612	95.500000	96.000000	E-3	63	80	1	-4	-7.573765
613	95.583333	95.750000	A-4	63	80	0	1	-3.434905
614	95.750000	95.916667	E-5	63	80	0	3	-3.751952
615	95.750000	96.250000	G5	63	80	0	5	-3.340065
616	95.916667	96.083333	B-4	63	80	0	2	-4.240163
617	96.000000	97.000000	D3	63	80	1	-5	-4.693569
618	96.083333	96.250000	G4	63	80	0	1	-3.360143
619	96.250000	96.416667	D-5	63	80	0	3	-5.112123
620	96.250000	96.750000	F5	63	80	0	5	-3.340065
621	96.416667	96.583333	A-4	63	80	0	2	-4.240163
622	96.500000	96.666667	A-3	63	80	1	-3	-5.669550
623	96.583333	96.750000	F4	63	80	0	1	-3.360143
624	96.666667	96.833333	C4	63	80	1	-2	-4.126498
625	96.750000	97.000000	E-5	90	80	0	3	-5.527385
626	96.750000	97.000000	G5	90	80	0	5	-3.340065
627	96.833333	97.000000	F4	63	80	1	-1	-2.320150
628	97.000000	97.250000	F5	90	80	0	4	-2.814339
629	97.000000	97.250000	A-5	90	80	0	5	-4.070264
630	97.000000	97.500000	A-2	63	80	1	-5	-5.753604
631	97.250000	97.750000	G5	90	80	0	4	-4.300502
632	97.250000	97.750000	B-5	90	80	0	5	-4.070264
633	97.500000	99.000000	D-2	90	80	1	-5	-6.147898
634	97.500000	99.000000	A-2	90	80	1	-1	-3.477173
635	97.750000	97.916667	F5	90	80	0	3	-4.396088
636	97.750000	97.916667	A-5	90	80	0	5	-3.990232
637	97.916667	98.083333	D-5	63	80	0	2	-3.263552
638	98.000000	98.166667	D-5	90	80	1	-2	-7.937869
639	98.000000	98.166667	F5	90	80	1	-1	-3.262923
640	98.083333	98.250000	A-4	63	80	0	1	-3.434905
641	98.166667	98.333333	A-4	63	80	1	-4	-4.497131
642	98.333333	98.500000	F4	63	80	1	-1	-5.179099
643	98.750000	98.916667	F6	90	80	0	2	-15.302238
644	98.750000	98.916667	A-6	90	80	0	3	-3.409656
645	98.916667	99.083333	D-6	63	80	0	1	-3.310457
646	99.000000	99.166667	D-4	90	80	1	-2	-4.444474
647	99.000000	99.166667	F4	90	80	1	-1	-3.262923
648	99.083333	99.250000	A-5	63	80	0	4	-8.009427
649	99.166667	99.333333	A-3	63	80	1	-4	-4.497131
650	99.333333	99.500000	F3	63	80	1	-5	-4.987940
651	99.750000	99.916667	F5	63	80	0	3	-3.914844
652	99.750000	100.250000	A-5	63	80	0	5	-3.990232
653	99.916667	100.083333	D-5	63	80	0	2	-3.263552
654	100.000000	100.166667	D-5	90	80	1	-4	-7.566345
655	100.000000	100.166667	F5	90	80	1	-1	-5.939068
656	100.083333	100.250000	A-4	63	80	0	1	-3.434905
657	100.166667	100.333333	A-4	63	80	1	-4	-4.497131
658	100.333333	100.500000	F4	63	80	1	-1	-5.179099
659	100.750000	100.916667	E-5	63	80	0	3	-3.751952
660	100.750000	101.250000	G5	63	80	0	5	-3.340065
661	100.916667	101.083333	B-4	63	80	0	2	-4.240163
662	101.000000	103.000000	A-3	63	80	1	-5	-4.114892
663	101.000000	101.500000	E-4	63	80	1	-2	-2.554480
664	101.083333	101.250000	G4	63	80	0	1	-3.360143
665	101.250000	101.416667	F5	63	80	0	4	-4.869085
666	101.250000	101.750000	A-5	63	80	0	5	-4.070264
667	101.416667	101.583333	D-5	63	80	0	2	-3.263552
668	101.500000	102.000000	F4	63	80	1	-1	-2.464298
669	101.583333	101.750000	A-4	63	80	0	1	-3.434905
670	101.750000	101.916667	E-5	63	80	0	3	-3.751952
671	101.750000	102.250000	G5	63	80	0	5	-3.340065
672	101.916667	102.083333	B-4	63	80	0	2	-4.240163
673	102.000000	102.500000	E-4	63	80	1	-2	-3.299403
674	102.083333	102.250000	G4	63	80	0	1	-3.360143
675	102.250000	102.416667	D-5	63	80	0	3	-5.112123
676	102.250000	102.750000	F5	63	80	0	5	-3.340065
677	102.416667	102.916667	A-4	63	80	0	2	-4.240163
678	102.500000	103.000000	D-4	63	80	1	-1	-4.644141
679	102.583333	102.750000	F4	63	80	0	1	-3.360143
680	102.750000	103.000000	E-5	99	80	0	4	-4.568866
681	103.000000	103.250000	F5	99	80	0	5	-3.871087
682	103.000000	104.000000	A-2	63	80	1	-5	-3.781310
683	103.250000	103.750000	F4	90	80	0	1	-1.922714
684	103.250000	104.250000	A-4	90	80	0	3	-4.456068
685	103.250000	104.250000	C5	90	80	0	5	-3.340065
686	103.500000	105.000000	D-2	90	80	1	-5	-6.147898
687	103.750000	104.250000	E4	90	80	0	2	-4.028221
688	104.250000	104.750000	E-4	90	80	0	1	-4.846711
689	104.250000	104.500000	F4	90	80	0	2	-3.493146
690	104.250000	104.500000	A-4	90	80	0	3	-3.409656
691	104.500000	104.750000	G4	90	80	0	2	-2.803601
692	104.500000	104.750000	B-4	90	80	0	3	-3.409656
693	104.500000	104.666667	D-4	90	80	1	-2	-7.153101
694	104.500000	104.666667	F4	90	80	1	-1	-3.262923
695	104.666667	104.833333	A-3	63	80	1	-4	-4.497131
696	104.750000	105.250000	C5	90	80	0	5	-3.635747
697	104.750000	104.916667	C5	90	80	0	5	-4.495609
698	104.833333	105.000000	F3	63	80	1	-5	-4.987940
699	104.916667	105.083333	A-4	90	80	0	3	-4.491606
700	105.083333	105.250000	D4	90	80	0	1	-4.323321
701	105.250000	105.750000	F5	90	80	0	5	-6.268865
702	105.250000	105.416667	F5	90	80	0	5	-4.495609
703	105.416667	105.583333	C5	90	80	0	2	-3.071676
704	105.500000	105.666667	D-5	90	80	1	-4	-7.566345
705	105.500000	105.666667	F5	90	80	1	-1	-5.939068
706	105.583333	105.750000	A-4	90	80	0	1	-3.898407
707	105.666667	105.833333	A-4	63	80	1	-4	-4.497131
708	105.750000	106.250000	A-5	90	80	0	5	-2.242366
709	105.750000	105.916667	A-5	90	80	0	5	-4.495609
710	105.833333	106.000000	F4	63	80	1	-1	-5.179099
711	105.916667	106.083333	F5	90	80	0	4	-4.503222
712	106.083333	106.250000	C5	90	80	0	2	-3.266530
713	106.500000	106.666667	D-4	90	80	1	-2	-4.444474
714	106.500000	106.666667	F4	90	80	1	-1	-3.262923
715	106.666667	106.833333	A-3	63	80	1	-4	-4.497131
716	106.750000	107.250000	A-4	90	80	0	1	-3.898407
717	106.750000	107.250000	C5	90	80	0	3	-4.456068
718	106.833333	107.000000	F3	63	80	1	-5	-4.987940
719	107.000000	107.500000	E-4	63	80	1	-2	-4.731534
720	107.250000	107.500000	F4	90	80	0	1	-3.310457
721	107.250000	107.500000	A-4	90	80	0	2	-3.246278
722	107.500000	107.750000	G4	90	80	0	1	-3.290753
723	107.500000	107.750000	B-4	90	80	0	2	-3.246278
724	107.500000	108.000000	F4	63	80	1	-1	-2.464298
725	107.750000	109.250000	A-4	90	80	0	1	-2.609267
726	107.750000	109.250000	C5	90	80	0	2	-3.465862
727	108.000000	108.500000	E-4	63	80	1	-2	-3.299403
728	108.250000	108.750000	F5	63	80	0	4	-2.909306
729	108.500000	109.000000	D-4	63	80	1	-3	-2.891080
730	108.750000	109.250000	A-5	63	80	0	5	-4.070264
731	109.000000	109.500000	A-3	63	80	1	-1	-6.083116
732	109.500000	109.666667	F2	63	80	1	-5	-5.012184
733	109.666667	109.833333	C3	63	80	1	-2	-2.554480
734	109.750000	110.250000	C5	90	80	0	1	-3.738292
735	109.750000	110.750000	E-5	90	80	0	2	-3.246278
736	109.750000	110.750000	G5	90	80	0	3	-4.453766
737	109.750000	110.250000	C6	90	80	0	5	-3.128600
738	109.833333	110.000000	F2	63	80	1	-5	-3.155341
739	110.000000	110.166667	C3	63	80	1	-2	-2.554480
740	110.166667	110.333333	F2	63	80	1	-5	-3.155341
741	110.250000	110.750000	B-4	90	80	0	1	-4.588094
742	110.250000	110.750000	B-5	90	80	0	5	-2.242366
743	110.333333	110.500000	C3	63	80	1	-2	-2.554480
744	110.500000	110.666667	F2	63	80	1	-5	-3.155341
745	110.666667	110.833333	C3	63	80	1	-1	-3.477173
746	110.750000	111.250000	A-4	90	80	0	1	-3.460971
747	110.750000	111.250000	D-5	90	80	0	2	-2.963617
748	110.750000	111.250000	A-5	90	80	0	5	-3.528229
749	110.833333	111.000000	F2	63	80	1	-2	-4.659581
750	111.000000	111.250000	B-1	63	80	1	-5	-4.815138
751	111.250000	111.500000	G4	90	80	0	1	-4.287540
752	111.250000	112.250000	D-5	126	80	0	2	-5.017340
753	111.250000	111.500000	G5	90	80	0	5	-4.764150
754	111.250000	111.500000	B-2	63	80	1	-1	-1.202832
755	111.500000	111.750000	A-4	90	80	0	1	-4.221033
756	111.500000	111.750000	A-5	90	80	0	5	-2.242366
757	111.500000	111.750000	F3	63	80	1	-4	-6.237620
758	111.750000	112.500000	F4	90	80	0	1	-4.990776
759	111.750000	112.500000	F5	90	80	0	5	-2.242366
760	111.750000	112.000000	A-3	63	80	1	-2	-3.337019
761	112.000000	112.250000	B-3	63	80	1	-1	-2.578439
762	112.250000	113.250000	B-4	90	80	0	2	-3.763668
763	112.250000	113.250000	D-5	90	80	0	4	-2.758588
764	112.250000	112.500000	C4	63	80	1	-5	-6.473863
765	112.500000	112.750000	G4	90	80	0	1	-3.845468
766	112.500000	112.750000	G5	90	80	0	5	-2.242366
767	112.500000	113.000000	G4	63	80	1	-2	-2.554480
768	112.500000	112.666667	G4	63	80	1	-1	-4.535716
769	112.666667	112.833333	C4	63	80	1	-2	-4.659581
770	112.750000	113.250000	E-4	90	80	0	1	-5.436724
771	112.750000	113.250000	E-5	90	80	0	5	-2.242366
772	112.833333	113.000000	A-3	63	80	1	-4	-4.647576
773	113.000000	113.500000	F4	63	80	1	-1	-4.387723
774	113.000000	113.166667	F4	63	80	1	-1	-4.426668
775	113.166667	113.333333	C4	63	80	1	-2	-3.456527
776	113.250000	113.500000	B-3	90	80	0	1	-4.498352
777	113.250000	113.500000	G4	90	80	0	4	-4.946245
778	113.250000	113.500000	B-4	90	80	0	5	-4.070264
779	113.333333	113.500000	A-3	63	80	1	-4	-4.647576
780	113.500000	113.750000	D-4	90	80	0	1	-2.845304
781	113.500000	113.750000	D-5	90	80	0	5	-2.242366
782	113.500000	114.000000	E4	63	80	1	-1	-3.887622
783	113.500000	113.666667	E4	63	80	1	-1	-4.426668
784	113.666667	113.833333	C4	63	80	1	-2	-3.291596
785	113.750000	115.250000	F4	90	80	0	1	-3.738292
786	113.750000	114.250000	D-5	99	80	0	3	-5.042408
787	113.750000	115.250000	F5	90	80	0	5	-3.340065
788	113.833333	114.000000	A-3	63	80	1	-4	-4.647576
789	114.000000	114.500000	E-4	63	80	1	-1	-2.959487
790	114.000000	114.166667	E-4	63	80	1	-1	-4.426668
791	114.166667	114.333333	A-3	63	80	1	-3	-4.266477
792	114.250000	115.000000	C5	99	80	0	3	-3.854029
793	114.333333	114.500000	F3	63	80	1	-4	-4.404178
794	114.500000	115.000000	D4	63	80	1	-1	-3.451917
795	114.500000	114.666667	D4	63	80	1	-1	-4.426668
796	114.666667	114.833333	A-3	63	80	1	-2	-5.099885
797	114.833333	115.000000	F3	63	80	1	-1	-5.183592
798	115.000000	115.250000	A-4	99	80	0	2	-5.111623
799	115.000000	115.166667	B-2	63	80	1	-4	-4.339145
800	115.166667	115.333333	F3	63	80	1	-1	-3.887622
801	115.250000	116.750000	E4	90	80	0	1	-4.134704
802	115.250000	115.500000	B-4	99	80	0	2	-5.017340
803	115.250000	116.750000	E5	90	80	0	5	-4.764150
804	115.333333	115.500000	B-2	63	80	1	-5	-4.332318
805	115.500000	115.750000	C5	99	80	0	3	-3.509161
806	115.500000	116.000000	E-1	90	80	1	-5	-5.793445
807	115.500000	116.000000	E-2	90	80	1	-5	-5.534856
808	115.750000	116.250000	G4	99	80	0	1	-2.905888
809	116.000000	116.500000	D-4	90	80	1	-3	-8.212705
810	116.000000	116.500000	E4	90	80	1	-2	-2.872099
811	116.000000	116.500000	G4	90	80	1	-1	-2.415329
812	116.250000	116.500000	B-4	99	80	0	2	-3.246278
813	116.500000	116.750000	C5	99	80	0	3	-3.265372
814	116.500000	117.000000	E-1	90	80	1	-5	-5.704159
815	116.500000	117.000000	E-2	90	80	1	-1	-1.202832
816	116.750000	117.250000	F5	90	80	0	1	-5.548003
817	116.750000	117.250000	A-5	90	80	0	2	-3.246278
818	116.750000	117.250000	F6	90	80	0	5	-4.457166
819	117.000000	117.500000	F1	90	80	1	-5	-4.087479
820	117.000000	117.500000	F2	90	80	1	-4	-4.924626
821	117.250000	118.000000	C5	90	80	0	1	-4.498352
822	117.250000	118.000000	F5	90	80	0	2	-2.963617
823	117.250000	118.000000	C6	90	80	0	5	-3.528229
824	117.500000	118.000000	A-3	90	80	1	-2	-6.817477
825	117.500000	118.000000	D-4	90	80	1	-1	-2.320150
826	118.000000	118.250000	A-4	90	80	0	1	-5.436724
827	118.000000	118.250000	A-5	90	80	0	5	-2.242366
828	118.000000	118.500000	F1	90	80	1	-5	-5.805721
829	118.000000	118.500000	F2	90	80	1	-1	-1.202832
830	118.250000	118.500000	B-4	90	80	0	1	-3.027253
831	118.250000	118.500000	E5	90	80	0	2	-5.302163
832	118.250000	118.500000	B-5	90	80	0	4	-5.307691
833	118.500000	118.750000	C5	90	80	0	1	-3.493957
834	118.500000	118.750000	C6	90	80	0	5	-2.242366
835	118.500000	119.000000	G1	90	80	1	-5	-3.181034
836	118.500000	119.000000	G2	90	80	1	-1	-1.202832
837	118.750000	119.250000	G4	90	80	0	1	-4.498352
838	118.750000	119.250000	G5	90	80	0	5	-2.242366
839	119.000000	119.500000	E-3	90	80	1	-5	-8.591130
840	119.000000	119.500000	B-3	90	80	1	-2	-2.554480
841	119.000000	119.500000	D-4	90	80	1	-1	-2.415329
842	119.250000	119.500000	B-4	90	80	0	1	-3.521239
843	119.250000	119.500000	G5	90	80	0	4	-4.946245
844	119.250000	119.500000	B-5	90	80	0	5	-4.070264
845	119.500000	119.750000	C5	90	80	0	1	-4.031984
846	119.500000	119.750000	C6	90	80	0	5	-2.242366
847	119.500000	120.000000	E-1	90	80	1	-5	-4.456078
848	119.500000	120.000000	E-2	90	80	1	-1	-1.202832
849	119.750000	120.750000	D-5	90	80	0	1	-4.221033
850	119.750000	120.250000	B-5	99	80	0	3	-4.659051
851	119.750000	120.750000	D-6	90	80	0	5	-2.681011
852	120.000000	121.500000	D-1	90	80	1	-5	-3.842215
853	120.000000	121.500000	D-2	90	80	1	-1	-1.202832
854	120.250000	120.750000	A-5	99	80	0	2	-3.071676
855	120.500000	121.250000	C4	63	80	1	-1	-15.345518
856	120.750000	121.750000	F5	90	80	0	1	-3.360143
857	120.750000	121.250000	F5	99	80	0	1	-4.507997
858	120.750000	121.750000	F6	90	80	0	5	-2.242366
859	121.250000	121.500000	A-3	63	80	1	-3	-4.924354
860	121.500000	121.750000	B-3	63	80	1	-2	-2.510186
861	121.750000	122.000000	B-5	99	80	0	2	-3.763668
862	121.750000	122.000000	C4	63	80	1	-1	-2.464298
863	122.000000	122.250000	C6	99	80	0	4	-3.580467
864	122.000000	122.500000	G3	63	80	1	-2	-3.456527
865	122.250000	122.750000	B-5	99	80	0	3	-3.510496
866	122.250000	122.750000	D-6	99	80	0	5	-2.681011
867	122.500000	123.000000	B-3	63	80	1	-1	-3.101885
868	123.000000	123.500000	D-2	90	80	1	-5	-5.860818
869	123.000000	123.500000	D-3	90	80	1	-1	-1.202832
870	123.250000	124.250000	D-5	99	80	0	1	-1.922714
871	123.250000	123.750000	F5	99	80	0	2	-3.465862
872	123.500000	124.000000	A-3	90	80	1	-5	-5.919258
873	123.500000	124.000000	D-4	90	80	1	-2	-3.272976
874	123.500000	124.000000	F4	90	80	1	-1	-3.262923
875	123.750000	124.250000	C6	99	80	0	5	-3.528229
876	124.000000	124.500000	D-2	90	80	1	-5	-5.704159
877	124.000000	124.500000	D-3	90	80	1	-1	-1.202832
878	124.500000	125.000000	G3	90	80	1	-4	-8.632181
879	124.500000	125.000000	D-4	90	80	1	-2	-5.758735
880	124.500000	125.000000	E4	90	80	1	-1	-2.464298
881	124.750000	125.750000	D-4	99	80	0	1	-8.167035
882	124.750000	125.250000	F4	90	80	0	2	-3.465862
883	124.750000	125.250000	C5	90	80	0	5	-3.528229
884	125.000000	125.500000	D-2	90	80	1	-5	-5.704159
885	125.000000	125.500000	D-3	90	80	1	-1	-1.202832
886	125.250000	125.750000	E-4	90	80	0	2	-4.240163
887	125.250000	125.750000	G4	90	80	0	4	-3.927704
888	125.500000	126.000000	C2	90	80	1	-5	-4.645128
889	125.500000	126.000000	C3	90	80	1	-1	-1.202832
890	126.000000	126.500000	B-1	90	80	1	-5	-4.510402
891	126.000000	126.500000	B-2	90	80	1	-1	-1.202832
892	126.250000	126.750000	C4	63	80	0	1	-2.857522
893	126.250000	126.500000	B-4	63	80	0	5	-4.874096
894	126.500000	126.750000	A-4	63	80	0	4	-2.814339
895	126.500000	127.000000	F3	90	80	1	-4	-6.237620
896	126.500000	127.000000	D-4	90	80	1	-1	-4.009808
897	126.750000	127.250000	C-4	63	80	0	1	-3.493957
898	126.750000	127.000000	F4	63	80	0	3	-3.751952
899	127.000000	127.250000	A-4	63	80	0	5	-3.990232
900	127.000000	127.500000	B-3	90	80	1	-3	-4.276897
901	127.000000	127.500000	F4	90	80	1	-1	-3.687814
902	127.500000	128.000000	D-4	90	80	1	-5	-5.919258
903	127.500000	128.000000	B-4	90	80	1	-2	-4.349399
904	127.750000	128.250000	C4	63	80	0	1	-3.738292
905	127.750000	128.000000	B-4	63	80	0	4	-4.568866
906	128.000000	128.250000	A-4	63	80	0	3	-2.238713
907	128.000000	128.500000	F4	90	80	1	-4	-4.761119
908	128.000000	128.500000	D-5	90	80	1	-1	-4.009808
909	128.250000	128.750000	D-4	90	80	0	1	-3.310457
910	128.250000	128.750000	G4	90	80	0	2	-5.302163
911	128.250000	128.500000	B-4	63	80	0	3	-3.409656
912	128.500000	128.750000	C5	63	80	0	5	-3.635747
913	128.500000	129.000000	B-4	90	80	1	-3	-4.276897
914	128.500000	129.000000	F5	90	80	1	-1	-3.687814
915	129.000000	130.500000	B-3	63	80	1	-5	-6.587391
916	129.250000	129.750000	C4	63	80	0	1	-1.922714
917	129.250000	129.500000	B-4	63	80	0	5	-4.874096
918	129.500000	129.750000	A-4	63	80	0	4	-2.814339
919	129.500000	130.000000	A-4	63	80	1	-1	-3.610078
920	129.750000	130.250000	C-4	63	80	0	1	-3.493957
921	129.750000	130.000000	F4	63	80	0	3	-3.751952
922	130.000000	130.250000	A-4	63	80	0	5	-3.990232
923	130.000000	130.500000	G4	63	80	1	-2	-4.597368
924	130.250000	130.750000	C4	63	80	0	1	-3.738292
925	130.250000	130.500000	B-4	63	80	0	4	-4.568866
926	130.500000	130.750000	A-4	63	80	0	3	-2.238713
927	130.500000	132.000000	E-3	63	80	1	-5	-5.273430
928	130.750000	131.250000	E-4	63	80	0	1	-2.905888
929	130.750000	131.000000	C5	63	80	0	5	-4.733635
930	131.000000	131.250000	E-5	63	80	0	1	-7.108616
931	131.250000	131.500000	A-5	63	80	0	3	-3.401091
932	131.500000	131.750000	C6	63	80	0	5	-3.340065
933	132.000000	133.500000	A-2	63	80	1	-5	-6.147898
934	132.250000	132.750000	C5	90	80	0	1	-1.922714
935	132.250000	132.750000	G-5	90	80	0	3	-5.112123
936	132.250000	132.500000	B-5	63	80	0	5	-2.681011
937	132.500000	132.750000	A-5	63	80	0	4	-2.814339
938	132.500000	133.000000	E-3	63	80	1	-2	-2.554480
939	132.750000	133.250000	C-5	63	80	0	1	-3.493957
940	132.750000	133.000000	F5	63	80	0	3	-3.751952
941	133.000000	133.250000	A-5	63	80	0	5	-3.990232
942	133.000000	133.500000	D3	63	80	1	-1	-3.931111
943	133.500000	135.000000	A-2	63	80	1	-5	-6.372304
944	133.750000	134.250000	C5	90	80	0	1	-3.738292
945	133.750000	134.250000	G-5	90	80	0	2	-5.017340
946	133.750000	134.000000	B-5	63	80	0	4	-2.758588
947	134.000000	134.250000	A-5	63	80	0	3	-2.238713
948	134.000000	134.500000	E-3	63	80	1	-2	-2.554480
949	134.250000	134.750000	D-5	90	80	0	1	-3.310457
950	134.250000	134.750000	G5	90	80	0	2	-5.302163
951	134.250000	134.500000	B-5	63	80	0	3	-3.409656
952	134.500000	134.750000	C6	63	80	0	5	-3.635747
953	134.500000	135.000000	E3	63	80	1	-1	-3.404249
954	135.000000	136.500000	A-2	63	80	1	-5	-4.332318
955	135.250000	135.750000	C5	90	80	0	1	-1.922714
956	135.250000	135.750000	G-5	90	80	0	3	-5.112123
957	135.250000	135.500000	B-5	63	80	0	5	-2.681011
958	135.500000	135.750000	A-5	63	80	0	4	-2.814339
959	135.500000	136.000000	E-3	63	80	1	-2	-2.554480
960	135.750000	136.250000	C-5	63	80	0	1	-3.493957
961	135.750000	136.000000	F5	63	80	0	3	-3.751952
962	136.000000	136.250000	A-5	63	80	0	5	-3.990232
963	136.000000	136.500000	D3	63	80	1	-3	-3.281947
964	136.250000	136.750000	C5	90	80	0	1	-3.738292
965	136.250000	136.750000	G-5	90	80	0	2	-5.017340
966	136.250000	136.500000	B-5	63	80	0	4	-2.758588
967	136.500000	136.750000	A-5	63	80	0	3	-2.238713
968	136.500000	137.000000	E-3	63	80	1	-2	-3.081523
969	136.750000	137.000000	C6	63	80	0	5	-3.340065
970	137.000000	137.250000	E-6	63	80	0	1	-7.108616
971	137.000000	137.500000	A-3	63	80	1	-1	-2.320150
972	137.250000	137.500000	A-6	63	80	0	2	-2.963617
973	137.500000	137.750000	C7	63	80	0	4	-3.927704
974	137.500000	138.000000	C4	63	80	1	-4	-7.964472
975	137.750000	138.250000	C-7	90	80	0	3	-2.238713
976	137.750000	138.250000	E-7	90	80	0	5	-3.549127
977	138.000000	138.250000	F5	96	80	0	1	-14.827075
978	138.000000	139.000000	E-4	63	80	1	-2	-3.337019
979	138.250000	138.750000	F5	84	80	0	1	-4.507997
980	138.500000	139.500000	A-4	63	80	1	-1	-2.320150
981	138.750000	139.250000	G-5	84	80	0	2	-3.900292
982	139.000000	139.500000	D4	63	80	1	-4	-6.237620
983	139.500000	139.750000	A-5	96	80	0	3	-2.675961
984	139.500000	140.500000	E-4	63	80	1	-3	-2.906925
985	139.750000	140.250000	A-5	84	80	0	3	-4.378151
986	140.000000	141.000000	A-4	63	80	1	-1	-2.717521
987	140.250000	140.750000	B-5	84	80	0	4	-2.883688
988	140.500000	141.000000	E4	63	80	1	-2	-4.597368
989	141.000000	141.250000	F5	90	80	0	2	-4.058569
990	141.000000	142.000000	E-4	63	80	1	-3	-3.848567
991	141.250000	141.500000	F5	90	80	0	2	-4.554564
992	141.500000	141.750000	G-5	90	80	0	3	-3.190537
993	141.500000	142.500000	A-4	63	80	1	-1	-2.717521
994	141.750000	142.000000	A-5	90	80	0	4	-2.883688
995	142.000000	142.250000	B-5	90	80	0	5	-2.706622
996	142.000000	142.500000	D4	63	80	1	-3	-6.759922
997	142.250000	142.750000	F5	84	80	0	3	-4.396088
998	142.500000	143.000000	E-4	90	80	1	-2	-3.081523
999	142.500000	143.000000	E-4	63	80	1	-2	-3.999177
1000	142.500000	143.000000	A-4	90	80	1	-1	-2.320150
1001	142.750000	143.500000	B-6	90	80	0	3	-14.967990
1002	142.750000	143.500000	D-7	90	80	0	5	-2.681011
1003	143.000000	143.500000	A-4	63	80	1	-2	-4.675782
1004	143.500000	143.750000	G6	90	80	0	2	-4.646957
1005	143.500000	143.750000	B-6	90	80	0	3	-3.409656
1006	143.500000	144.000000	C5	63	80	1	-1	-3.262923
1007	143.750000	144.000000	A-6	90	80	0	2	-2.287533
1008	143.750000	144.000000	C-7	90	80	0	3	-3.265372
1009	144.000000	144.250000	B-6	90	80	0	2	-3.151465
1010	144.000000	144.250000	D-7	90	80	0	4	-2.758588
1011	144.000000	144.500000	E-4	90	80	1	-4	-4.497131
1012	144.000000	144.500000	A-4	90	80	1	-2	-2.507290
1013	144.000000	144.500000	C-5	90	80	1	-1	-2.464298
1014	144.250000	144.750000	F6	90	80	0	1	-3.549056
1015	144.250000	144.750000	A-6	90	80	0	2	-3.246278
1016	144.500000	145.000000	A-3	63	80	1	-5	-4.510402
1017	144.750000	145.000000	A-6	90	80	0	2	-4.554564
1018	144.750000	145.000000	C-7	90	80	0	3	-3.265372
1019	145.000000	145.250000	B-6	90	80	0	2	-3.151465
1020	145.000000	145.250000	D-7	90	80	0	3	-3.012122
1021	145.000000	145.500000	E-4	90	80	1	-3	-3.416097
1022	145.000000	145.500000	A-4	90	80	1	-2	-3.936874
1023	145.000000	145.500000	C-5	90	80	1	-1	-2.464298
1024	145.250000	145.750000	C-7	90	80	0	2	-3.286699
1025	145.250000	145.750000	E-7	90	80	0	4	-3.522723
1026	145.500000	145.750000	F4	96	80	0	1	-7.338864
1027	145.500000	146.000000	A-3	63	80	1	-5	-4.510402
1028	145.750000	146.250000	F3	84	80	0	1	-7.395652
1029	146.000000	146.500000	E-4	90	80	1	-3	-3.416097
1030	146.000000	146.500000	A-4	90	80	1	-2	-3.936874
1031	146.000000	146.500000	C-5	90	80	1	-1	-2.464298
1032	146.250000	146.750000	G-3	84	80	0	2	-3.900292
1033	146.500000	147.000000	A-3	63	80	1	-5	-4.510402
1034	147.000000	147.250000	A-3	96	80	0	3	-2.675961
1035	147.000000	147.500000	E-4	90	80	1	-3	-3.416097
1036	147.000000	147.500000	A-4	90	80	1	-2	-3.936874
1037	147.000000	147.500000	C-5	90	80	1	-1	-2.464298
1038	147.250000	147.750000	A-3	84	80	0	2	-4.935872
1039	147.500000	148.000000	A-3	63	80	1	-5	-4.510402
1040	147.750000	148.250000	B-3	84	80	0	3	-2.675961
1041	148.000000	148.500000	E-4	90	80	1	-3	-3.416097
1042	148.000000	148.500000	A-4	90	80	1	-2	-3.936874
1043	148.000000	148.500000	C-5	90	80	1	-1	-2.464298
1044	148.500000	148.750000	F3	96	80	0	1	-3.996553
1045	148.500000	149.000000	A-3	63	80	1	-5	-4.510402
1046	148.750000	149.000000	F3	96	80	0	1	-4.507997
1047	149.000000	149.250000	G-3	96	80	0	2	-3.900292
1048	149.000000	149.500000	E-4	90	80	1	-3	-3.416097
1049	149.000000	149.500000	A-4	90	80	1	-2	-3.936874
1050	149.000000	149.500000	C-5	90	80	1	-1	-2.464298
1051	149.250000	149.500000	A-3	96	80	0	3	-2.675961
1052	149.500000	149.750000	B-3	96	80	0	4	-2.883688
1053	149.500000	150.000000	A-3	63	80	1	-5	-4.510402
1054	149.750000	152.750000	F3	84	80	0	1	-4.866697
1055	150.000000	150.500000	D4	90	80	1	-3	-5.278707
1056	150.000000	150.500000	F4	90	80	1	-2	-3.046717
1057	150.000000	150.500000	C-5	90	80	1	-1	-2.320150
1058	150.500000	151.000000	A-3	63	80	1	-5	-4.510402
1059	151.000000	151.500000	D4	90	80	1	-3	-5.278707
1060	151.000000	151.500000	F4	90	80	1	-2	-3.046717
1061	151.000000	151.500000	C-5	90	80	1	-1	-2.320150
1062	151.500000	152.000000	A-3	63	80	1	-5	-4.510402
1063	152.000000	152.500000	E-4	90	80	1	-3	-3.416097
1064	152.000000	152.500000	A-4	90	80	1	-2	-3.936874
1065	152.000000	152.500000	C-5	90	80	1	-1	-2.464298
1066	152.500000	153.000000	C-4	63	80	1	-5	-2.314770
1067	153.000000	153.250000	G4	96	80	0	5	-5.684589
1068	153.000000	153.500000	E-4	90	80	1	-4	-4.565377
1069	153.000000	153.500000	A-4	90	80	1	-2	-2.507290
1070	153.000000	153.500000	C-5	90	80	1	-1	-2.464298
1071	153.250000	153.750000	G4	84	80	0	1	-5.027158
1072	153.500000	154.000000	C-4	63	80	1	-5	-2.314770
1073	153.750000	154.250000	A-4	84	80	0	2	-3.900292
1074	154.000000	154.500000	E-4	90	80	1	-4	-4.565377
1075	154.000000	154.500000	A-4	90	80	1	-2	-2.507290
1076	154.000000	154.500000	C-5	90	80	1	-1	-2.464298
1077	154.500000	154.750000	B-4	96	80	0	3	-2.675961
1078	154.500000	155.000000	C-4	63	80	1	-5	-2.314770
1079	154.750000	155.250000	B-4	84	80	0	2	-4.935872
1080	155.000000	155.500000	E-4	90	80	1	-4	-4.565377
1081	155.000000	155.500000	A-4	90	80	1	-2	-2.507290
1082	155.000000	155.500000	C-5	90	80	1	-1	-2.464298
1083	155.250000	155.750000	C5	84	80	0	3	-3.265372
1084	155.500000	156.000000	C-4	63	80	1	-5	-2.314770
1085	156.000000	156.250000	G4	96	80	0	1	-2.905888
1086	156.000000	156.500000	E-4	90	80	1	-4	-4.565377
1087	156.000000	156.500000	A-4	90	80	1	-2	-2.507290
1088	156.000000	156.500000	C-5	90	80	1	-1	-2.464298
1089	156.250000	156.500000	G4	96	80	0	1	-4.507997
1090	156.500000	156.750000	A-4	96	80	0	2	-3.900292
1091	156.500000	157.000000	C-4	63	80	1	-5	-2.314770
1092	156.750000	157.000000	B-4	96	80	0	3	-2.675961
1093	157.000000	157.250000	C5	96	80	0	4	-4.111873
1094	157.000000	157.500000	E-4	90	80	1	-4	-4.565377
1095	157.000000	157.500000	A-4	90	80	1	-2	-2.507290
1096	157.000000	157.500000	C-5	90	80	1	-1	-2.464298
1097	157.250000	157.750000	G4	96	80	0	1	-3.216633
1098	157.500000	158.000000	C-4	63	80	1	-5	-2.314770
1099	157.750000	158.500000	C6	90	80	0	4	-8.009427
1100	157.750000	158.500000	E-6	90	80	0	5	-4.070264
1101	158.000000	158.500000	C-4	90	80	1	-5	-4.242005
1102	158.000000	158.500000	E-4	90	80	1	-3	-3.351805
1103	158.000000	158.500000	A-4	90	80	1	-1	-2.717521
1104	158.500000	158.750000	A5	90	80	0	2	-4.646957
1105	158.500000	158.750000	C6	90	80	0	3	-3.012122
1106	158.500000	159.000000	A-3	63	80	1	-5	-2.314770
1107	158.750000	159.000000	B-5	90	80	0	2	-3.032881
1108	158.750000	159.000000	D-6	90	80	0	3	-3.012122
1109	159.000000	159.250000	C6	90	80	0	2	-2.803601
1110	159.000000	159.250000	E-6	90	80	0	4	-4.064995
1111	159.000000	160.500000	G1	90	80	1	-5	-14.925206
1112	159.000000	160.500000	G2	90	80	1	-5	-5.534856
1113	159.250000	159.750000	G5	90	80	0	1	-3.549056
1114	159.250000	159.750000	B-5	90	80	0	2	-3.246278
1115	159.500000	160.000000	B-3	90	80	1	-3	-8.212705
1116	159.500000	160.000000	D-4	90	80	1	-2	-3.046717
1117	159.500000	160.000000	F4	90	80	1	-1	-3.262923
1118	159.750000	160.000000	B-5	90	80	0	2	-4.554564
1119	159.750000	160.000000	D-6	90	80	0	3	-3.012122
1120	160.000000	160.250000	C6	90	80	0	2	-2.803601
1121	160.000000	160.250000	E-6	90	80	0	4	-4.064995
1122	160.000000	160.500000	F3	63	80	1	-5	-2.314770
1123	160.250000	160.750000	D-6	90	80	0	3	-2.238713
1124	160.250000	160.750000	F6	90	80	0	5	-3.340065
1125	160.500000	160.750000	G4	96	80	0	1	-7.108616
1126	160.500000	161.000000	B-3	90	80	1	-3	-3.351805
1127	160.500000	161.000000	D-4	90	80	1	-2	-3.046717
1128	160.500000	161.000000	F4	90	80	1	-1	-3.262923
1129	160.750000	161.250000	G4	84	80	0	1	-4.507997
1130	161.000000	161.500000	F3	63	80	1	-5	-2.314770
1131	161.250000	161.750000	A-4	84	80	0	2	-3.900292
1132	161.500000	162.000000	B-3	90	80	1	-3	-3.351805
1133	161.500000	162.000000	D-4	90	80	1	-2	-3.046717
1134	161.500000	162.000000	F4	90	80	1	-1	-3.262923
1135	162.000000	162.250000	B-4	96	80	0	3	-2.675961
1136	162.000000	162.500000	F3	63	80	1	-5	-2.314770
1137	162.250000	162.750000	B-4	84	80	0	3	-4.378151
1138	162.500000	163.000000	B-3	90	80	1	-3	-3.351805
1139	162.500000	163.000000	D-4	90	80	1	-2	-3.046717
1140	162.500000	163.000000	F4	90	80	1	-1	-3.262923
1141	162.750000	163.250000	C5	84	80	0	5	-3.635747
1142	163.000000	163.500000	F3	63	80	1	-5	-2.314770
1143	163.500000	163.750000	G4	96	80	0	2	-3.071676
1144	163.500000	164.000000	F3	63	80	1	-5	-4.242005
1145	163.750000	164.000000	G4	96	80	0	2	-4.554564
1146	164.000000	164.250000	A-4	96	80	0	3	-3.190537
1147	164.000000	164.500000	B-3	90	80	1	-3	-3.351805
1148	164.000000	164.500000	D-4	90	80	1	-2	-3.046717
1149	164.000000	164.500000	F4	90	80	1	-1	-3.262923
1150	164.250000	164.500000	B-4	96	80	0	4	-2.883688
1151	164.500000	164.750000	C5	96	80	0	5	-3.871087
1152	164.500000	165.000000	F3	63	80	1	-5	-2.314770
1153	164.750000	166.250000	G4	90	80	0	2	-3.071676
1154	165.000000	165.500000	B-3	90	80	1	-3	-3.351805
1155	165.000000	165.500000	D-4	90	80	1	-2	-3.046717
1156	165.000000	165.500000	E4	90	80	1	-1	-2.464298
1157	165.500000	166.000000	F3	63	80	1	-5	-3.181034
1158	166.000000	166.500000	B-3	90	80	1	-3	-3.351805
1159	166.000000	166.500000	D-4	90	80	1	-2	-3.046717
1160	166.000000	166.500000	E4	90	80	1	-1	-2.464298
1161	166.500000	166.750000	G4	90	80	0	2	-4.554564
1162	166.500000	168.000000	G1	90	80	1	-5	-4.456078
1163	166.500000	168.000000	G2	90	80	1	-5	-5.534856
1164	166.750000	167.000000	A-4	90	80	0	3	-3.190537
1165	167.000000	167.250000	F4	90	80	0	2	-3.286699
1166	167.000000	167.500000	B-3	90	80	1	-3	-8.212705
1167	167.000000	167.500000	D-4	90	80	1	-2	-3.046717
1168	167.000000	167.500000	F4	90	80	1	-1	-3.262923
1169	167.250000	168.000000	C4	90	80	0	1	-3.434905
1170	167.500000	168.000000	F3	63	80	1	-5	-2.314770
1171	168.000000	168.250000	F4	90	80	0	2	-2.963617
1172	168.000000	168.500000	B-3	90	80	1	-3	-3.351805
1173	168.000000	168.500000	D-4	90	80	1	-2	-3.046717
1174	168.000000	168.500000	F4	90	80	1	-1	-3.262923
1175	168.250000	169.500000	C5	90	80	0	5	-3.528229
1176	168.500000	169.000000	F3	63	80	1	-5	-2.314770
1177	169.000000	169.500000	B-3	90	80	1	-3	-3.351805
1178	169.000000	169.500000	D-4	90	80	1	-2	-3.046717
1179	169.000000	169.500000	F4	90	80	1	-1	-3.262923
1180	169.500000	169.750000	F4	90	80	0	2	-3.263552
1181	169.500000	170.000000	F3	63	80	1	-5	-2.314770
1182	169.750000	170.000000	C4	90	80	0	1	-3.434905
1183	170.000000	170.250000	F4	90	80	0	2	-2.963617
1184	170.000000	170.500000	B-3	90	80	1	-3	-3.351805
1185	170.000000	170.500000	D-4	90	80	1	-2	-3.046717
1186	170.000000	170.500000	F4	90	80	1	-1	-3.262923
1187	170.250000	170.500000	C5	90	80	0	3	-6.082358
1188	170.500000	170.750000	F5	90	80	0	5	-3.128600
1189	170.500000	171.000000	F3	63	80	1	-5	-2.314770
1190	170.750000	170.916667	E5	90	80	0	4	-2.814339
1191	170.750000	170.916667	G5	90	80	0	5	-3.402079
1192	170.916667	171.083333	C5	63	80	0	2	-3.263552
1193	171.000000	171.500000	B-3	90	80	1	-3	-3.351805
1194	171.000000	171.500000	D-4	90	80	1	-2	-3.046717
1195	171.000000	171.500000	E4	90	80	1	-1	-2.464298
1196	171.083333	171.250000	G4	63	80	0	1	-3.434905
1197	171.500000	172.000000	C3	63	80	1	-5	-4.233080
1198	171.750000	171.916667	E7	90	80	0	3	-15.327304
1199	171.750000	171.916667	G7	90	80	0	5	-2.681011
1200	171.916667	172.083333	C7	63	80	0	2	-3.263552
1201	172.000000	172.500000	B-2	63	80	1	-4	-7.175636
1202	172.083333	172.250000	G6	63	80	0	1	-3.434905
1203	172.500000	173.500000	A-2	63	80	1	-5	-3.249332
1204	172.750000	172.916667	E6	90	80	0	3	-5.936950
1205	172.750000	172.916667	G6	90	80	0	5	-2.681011
1206	172.916667	173.083333	C6	63	80	0	2	-3.263552
1207	173.000000	173.500000	F3	90	80	1	-3	-6.661981
1208	173.000000	173.500000	C4	90	80	1	-1	-3.342645
1209	173.083333	173.250000	G5	63	80	0	1	-3.434905
1210	173.500000	174.000000	G2	63	80	1	-5	-3.781310
1211	173.750000	173.916667	E5	63	80	0	3	-5.936950
1212	173.750000	174.250000	G5	63	80	0	5	-2.681011
1213	173.916667	174.083333	C5	63	80	0	2	-3.263552
1214	174.000000	175.000000	F2	63	80	1	-5	-5.793445
1215	174.083333	174.250000	G4	63	80	0	1	-3.434905
1216	174.250000	174.416667	D5	63	80	0	3	-3.751952
1217	174.250000	174.750000	F5	63	80	0	5	-2.681011
1218	174.416667	174.583333	B-4	63	80	0	2	-3.763668
1219	174.500000	175.000000	C3	90	80	1	-3	-3.416097
1220	174.500000	175.000000	A-3	90	80	1	-1	-4.707497
1221	174.583333	174.750000	F4	63	80	0	1	-4.134704
1222	174.750000	174.916667	E5	63	80	0	4	-4.869085
1223	174.750000	175.250000	G5	63	80	0	5	-3.402079
1224	174.916667	175.083333	C5	63	80	0	2	-3.263552
1225	175.000000	175.500000	E-2	63	80	1	-4	-7.573765
1226	175.083333	175.250000	G4	63	80	0	1	-3.434905
1227	175.250000	175.416667	D5	63	80	0	3	-3.751952
1228	175.250000	175.750000	F5	63	80	0	5	-2.681011
1229	175.416667	175.583333	B-4	63	80	0	2	-3.763668
1230	175.500000	176.500000	D2	63	80	1	-5	-4.693569
1231	175.583333	175.750000	F4	63	80	0	1	-4.134704
1232	175.750000	175.916667	C5	63	80	0	3	-3.751952
1233	175.750000	176.250000	E5	63	80	0	5	-2.681011
1234	175.916667	176.083333	G4	63	80	0	2	-4.028221
1235	176.000000	176.500000	A-2	90	80	1	-3	-5.669550
1236	176.000000	176.500000	F3	90	80	1	-1	-4.531747
1237	176.083333	176.250000	E4	63	80	0	1	-3.157580
1238	176.250000	176.500000	D5	90	80	0	2	-7.583777
1239	176.250000	176.500000	F5	90	80	0	3	-3.012122
1240	176.500000	176.750000	E5	90	80	0	2	-2.287533
1241	176.500000	176.750000	G5	90	80	0	4	-2.758588
1242	176.500000	177.000000	D2	63	80	1	-5	-4.233080
1243	176.750000	177.250000	F5	90	80	0	3	-2.238713
1244	176.750000	177.250000	A5	90	80	0	5	-2.681011
1245	177.000000	178.500000	B-1	90	80	1	-5	-8.265166
1246	177.000000	178.500000	B-2	90	80	1	-1	-1.202832
1247	177.250000	177.416667	E5	90	80	0	3	-3.854029
1248	177.250000	177.416667	G5	90	80	0	5	-2.681011
1249	177.416667	177.583333	C5	63	80	0	2	-3.263552
1250	177.500000	177.666667	C4	90	80	1	-3	-7.967240
1251	177.500000	177.666667	E4	90	80	1	-1	-2.967507
1252	177.583333	177.750000	G4	63	80	0	1	-3.434905
1253	177.666667	177.833333	G3	63	80	1	-3	-5.389809
1254	177.833333	178.000000	E3	63	80	1	-5	-3.990113
1255	178.250000	178.416667	E7	90	80	0	3	-15.327304
1256	178.250000	178.416667	G7	90	80	0	5	-2.681011
1257	178.416667	178.583333	C7	63	80	0	2	-3.263552
1258	178.500000	178.666667	C6	90	80	1	-2	-8.211526
1259	178.500000	178.666667	E6	90	80	1	-1	-2.415329
1260	178.583333	178.750000	G6	63	80	0	1	-3.434905
1261	178.666667	178.833333	G5	63	80	1	-4	-4.458307
1262	178.833333	179.000000	E5	63	80	1	-1	-5.372527
1263	179.250000	179.416667	E6	90	80	0	3	-5.936950
1264	179.250000	179.416667	G6	90	80	0	5	-2.681011
1265	179.416667	179.583333	C6	63	80	0	2	-3.263552
1266	179.500000	179.666667	C5	90	80	1	-2	-3.291596
1267	179.500000	179.666667	E5	90	80	1	-1	-2.415329
1268	179.583333	179.750000	G5	63	80	0	1	-3.434905
1269	179.666667	179.833333	G4	63	80	1	-4	-4.458307
1270	179.833333	180.000000	E4	63	80	1	-1	-5.372527
1271	180.250000	180.416667	D5	63	80	0	3	-7.999550
1272	180.250000	180.750000	F5	63	80	0	5	-2.681011
1273	180.416667	180.583333	B-4	63	80	0	2	-3.763668
1274	180.500000	181.000000	D4	63	80	1	-2	-2.745489
1275	180.583333	180.750000	F4	63	80	0	1	-4.134704
1276	180.750000	180.916667	E5	63	80	0	4	-4.869085
1277	180.750000	181.250000	G5	63	80	0	5	-3.402079
1278	180.916667	181.083333	C5	63	80	0	2	-3.263552
1279	181.000000	181.500000	E4	63	80	1	-1	-2.578439
1280	181.083333	181.250000	G4	63	80	0	1	-3.434905
1281	181.250000	181.416667	D5	63	80	0	3	-3.751952
1282	181.250000	181.750000	F5	63	80	0	5	-2.681011
1283	181.416667	181.583333	B-4	63	80	0	2	-3.763668
1284	181.500000	182.000000	D4	63	80	1	-2	-2.745489
1285	181.583333	181.750000	F4	63	80	0	1	-4.134704
1286	181.750000	181.916667	C5	63	80	0	3	-3.751952
1287	181.750000	182.250000	E5	63	80	0	5	-2.681011
1288	181.916667	182.083333	G4	63	80	0	2	-4.028221
1289	182.000000	182.500000	C4	63	80	1	-1	-4.644141
1290	182.083333	182.250000	E4	63	80	0	1	-3.157580
1291	182.250000	182.500000	D5	90	80	0	2	-7.583777
1292	182.250000	182.500000	F5	90	80	0	3	-3.012122
1293	182.500000	182.750000	E5	90	80	0	2	-2.287533
1294	182.500000	182.750000	G5	90	80	0	4	-2.758588
1295	182.500000	183.000000	C2	90	80	1	-5	-5.451251
1296	182.500000	183.000000	C3	90	80	1	-1	-1.202832
1297	182.750000	182.916667	A5	63	80	0	5	-2.706622
1298	182.916667	183.083333	F5	63	80	0	4	-4.387405
1299	183.000000	184.500000	B-1	90	80	1	-5	-4.510402
1300	183.000000	184.500000	B-2	90	80	1	-1	-1.202832
1301	183.083333	183.250000	A4	63	80	0	1	-2.969918
1302	183.250000	183.416667	A5	63	80	0	5	-2.242366
1303	183.416667	183.583333	F5	63	80	0	4	-4.387405
1304	183.583333	183.750000	A4	63	80	0	1	-2.969918
1305	183.750000	183.916667	A5	63	80	0	5	-2.242366
1306	183.916667	184.083333	F5	63	80	0	4	-4.387405
1307	184.000000	184.166667	C4	90	80	1	-3	-7.967240
1308	184.000000	184.166667	E4	90	80	1	-1	-2.967507
1309	184.083333	184.250000	A4	63	80	0	1	-2.969918
1310	184.166667	184.333333	G3	63	80	1	-3	-5.389809
1311	184.250000	184.416667	G#5	63	80	0	4	-5.698296
1312	184.333333	184.500000	E3	63	80	1	-5	-3.990113
1313	184.416667	184.583333	F5	63	80	0	3	-3.914844
1314	184.583333	184.750000	G#4	63	80	0	1	-5.198182
1315	184.750000	184.916667	G#5	63	80	0	5	-2.242366
1316	184.916667	185.083333	F5	63	80	0	4	-4.503222
1317	185.000000	185.166667	C6	90	80	1	-2	-8.211526
1318	185.000000	185.166667	E6	90	80	1	-1	-2.415329
1319	185.083333	185.250000	G#4	63	80	0	1	-4.500880
1320	185.166667	185.333333	G5	63	80	1	-4	-4.458307
1321	185.250000	185.416667	G#5	63	80	0	5	-2.242366
1322	185.333333	185.500000	E5	63	80	1	-1	-5.372527
1323	185.416667	185.583333	F5	63	80	0	4	-4.503222
1324	185.583333	185.750000	G#4	63	80	0	1	-4.500880
1325	185.750000	185.916667	A5	63	80	0	5	-5.933121
1326	185.916667	186.083333	F5	63	80	0	4	-4.387405
1327	186.000000	186.166667	C5	90	80	1	-2	-3.291596
1328	186.000000	186.166667	E5	90	80	1	-1	-2.415329
1329	186.083333	186.250000	A4	63	80	0	1	-2.969918
1330	186.166667	186.333333	G4	63	80	1	-4	-4.458307
1331	186.250000	186.416667	A5	63	80	0	5	-2.242366
1332	186.333333	186.500000	E4	63	80	1	-1	-5.372527
1333	186.416667	186.583333	F5	63	80	0	3	-3.509161
1334	186.500000	187.000000	D4	63	80	1	-2	-2.745489
1335	186.583333	186.750000	B-4	63	80	0	1	-4.449629
1336	186.750000	186.916667	A5	63	80	0	5	-6.053771
1337	186.916667	187.083333	F5	63	80	0	3	-3.509161
1338	187.000000	187.500000	E4	63	80	1	-1	-2.578439
1339	187.083333	187.250000	C5	63	80	0	1	-2.905888
1340	187.250000	187.416667	C6	63	80	0	5	-2.242366
1341	187.416667	187.583333	F5	63	80	0	2	-3.263552
1342	187.500000	188.000000	D4	63	80	1	-2	-2.745489
1343	187.583333	187.750000	D5	63	80	0	1	-3.157580
1344	187.750000	187.916667	C6	63	80	0	5	-4.284649
1345	187.916667	188.083333	F5	63	80	0	2	-3.263552
1346	188.000000	188.500000	C4	63	80	1	-3	-2.891080
1347	188.083333	188.250000	D5	63	80	0	1	-3.157580
1348	188.250000	188.416667	C6	63	80	0	5	-4.284649
1349	188.416667	188.583333	G5	63	80	0	2	-3.071676
1350	188.500000	189.000000	B-4	63	80	1	-1	-4.469532
1351	188.583333	188.750000	E5	63	80	0	1	-3.157580
1352	188.750000	188.916667	C6	99	80	0	5	-3.707830
1353	188.916667	189.083333	A5	99	80	0	4	-4.387405
1354	189.000000	189.500000	F4	57	80	1	-2	-4.597368
1355	189.083333	189.250000	C5	99	80	0	1	-2.969918
1356	189.250000	189.416667	C6	99	80	0	5	-2.242366
1357	189.416667	189.583333	A5	99	80	0	4	-4.387405
1358	189.500000	190.250000	E4	57	80	1	-3	-2.891080
1359	189.583333	189.750000	C5	99	80	0	1	-2.969918
1360	189.750000	189.916667	C6	99	80	0	5	-2.242366
1361	189.916667	190.083333	A5	99	80	0	4	-4.387405
1362	190.083333	190.250000	C5	99	80	0	1	-2.969918
1363	190.250000	190.416667	B5	99	80	0	5	-4.284649
1364	190.250000	190.500000	C4	69	80	1	-4	-5.020222
1365	190.416667	190.583333	G#5	99	80	0	4	-4.424487
1366	190.500000	190.750000	D4	69	80	1	-3	-2.915060
1367	190.583333	190.750000	B4	99	80	0	1	-3.493957
1368	190.750000	190.916667	B5	99	80	0	5	-2.242366
1369	190.750000	191.000000	E4	69	80	1	-2	-2.510186
1370	190.916667	191.083333	G#5	99	80	0	4	-4.424487
1371	191.000000	191.500000	B3	69	80	1	-4	-4.045906
1372	191.083333	191.250000	B4	99	80	0	1	-3.493957
1373	191.250000	191.416667	B5	99	80	0	5	-2.242366
1374	191.416667	191.583333	G#5	99	80	0	4	-4.424487
1375	191.500000	191.750000	D4	69	80	1	-2	-2.359478
1376	191.583333	191.750000	B4	99	80	0	1	-3.493957
1377	191.750000	191.916667	B-5	99	80	0	5	-5.878027
1378	191.750000	192.000000	E4	69	80	1	-1	-2.578439
1379	191.916667	192.083333	F5	99	80	0	3	-4.396088
1380	192.000000	192.500000	F4	69	80	1	-3	-4.611792
1381	192.083333	192.250000	B-4	99	80	0	1	-4.449629
1382	192.250000	192.416667	C6	99	80	0	5	-6.546164
1383	192.416667	192.583333	G5	99	80	0	3	-3.854029
1384	192.500000	193.000000	G4	69	80	1	-2	-2.510186
1385	192.583333	192.750000	C5	99	80	0	1	-3.310457
1386	192.750000	192.916667	D6	99	80	0	5	-5.684589
1387	192.916667	193.083333	B-5	99	80	0	3	-4.491606
1388	193.000000	193.500000	A4	69	80	1	-1	-2.578439
1389	193.083333	193.250000	D5	99	80	0	1	-4.449629
1390	193.250000	193.416667	B-5	99	80	0	5	-4.305381
1391	193.416667	193.583333	F5	99	80	0	3	-4.396088
1392	193.500000	194.500000	C4	90	80	1	-5	-3.730225
1393	193.500000	194.500000	F4	90	80	1	-3	-3.463793
1394	193.500000	194.500000	G4	90	80	1	-2	-2.510186
1395	193.500000	194.500000	B-4	90	80	1	-1	-3.101885
1396	193.583333	193.750000	B-4	99	80	0	1	-4.449629
1397	193.750000	193.916667	C6	99	80	0	5	-6.546164
1398	193.916667	194.083333	G5	99	80	0	3	-3.854029
1399	194.000000	194.500000	G3	57	80	1	-5	-5.012184
1400	194.083333	194.250000	C5	99	80	0	1	-3.310457
1401	194.250000	194.416667	D6	99	80	0	5	-5.684589
1402	194.416667	194.583333	B-5	99	80	0	3	-4.491606
1403	194.500000	195.000000	C3	57	80	1	-5	-6.147898
1404	194.583333	194.750000	D5	99	80	0	1	-4.449629
1405	194.750000	194.916667	D6	99	80	0	5	-2.242366
1406	194.916667	195.083333	B-5	99	80	0	3	-4.491606
1407	195.000000	195.500000	F4	63	80	1	-2	-7.153101
1408	195.000000	196.500000	A4	63	80	1	-1	-2.415329
1409	195.083333	195.250000	D5	99	80	0	1	-4.449629
1410	195.250000	195.416667	B-5	99	80	0	5	-4.305381
1411	195.416667	195.583333	F5	99	80	0	3	-4.396088
1412	195.500000	196.250000	E4	63	80	1	-2	-3.456527
1413	195.583333	195.750000	B-4	99	80	0	1	-4.449629
1414	195.750000	195.916667	D6	99	80	0	5	-7.112706
1415	195.916667	196.083333	B-5	99	80	0	3	-4.491606
1416	196.083333	196.250000	D5	99	80	0	1	-4.449629
1417	196.250000	196.416667	D6	99	80	0	5	-2.242366
1418	196.250000	196.500000	C4	63	80	1	-4	-3.718276
1419	196.416667	196.583333	B-5	99	80	0	3	-4.491606
1420	196.500000	196.750000	D4	63	80	1	-3	-2.915060
1421	196.500000	198.000000	G#4	63	80	1	-1	-4.411093
1422	196.583333	196.750000	D5	99	80	0	1	-4.449629
1423	196.750000	196.916667	B-5	99	80	0	5	-4.305381
1424	196.750000	197.000000	E4	63	80	1	-2	-4.597368
1425	196.916667	197.083333	F5	99	80	0	3	-4.396088
1426	197.000000	197.500000	B3	63	80	1	-4	-4.045906
1427	197.083333	197.250000	B-4	99	80	0	1	-4.449629
1428	197.250000	197.416667	D6	99	80	0	5	-7.112706
1429	197.416667	197.583333	B-5	99	80	0	3	-4.491606
1430	197.500000	197.750000	D4	63	80	1	-2	-2.359478
1431	197.583333	197.750000	D5	99	80	0	1	-4.449629
1432	197.750000	198.000000	E4	63	80	1	-1	-2.578439
1433	198.000000	198.500000	D4	90	80	1	-2	-2.745489
1434	198.000000	198.500000	F4	90	80	1	-1	-2.415329
1435	198.250000	198.750000	A5	90	80	0	2	-3.928858
1436	198.250000	198.750000	F6	90	80	0	4	-6.608918
1437	198.250000	198.750000	A6	90	80	0	5	-3.402079
1438	198.500000	199.000000	C4	90	80	1	-4	-4.223116
1439	198.500000	199.000000	E4	90	80	1	-2	-2.359478
1440	198.500000	199.000000	G4	90	80	1	-1	-2.415329
1441	198.750000	199.250000	G4	90	80	0	1	-6.163296
1442	198.750000	199.250000	E5	90	80	0	3	-4.659051
1443	198.750000	199.250000	G5	90	80	0	5	-2.681011
1444	199.000000	199.500000	B-3	90	80	1	-5	-4.114892
1445	199.000000	199.500000	D4	90	80	1	-3	-4.118108
1446	199.000000	199.500000	F4	90	80	1	-2	-3.046717
1447	199.000000	199.500000	B-4	90	80	1	-1	-3.194227
1448	199.250000	199.750000	F4	90	80	0	1	-3.460971
1449	199.250000	199.750000	D5	90	80	0	3	-4.659051
1450	199.250000	199.750000	F5	90	80	0	5	-2.681011
1451	199.500000	200.000000	D4	90	80	1	-4	-5.233707
1452	199.500000	200.000000	F4	90	80	1	-2	-2.359478
1453	199.750000	200.000000	E4	90	80	0	1	-3.460971
1454	199.750000	200.750000	A4	127	80	0	2	-2.963617
1455	199.750000	200.000000	E5	90	80	0	5	-3.528229
1456	200.000000	200.250000	F4	90	80	0	1	-3.027253
1457	200.000000	200.250000	F5	90	80	0	5	-2.242366
1458	200.000000	200.500000	C4	90	80	1	-4	-4.045906
1459	200.000000	200.500000	E4	90	80	1	-2	-2.359478
1460	200.000000	200.500000	G4	90	80	1	-1	-2.415329
1461	200.250000	201.000000	D4	90	80	0	1	-4.340619
1462	200.250000	201.000000	D5	90	80	0	5	-2.242366
1463	200.500000	201.500000	B-3	90	80	1	-5	-4.114892
1464	200.500000	201.500000	D4	90	80	1	-3	-4.118108
1465	200.500000	201.500000	F4	90	80	1	-2	-3.046717
1466	200.500000	201.500000	B-4	90	80	1	-1	-3.194227
1467	200.750000	201.750000	G4	90	80	0	2	-3.263552
1468	200.750000	201.750000	B-4	90	80	0	3	-3.409656
1469	201.000000	201.250000	E4	90	80	0	1	-4.323321
1470	201.000000	201.250000	E5	90	80	0	5	-2.242366
1471	201.250000	201.750000	C4	90	80	0	1	-4.340619
1472	201.250000	201.750000	C5	90	80	0	5	-2.242366
1473	201.500000	202.000000	F4	63	80	1	-2	-4.597368
1474	201.750000	202.000000	G3	90	80	0	1	-4.498352
1475	201.750000	202.000000	E4	90	80	0	3	-4.659051
1476	201.750000	202.000000	G4	90	80	0	5	-2.681011
1477	202.000000	202.250000	B-3	90	80	0	1	-3.521239
1478	202.000000	202.250000	B-4	90	80	0	5	-2.242366
1479	202.000000	202.500000	D4	63	80	1	-3	-4.063676
1480	202.250000	202.750000	D4	90	80	0	1	-3.738292
1481	202.250000	202.750000	F4	90	80	0	2	-2.525967
1482	202.250000	202.750000	B-4	90	80	0	3	-4.632489
1483	202.250000	202.750000	D5	90	80	0	5	-3.340065
1484	202.500000	204.000000	B-3	63	80	1	-5	-5.242578
1485	202.500000	203.000000	B-4	63	80	1	-1	-1.202832
1486	202.750000	203.000000	E4	90	80	0	1	-3.027253
1487	202.750000	203.000000	E5	90	80	0	5	-2.242366
1488	203.000000	203.250000	F4	90	80	0	1	-3.027253
1489	203.000000	203.250000	F5	90	80	0	5	-2.242366
1490	203.000000	203.500000	F4	63	80	1	-3	-5.389809
1491	203.250000	204.250000	G4	90	80	0	1	-3.027253
1492	203.250000	204.250000	B-4	90	80	0	2	-3.246278
1493	203.250000	204.250000	D5	90	80	0	3	-4.453766
1494	203.250000	204.250000	G5	90	80	0	5	-3.128600
1495	203.500000	204.000000	D4	63	80	1	-1	-6.083116
1496	204.000000	204.500000	A1	90	80	1	-5	-4.456078
1497	204.000000	204.500000	A2	90	80	1	-1	-1.202832
1498	204.250000	204.750000	F4	90	80	0	1	-3.460971
1499	204.250000	204.750000	F5	90	80	0	5	-2.242366
1500	204.500000	205.500000	G3	90	80	1	-4	-8.632181
1501	204.500000	205.500000	A3	90	80	1	-3	-2.915060
1502	204.500000	205.500000	C#4	90	80	1	-2	-3.749711
1503	204.500000	205.000000	F4	63	80	1	-1	-3.262923
1504	204.750000	205.250000	G4	90	80	0	1	-3.027253
1505	204.750000	205.250000	B-4	90	80	0	2	-3.246278
1506	204.750000	205.250000	D5	90	80	0	3	-4.453766
1507	204.750000	205.250000	G5	90	80	0	5	-3.128600
1508	205.000000	205.500000	E4	63	80	1	-2	-2.745489
1509	205.250000	205.750000	D4	90	80	0	1	-4.498352
1510	205.250000	205.750000	F4	90	80	0	2	-2.525967
1511	205.250000	205.750000	B-4	90	80	0	3	-4.632489
1512	205.250000	205.750000	D5	90	80	0	5	-3.340065
1513	205.500000	206.000000	D1	90	80	1	-5	-6.177855
1514	205.500000	206.000000	D2	90	80	1	-1	-1.202832
1515	205.750000	206.000000	D4	90	80	0	1	-1.922714
1516	205.750000	206.000000	D5	90	80	0	5	-2.242366
1517	206.000000	206.250000	E4	90	80	0	1	-3.027253
1518	206.000000	206.250000	E5	90	80	0	5	-2.242366
1519	206.000000	206.500000	F3	90	80	1	-2	-8.605581
1520	206.000000	206.500000	A3	90	80	1	-1	-2.415329
1521	206.250000	207.250000	G4	90	80	0	1	-2.845304
1522	206.250000	207.250000	B-4	90	80	0	2	-3.246278
1523	206.250000	207.250000	D5	90	80	0	3	-4.453766
1524	206.250000	207.250000	G5	90	80	0	5	-3.128600
1525	206.500000	207.000000	D1	90	80	1	-5	-4.456078
1526	206.500000	207.000000	D2	90	80	1	-1	-1.202832
1527	207.000000	207.500000	E1	90	80	1	-5	-3.181034
1528	207.000000	207.500000	E2	90	80	1	-1	-1.202832
1529	207.250000	207.750000	F4	90	80	0	1	-3.460971
1530	207.250000	207.750000	F5	90	80	0	5	-2.242366
1531	207.500000	208.000000	C3	90	80	1	-5	-7.923418
1532	207.500000	208.000000	G3	90	80	1	-2	-2.554480
1533	207.500000	208.000000	B-3	90	80	1	-1	-3.101885
1534	207.750000	208.250000	G4	90	80	0	1	-3.027253
1535	207.750000	208.250000	B-4	90	80	0	2	-3.246278
1536	207.750000	208.250000	D5	90	80	0	3	-4.453766
1537	207.750000	208.250000	G5	90	80	0	5	-3.128600
1538	208.000000	208.500000	C2	90	80	1	-5	-6.473863
1539	208.000000	208.500000	C3	90	80	1	-1	-1.202832
1540	208.250000	208.750000	B-4	90	80	0	1	-3.521239
1541	208.250000	208.750000	D-5	90	80	0	2	-2.525967
1542	208.250000	208.750000	B-5	90	80	0	5	-3.767315
1543	208.500000	208.750000	G4	127	80	0	1	-4.990776
1544	208.500000	209.500000	B-1	90	80	1	-5	-4.510402
1545	208.500000	209.500000	B-2	90	80	1	-1	-1.202832
1546	208.750000	209.250000	G4	127	80	0	1	-4.507997
1547	209.250000	209.750000	A4	127	80	0	2	-2.867384
1548	209.500000	210.500000	F3	90	80	1	-5	-7.923418
1549	209.500000	210.500000	B-3	90	80	1	-4	-4.565377
1550	209.500000	210.500000	D4	90	80	1	-2	-2.871001
1551	209.500000	210.500000	F4	90	80	1	-1	-2.415329
1552	210.000000	210.250000	B-4	127	80	0	3	-3.190537
1553	210.250000	210.750000	B-4	127	80	0	2	-4.935872
1554	210.750000	211.250000	C5	127	80	0	3	-3.265372
1555	211.000000	211.500000	D3	90	80	1	-5	-4.233080
1556	211.000000	211.500000	F3	90	80	1	-3	-3.170876
1557	211.000000	211.500000	B-3	90	80	1	-2	-3.749711
1558	211.000000	211.500000	D4	90	80	1	-1	-3.262923
1559	211.500000	211.750000	G4	127	80	0	1	-2.905888
1560	211.500000	212.500000	B-1	90	80	1	-5	-5.704159
1561	211.500000	212.500000	B-2	90	80	1	-1	-1.202832
1562	211.750000	212.000000	G4	127	80	0	1	-4.507997
1563	212.000000	212.250000	A4	127	80	0	2	-2.867384
1564	212.250000	212.500000	B-4	127	80	0	3	-3.190537
1565	212.500000	212.750000	C5	127	80	0	5	-3.635747
1566	212.500000	213.500000	F3	90	80	1	-5	-7.923418
1567	212.500000	213.500000	B-3	90	80	1	-4	-4.565377
1568	212.500000	213.500000	D4	90	80	1	-2	-2.871001
1569	212.500000	213.500000	F4	90	80	1	-1	-2.415329
1570	212.750000	213.000000	G4	127	80	0	2	-3.071676
1571	213.000000	213.250000	A4	127	80	0	1	-5.369497
1572	213.250000	213.500000	B-4	127	80	0	2	-3.900292
1573	213.500000	213.750000	C5	127	80	0	3	-3.265372
1574	213.750000	214.000000	D5	127	80	0	4	-2.883688
1575	214.000000	214.250000	E5	127	80	0	5	-2.706622
1576	214.000000	214.500000	B-3	90	80	1	-4	-4.339145
1577	214.000000	214.500000	D4	90	80	1	-2	-2.871001
1578	214.250000	215.250000	G4	90	80	0	1	-2.845304
1579	214.250000	215.250000	C5	90	80	0	2	-2.963617
1580	214.250000	215.250000	G5	90	80	0	5	-3.528229
1581	214.500000	215.000000	D-4	90	80	1	-3	-3.848567
1582	214.500000	215.000000	F4	90	80	1	-2	-4.126498
1583	214.500000	215.000000	G4	90	80	1	-1	-2.578439
1584	215.250000	216.250000	F4	90	80	0	1	-3.460971
1585	215.250000	216.250000	C5	90	80	0	3	-3.751952
1586	215.250000	216.250000	F5	90	80	0	5	-3.128600
1587	216.250000	217.250000	F5	90	80	0	1	-5.027158
1588	216.250000	217.250000	C6	90	80	0	3	-3.751952
1589	216.250000	217.250000	F6	90	80	0	5	-3.128600
1590	217.250000	219.250000	F3	127	80	0	1	-6.163296
1591	217.500000	218.000000	B-3	90	80	1	-4	-4.497131
1592	217.500000	218.000000	D4	90	80	1	-2	-2.871001
1593	217.500000	218.000000	F4	90	80	1	-1	-2.415329
1594	218.000000	218.500000	C3	127	80	1	-5	-3.781310
1595	218.500000	219.000000	B-3	90	80	1	-4	-7.175636
1596	218.500000	219.000000	D4	90	80	1	-2	-2.871001
1597	218.500000	219.000000	F4	90	80	1	-1	-2.415329
1598	219.000000	219.500000	C3	127	80	1	-5	-3.781310
1599	219.500000	220.000000	G3	90	80	1	-4	-4.864358
1600	219.500000	220.000000	B-3	90	80	1	-3	-3.762277
1601	219.500000	220.000000	D4	90	80	1	-2	-4.126498
1602	219.500000	220.000000	E4	90	80	1	-1	-2.578439
1603	220.000000	220.500000	C3	127	80	1	-5	-4.233080
1604	220.500000	221.500000	F1	90	80	1	-5	-5.793445
1605	220.500000	221.500000	F2	90	80	1	-1	-1.202832
1606	221.500000	222.500000	C3	90	80	1	-5	-5.919258
1607	221.500000	222.500000	A3	90	80	1	-2	-4.349399
1608	221.500000	222.500000	C4	90	80	1	-1	-2.415329
1609	222.500000	223.500000	A3	90	80	1	-5	-6.372304
1610	222.500000	223.500000	C4	90	80	1	-4	-4.139458
1611	222.500000	223.500000	F4	90	80	1	-2	-2.507290
1612	222.500000	223.500000	A4	90	80	1	-1	-2.415329
1613	223.500000	225.500000	F1	90	80	1	-5	-4.456078
1614	223.500000	225.500000	F2	90	80	1	-1	-1.202832
