//Version: PianoFingering_v170101
1	0.000000	0.500000	A4	90	80	0	1	-0.925785
2	0.000000	0.500000	A3	90	80	1	-2	-2.178510
3	0.500000	1.000000	C#5	90	80	0	2	-3.275273
4	0.500000	1.000000	A3	90	80	1	-2	-3.999177
5	1.000000	1.750000	E5	90	80	0	4	-3.580467
6	1.000000	1.500000	A3	90	80	1	-2	-3.999177
7	1.500000	2.000000	A3	90	80	1	-2	-3.999177
8	1.750000	1.875000	D5	90	80	0	3	-2.238713
9	1.875000	2.000000	C#5	90	80	0	2	-3.151465
10	2.000000	2.250000	B4	90	80	0	1	-3.360143
11	2.000000	2.500000	D3	90	80	1	-5	-3.155341
12	2.250000	2.750000	F#5	90	80	0	5	-4.305381
13	2.500000	3.000000	D3	90	80	1	-5	-4.242005
14	2.750000	3.250000	D5	90	80	0	3	-4.396088
15	3.000000	3.500000	D3	90	80	1	-5	-4.242005
16	3.250000	3.750000	B4	90	80	0	2	-3.674662
17	3.500000	4.000000	D3	90	80	1	-5	-4.242005
18	3.750000	4.000000	A4	90	80	0	1	-2.609267
19	4.000000	4.250000	G#4	90	80	0	2	-4.284147
20	4.000000	4.500000	D3	90	80	1	-5	-4.242005
21	4.000000	4.500000	B3	90	80	1	-1	-4.009362
22	4.250000	4.750000	E5	90	80	0	5	-3.857051
23	4.500000	5.000000	C#3	90	80	1	-4	-4.497131
24	4.500000	5.000000	A3	90	80	1	-1	-3.887622
25	4.750000	5.000000	C#5	90	80	0	4	-4.424487
26	5.000000	5.250000	G#4	90	80	0	2	-3.266530
27	5.000000	5.500000	C#3	90	80	1	-4	-4.339145
28	5.000000	5.500000	A3	90	80	1	-1	-3.887622
29	5.250000	5.500000	A4	90	80	0	3	-3.686981
30	5.500000	5.750000	D#4	90	80	0	2	-5.483387
31	5.500000	6.000000	C#3	90	80	1	-4	-4.339145
32	5.500000	6.000000	A3	90	80	1	-1	-3.887622
33	5.750000	6.000000	E4	90	80	0	1	-4.072488
34	6.000000	6.125000	F#4	90	80	0	2	-3.246278
35	6.000000	6.500000	D3	90	80	1	-5	-3.242781
36	6.000000	6.500000	A3	90	80	1	-2	-2.554480
37	6.125000	6.250000	G#4	90	80	0	3	-2.675961
38	6.250000	6.375000	A4	90	80	0	4	-3.868143
39	6.375000	6.500000	G#4	90	80	0	3	-3.226506
40	6.500000	6.625000	B4	90	80	0	1	-5.285870
41	6.500000	7.000000	D3	90	80	1	-5	-3.155341
42	6.500000	7.000000	A3	90	80	1	-2	-2.554480
43	6.625000	6.750000	C#5	90	80	0	2	-3.246278
44	6.750000	6.875000	D5	90	80	0	3	-3.686981
45	6.875000	7.000000	C#5	90	80	0	2	-3.151465
46	7.000000	7.125000	A5	90	80	0	5	-3.857051
47	7.000000	7.500000	E3	90	80	1	-5	-3.713619
48	7.000000	7.500000	B3	90	80	1	-2	-2.554480
49	7.125000	7.250000	G#5	90	80	0	4	-3.640665
50	7.250000	7.375000	B5	90	80	0	5	-3.871087
51	7.375000	7.500000	A5	90	80	0	4	-2.814339
52	7.500000	7.625000	G#5	90	80	0	3	-3.226506
53	7.500000	8.000000	E3	90	80	1	-5	-3.155341
54	7.500000	8.000000	B3	90	80	1	-1	-3.477173
55	7.625000	7.750000	F#5	90	80	0	2	-2.287533
56	7.750000	7.875000	E5	90	80	0	1	-3.360143
57	7.875000	8.000000	D5	90	80	0	4	-5.839612
58	8.000000	8.062500	C#5	90	80	0	3	-3.226506
59	8.000000	8.500000	A2	90	80	1	-5	-3.842215
60	8.062500	8.125000	B4	90	80	0	2	-3.286699
61	8.125000	8.500000	A4	90	80	0	1	-2.609267
62	8.500000	9.000000	A3	90	80	1	-1	-1.202832
63	8.750000	9.250000	C#5	90	80	0	2	-3.275273
64	9.000000	9.500000	A3	90	80	1	-5	-4.801795
65	9.250000	9.750000	D#5	90	80	0	3	-2.675961
66	9.500000	10.000000	A3	90	80	1	-5	-4.242005
67	9.500000	10.000000	E4	90	80	1	-1	-3.477173
68	9.750000	9.875000	E5	90	80	0	4	-3.868143
69	9.875000	10.000000	C#5	90	80	0	3	-3.510496
70	10.000000	10.125000	A#4	90	80	0	1	-3.281335
71	10.000000	10.500000	G#3	90	80	1	-4	-4.339145
72	10.000000	10.500000	E4	90	80	1	-1	-3.887622
73	10.125000	10.250000	B4	90	80	0	2	-5.579477
74	10.250000	10.750000	D#5	90	80	0	4	-3.522723
75	10.500000	11.000000	G#3	90	80	1	-4	-4.339145
76	10.500000	11.000000	E4	90	80	1	-1	-3.887622
77	10.750000	10.875000	E5	90	80	0	5	-3.684684
78	10.875000	11.000000	C#5	90	80	0	4	-4.424487
79	11.000000	11.125000	G#4	90	80	0	2	-3.266530
80	11.000000	11.500000	F#3	90	80	1	-4	-4.497131
81	11.000000	11.500000	A3	90	80	1	-2	-3.571868
82	11.125000	11.250000	A4	90	80	0	1	-4.072488
83	11.250000	11.750000	D#5	90	80	0	2	-5.017340
84	11.500000	12.000000	F#3	90	80	1	-3	-3.464153
85	11.500000	12.000000	A3	90	80	1	-1	-3.288065
86	11.750000	11.875000	E5	90	80	0	3	-3.686981
87	11.875000	12.125000	C#5	90	80	0	2	-3.032881
88	12.000000	12.500000	E3	90	80	1	-2	-3.456527
89	12.000000	12.500000	A3	90	80	1	-1	-2.320150
90	12.125000	12.250000	A4	90	80	0	1	-4.134704
91	12.250000	12.750000	C#5	90	80	0	2	-3.275273
92	12.500000	13.000000	E3	90	80	1	-2	-3.456527
93	12.500000	13.000000	A3	90	80	1	-1	-2.320150
94	12.750000	12.875000	A5	90	80	0	5	-3.857051
95	12.875000	13.000000	C#5	90	80	0	2	-3.763668
96	13.000000	13.125000	E5	90	80	0	4	-3.580467
97	13.000000	13.500000	D#3	90	80	1	-4	-6.237620
98	13.000000	13.500000	A3	90	80	1	-2	-4.383116
99	13.000000	13.500000	B3	90	80	1	-1	-2.578439
100	13.125000	13.250000	D#5	90	80	0	3	-3.226506
101	13.250000	13.375000	F#5	90	80	0	5	-2.681011
102	13.375000	13.500000	E5	90	80	0	4	-4.503222
103	13.500000	13.625000	D#5	90	80	0	3	-3.226506
104	13.500000	14.000000	D#3	90	80	1	-4	-4.339145
105	13.500000	14.000000	A3	90	80	1	-2	-4.383116
106	13.500000	14.000000	B3	90	80	1	-1	-2.578439
107	13.625000	13.750000	C#5	90	80	0	2	-2.287533
108	13.750000	13.875000	B4	90	80	0	1	-3.360143
109	13.875000	14.000000	A4	90	80	0	4	-5.839612
110	14.000000	14.062500	G#4	90	80	0	3	-3.226506
111	14.000000	14.500000	E3	90	80	1	-5	-3.242781
112	14.000000	14.500000	B3	90	80	1	-2	-2.554480
113	14.062500	14.125000	F#4	90	80	0	2	-2.287533
114	14.125000	14.500000	E4	90	80	0	1	-3.360143
115	14.500000	15.000000	E3	90	80	1	-5	-3.155341
116	14.500000	15.000000	B3	90	80	1	-1	-3.477173
117	14.750000	15.125000	E5	90	80	0	5	-2.242366
118	15.000000	15.500000	C3	90	80	1	-5	-3.181034
119	15.000000	15.500000	B3	90	80	1	-1	-3.610078
120	15.125000	15.250000	C5	90	80	0	4	-4.387405
121	15.250000	15.750000	E4	90	80	0	1	-2.969918
122	15.500000	16.000000	C3	90	80	1	-5	-3.181034
123	15.500000	16.000000	A3	90	80	1	-1	-4.009362
124	15.750000	16.125000	E5	90	80	0	5	-2.242366
125	16.000000	16.500000	G2	90	80	1	-5	-3.842215
126	16.000000	16.500000	G3	90	80	1	-1	-1.202832
127	16.125000	16.250000	B4	90	80	0	3	-3.854029
128	16.250000	16.750000	E4	90	80	0	1	-3.310457
129	16.500000	17.000000	G2	90	80	1	-5	-2.314770
130	16.500000	17.000000	G3	90	80	1	-1	-1.202832
131	16.750000	17.125000	E5	90	80	0	5	-2.242366
132	17.000000	17.500000	A2	90	80	1	-5	-3.181034
133	17.000000	17.500000	E3	90	80	1	-2	-2.554480
134	17.000000	17.500000	A3	90	80	1	-1	-2.320150
135	17.125000	17.250000	C5	90	80	0	4	-4.387405
136	17.250000	17.750000	F#4	90	80	0	1	-4.295977
137	17.500000	18.000000	A2	90	80	1	-5	-2.314770
138	17.500000	18.000000	E3	90	80	1	-2	-2.554480
139	17.500000	18.000000	A3	90	80	1	-1	-2.320150
140	17.750000	18.125000	E5	90	80	0	4	-4.946245
141	18.000000	18.500000	A#2	90	80	1	-5	-4.582913
142	18.000000	18.500000	E3	90	80	1	-2	-4.656382
143	18.000000	18.500000	F#3	90	80	1	-1	-3.101885
144	18.125000	18.250000	C#5	90	80	0	3	-3.510496
145	18.250000	18.750000	F#4	90	80	0	1	-3.310457
146	18.500000	19.000000	A#2	90	80	1	-5	-3.730225
147	18.500000	19.000000	E3	90	80	1	-2	-4.656382
148	18.500000	19.000000	F#3	90	80	1	-1	-3.101885
149	18.750000	19.125000	E5	90	80	0	4	-4.946245
150	19.000000	19.500000	B2	90	80	1	-5	-5.060396
151	19.000000	19.500000	F#3	90	80	1	-2	-4.281723
152	19.125000	19.250000	D#5	90	80	0	3	-3.226506
153	19.250000	19.375000	G#5	90	80	0	5	-3.128600
154	19.375000	19.625000	F#5	90	80	0	4	-2.814339
155	19.500000	20.000000	B2	90	80	1	-5	-4.626444
156	19.500000	20.000000	F#3	90	80	1	-2	-4.281723
157	19.500000	20.000000	B3	90	80	1	-1	-3.262923
158	19.625000	19.750000	D#5	90	80	0	2	-3.359779
159	19.750000	19.875000	B4	90	80	0	1	-4.134704
160	19.875000	20.125000	A4	90	80	0	3	-4.737465
161	20.000000	20.500000	E3	90	80	1	-4	-3.752799
162	20.000000	20.500000	B3	90	80	1	-1	-2.959487
163	20.125000	20.250000	G#4	90	80	0	2	-3.151465
164	20.250000	20.375000	E5	90	80	0	5	-3.857051
165	20.375000	20.625000	D#5	90	80	0	4	-3.640665
166	20.500000	21.000000	A2	90	80	1	-5	-3.842215
167	20.500000	21.000000	A3	90	80	1	-1	-1.202832
168	20.625000	20.750000	C#5	90	80	0	3	-2.238713
169	20.750000	20.875000	B4	90	80	0	2	-3.286699
170	20.875000	21.125000	A4	90	80	0	1	-2.609267
171	21.000000	21.500000	B2	90	80	1	-5	-3.181034
172	21.000000	21.500000	B3	90	80	1	-1	-1.202832
173	21.125000	21.250000	G#4	90	80	0	3	-4.859211
174	21.250000	21.375000	F#4	90	80	0	2	-2.287533
175	21.375000	21.500000	E4	90	80	0	1	-3.360143
176	21.500000	21.875000	F#4	90	80	0	2	-3.246278
177	21.500000	22.000000	B2	90	80	1	-5	-2.314770
178	21.500000	22.000000	B3	90	80	1	-1	-1.202832
179	21.875000	21.937500	E4	90	80	0	1	-3.360143
180	21.937500	22.000000	F#4	90	80	0	2	-3.246278
181	22.000000	22.125000	E4	90	80	0	1	-3.360143
182	22.000000	22.500000	C#3	90	80	1	-4	-4.497131
183	22.000000	22.500000	B3	90	80	1	-1	-4.387723
184	22.125000	22.250000	B4	90	80	0	4	-4.054949
185	22.250000	22.375000	A4	90	80	0	3	-2.238713
186	22.375000	22.625000	G#4	90	80	0	2	-3.151465
187	22.500000	23.000000	C#3	90	80	1	-4	-4.497131
188	22.500000	23.000000	A3	90	80	1	-1	-3.887622
189	22.625000	22.750000	A4	90	80	0	3	-3.686981
190	22.750000	22.875000	G#4	90	80	0	2	-3.151465
191	22.875000	23.125000	A4	90	80	0	1	-4.072488
192	23.000000	23.500000	D#3	90	80	1	-3	-6.025293
193	23.000000	23.500000	B3	90	80	1	-1	-3.687814
194	23.125000	23.250000	C#5	90	80	0	2	-3.275273
195	23.250000	23.375000	B4	90	80	0	1	-3.360143
196	23.375000	23.625000	A#4	90	80	0	2	-4.284147
197	23.500000	24.000000	D#3	90	80	1	-4	-4.339145
198	23.500000	24.000000	B3	90	80	1	-1	-3.887622
199	23.625000	23.750000	B4	90	80	0	3	-3.686981
200	23.750000	23.875000	A#4	90	80	0	2	-3.151465
201	23.875000	24.000000	B4	90	80	0	1	-4.072488
202	24.000000	24.125000	A5	90	80	0	5	-4.284649
203	24.000000	24.500000	E3	90	80	1	-4	-3.752799
204	24.000000	24.500000	B3	90	80	1	-1	-2.959487
205	24.125000	24.250000	G#5	90	80	0	4	-3.640665
206	24.250000	24.375000	F#5	90	80	0	3	-2.238713
207	24.375000	24.500000	E5	90	80	0	2	-3.286699
208	24.500000	24.625000	B#4	90	80	0	1	-3.157580
209	24.500000	25.000000	A2	90	80	1	-5	-3.842215
210	24.500000	25.000000	A3	90	80	1	-1	-1.202832
211	24.625000	24.750000	C#5	90	80	0	2	-3.900292
212	24.750000	24.875000	E5	90	80	0	4	-3.580467
213	24.875000	25.000000	E4	90	80	0	1	-3.627794
214	25.000000	25.500000	E4	90	80	0	1	-4.507997
215	25.000000	25.500000	G#4	90	80	0	2	-3.275273
216	25.000000	25.500000	B2	90	80	1	-5	-3.181034
217	25.000000	25.500000	E3	90	80	1	-3	-3.463793
218	25.000000	25.500000	B3	90	80	1	-1	-3.342645
219	25.500000	26.000000	D#4	90	80	0	1	-3.434905
220	25.500000	26.000000	F#4	90	80	0	2	-2.525967
221	25.500000	26.000000	B2	90	80	1	-5	-2.314770
222	25.500000	26.000000	E3	90	80	1	-3	-3.463793
223	25.500000	26.000000	A3	90	80	1	-2	-3.936874
224	25.500000	26.000000	B3	90	80	1	-1	-2.578439
225	26.000000	28.000000	E4	90	80	0	1	-3.360143
226	26.000000	28.000000	E3	90	80	1	-4	-3.752799
227	28.000000	28.500000	A4	90	80	0	2	-2.963617
228	28.000000	28.500000	A3	90	80	1	-2	-2.507290
229	28.500000	29.000000	C#5	90	80	0	4	-3.522723
230	28.500000	29.000000	A3	90	80	1	-2	-3.999177
231	29.000000	29.750000	E5	90	80	0	5	-3.871087
232	29.000000	29.500000	A3	90	80	1	-2	-3.999177
233	29.500000	30.000000	A3	90	80	1	-2	-3.999177
234	29.750000	29.875000	D5	90	80	0	4	-2.814339
235	29.875000	30.000000	C#5	90	80	0	3	-3.226506
236	30.000000	30.250000	B4	90	80	0	2	-3.286699
237	30.000000	30.500000	D3	90	80	1	-5	-3.155341
238	30.250000	30.750000	F#5	90	80	0	5	-4.848026
239	30.500000	31.000000	D3	90	80	1	-5	-4.242005
240	30.750000	31.250000	D5	90	80	0	3	-4.396088
241	31.000000	31.500000	D3	90	80	1	-5	-4.242005
242	31.250000	31.750000	B4	90	80	0	2	-3.674662
243	31.500000	32.000000	D3	90	80	1	-5	-4.242005
244	31.750000	32.000000	A4	90	80	0	1	-2.609267
245	32.000000	32.250000	G#4	90	80	0	2	-4.284147
246	32.000000	32.500000	D3	90	80	1	-5	-4.242005
247	32.000000	32.500000	B3	90	80	1	-1	-4.009362
248	32.250000	32.750000	E5	90	80	0	5	-3.857051
249	32.500000	33.000000	C#3	90	80	1	-4	-4.497131
250	32.500000	33.000000	A3	90	80	1	-1	-3.887622
251	32.750000	33.000000	C#5	90	80	0	4	-4.424487
252	33.000000	33.250000	G#4	90	80	0	2	-3.266530
253	33.000000	33.500000	C#3	90	80	1	-4	-4.339145
254	33.000000	33.500000	A3	90	80	1	-1	-3.887622
255	33.250000	33.500000	A4	90	80	0	3	-3.686981
256	33.500000	33.750000	D#4	90	80	0	2	-5.483387
257	33.500000	34.000000	C#3	90	80	1	-4	-4.339145
258	33.500000	34.000000	A3	90	80	1	-1	-3.887622
259	33.750000	34.000000	E4	90	80	0	1	-4.072488
260	34.000000	34.125000	F#4	90	80	0	2	-3.246278
261	34.000000	34.500000	D3	90	80	1	-5	-3.242781
262	34.000000	34.500000	A3	90	80	1	-2	-2.554480
263	34.125000	34.250000	G#4	90	80	0	3	-2.675961
264	34.250000	34.375000	A4	90	80	0	4	-3.868143
265	34.375000	34.500000	G#4	90	80	0	3	-3.226506
266	34.500000	34.625000	B4	90	80	0	1	-5.285870
267	34.500000	35.000000	D3	90	80	1	-5	-3.155341
268	34.500000	35.000000	A3	90	80	1	-2	-2.554480
269	34.625000	34.750000	C#5	90	80	0	2	-3.246278
270	34.750000	34.875000	D5	90	80	0	3	-3.686981
271	34.875000	35.000000	C#5	90	80	0	2	-3.151465
272	35.000000	35.125000	A5	90	80	0	5	-3.857051
273	35.000000	35.500000	E3	90	80	1	-5	-3.713619
274	35.000000	35.500000	B3	90	80	1	-2	-2.554480
275	35.125000	35.250000	G#5	90	80	0	4	-3.640665
276	35.250000	35.375000	B5	90	80	0	5	-3.871087
277	35.375000	35.500000	A5	90	80	0	4	-2.814339
278	35.500000	35.625000	G#5	90	80	0	3	-3.226506
279	35.500000	36.000000	E3	90	80	1	-5	-3.155341
280	35.500000	36.000000	B3	90	80	1	-1	-3.477173
281	35.625000	35.750000	F#5	90	80	0	2	-2.287533
282	35.750000	35.875000	E5	90	80	0	1	-3.360143
283	35.875000	36.000000	D5	90	80	0	4	-5.839612
284	36.000000	36.062500	C#5	90	80	0	3	-3.226506
285	36.000000	36.500000	A2	90	80	1	-5	-3.842215
286	36.062500	36.125000	B4	90	80	0	2	-3.286699
287	36.125000	36.500000	A4	90	80	0	1	-2.609267
288	36.500000	37.000000	A3	90	80	1	-1	-1.202832
289	36.750000	37.250000	C#5	90	80	0	2	-3.275273
290	37.000000	37.500000	A3	90	80	1	-5	-4.801795
291	37.250000	37.750000	D#5	90	80	0	3	-2.675961
292	37.500000	38.000000	A3	90	80	1	-5	-4.242005
293	37.500000	38.000000	E4	90	80	1	-1	-3.477173
294	37.750000	37.875000	E5	90	80	0	4	-3.868143
295	37.875000	38.000000	C#5	90	80	0	3	-3.510496
296	38.000000	38.125000	A#4	90	80	0	1	-3.281335
297	38.000000	38.500000	G#3	90	80	1	-4	-4.339145
298	38.000000	38.500000	E4	90	80	1	-1	-3.887622
299	38.125000	38.250000	B4	90	80	0	2	-5.579477
300	38.250000	38.750000	D#5	90	80	0	4	-3.522723
301	38.500000	39.000000	G#3	90	80	1	-4	-4.339145
302	38.500000	39.000000	E4	90	80	1	-1	-3.887622
303	38.750000	38.875000	E5	90	80	0	5	-3.684684
304	38.875000	39.000000	C#5	90	80	0	4	-4.424487
305	39.000000	39.125000	G#4	90	80	0	2	-3.266530
306	39.000000	39.500000	F#3	90	80	1	-4	-4.497131
307	39.000000	39.500000	A3	90	80	1	-2	-3.571868
308	39.125000	39.250000	A4	90	80	0	1	-4.072488
309	39.250000	39.750000	D#5	90	80	0	2	-5.017340
310	39.500000	40.000000	F#3	90	80	1	-3	-3.464153
311	39.500000	40.000000	A3	90	80	1	-1	-3.288065
312	39.750000	39.875000	E5	90	80	0	3	-3.686981
313	39.875000	40.125000	C#5	90	80	0	2	-3.032881
314	40.000000	40.500000	E3	90	80	1	-2	-3.456527
315	40.000000	40.500000	A3	90	80	1	-1	-2.320150
316	40.125000	40.250000	A4	90	80	0	1	-4.134704
317	40.250000	40.750000	C#5	90	80	0	2	-3.275273
318	40.500000	41.000000	E3	90	80	1	-2	-3.456527
319	40.500000	41.000000	A3	90	80	1	-1	-2.320150
320	40.750000	40.875000	A5	90	80	0	5	-3.857051
321	40.875000	41.000000	C#5	90	80	0	2	-3.763668
322	41.000000	41.125000	E5	90	80	0	4	-3.580467
323	41.000000	41.500000	D#3	90	80	1	-4	-6.237620
324	41.000000	41.500000	A3	90	80	1	-2	-4.383116
325	41.000000	41.500000	B3	90	80	1	-1	-2.578439
326	41.125000	41.250000	D#5	90	80	0	3	-3.226506
327	41.250000	41.375000	F#5	90	80	0	5	-2.681011
328	41.375000	41.500000	E5	90	80	0	4	-4.503222
329	41.500000	41.625000	D#5	90	80	0	3	-3.226506
330	41.500000	42.000000	D#3	90	80	1	-4	-4.339145
331	41.500000	42.000000	A3	90	80	1	-2	-4.383116
332	41.500000	42.000000	B3	90	80	1	-1	-2.578439
333	41.625000	41.750000	C#5	90	80	0	2	-2.287533
334	41.750000	41.875000	B4	90	80	0	1	-3.360143
335	41.875000	42.000000	A4	90	80	0	4	-5.839612
336	42.000000	42.062500	G#4	90	80	0	3	-3.226506
337	42.000000	42.500000	E3	90	80	1	-5	-3.242781
338	42.000000	42.500000	B3	90	80	1	-2	-2.554480
339	42.062500	42.125000	F#4	90	80	0	2	-2.287533
340	42.125000	42.500000	E4	90	80	0	1	-3.360143
341	42.500000	43.000000	E3	90	80	1	-5	-3.155341
342	42.500000	43.000000	B3	90	80	1	-1	-3.477173
343	42.750000	43.125000	E5	90	80	0	5	-2.242366
344	43.000000	43.500000	C3	90	80	1	-5	-3.181034
345	43.000000	43.500000	B3	90	80	1	-1	-3.610078
346	43.125000	43.250000	C5	90	80	0	4	-4.387405
347	43.250000	43.750000	E4	90	80	0	1	-2.969918
348	43.500000	44.000000	C3	90	80	1	-5	-3.181034
349	43.500000	44.000000	A3	90	80	1	-1	-4.009362
350	43.750000	44.125000	E5	90	80	0	5	-2.242366
351	44.000000	44.500000	G2	90	80	1	-5	-3.842215
352	44.000000	44.500000	G3	90	80	1	-1	-1.202832
353	44.125000	44.250000	B4	90	80	0	3	-3.854029
354	44.250000	44.750000	E4	90	80	0	1	-3.310457
355	44.500000	45.000000	G2	90	80	1	-5	-2.314770
356	44.500000	45.000000	G3	90	80	1	-1	-1.202832
357	44.750000	45.125000	E5	90	80	0	5	-2.242366
358	45.000000	45.500000	A2	90	80	1	-5	-3.181034
359	45.000000	45.500000	E3	90	80	1	-2	-2.554480
360	45.000000	45.500000	A3	90	80	1	-1	-2.320150
361	45.125000	45.250000	C5	90	80	0	4	-4.387405
362	45.250000	45.750000	F#4	90	80	0	1	-4.295977
363	45.500000	46.000000	A2	90	80	1	-5	-2.314770
364	45.500000	46.000000	E3	90	80	1	-2	-2.554480
365	45.500000	46.000000	A3	90	80	1	-1	-2.320150
366	45.750000	46.125000	E5	90	80	0	4	-4.946245
367	46.000000	46.500000	A#2	90	80	1	-5	-4.582913
368	46.000000	46.500000	E3	90	80	1	-2	-4.656382
369	46.000000	46.500000	F#3	90	80	1	-1	-3.101885
370	46.125000	46.250000	C#5	90	80	0	3	-3.510496
371	46.250000	46.750000	F#4	90	80	0	1	-3.310457
372	46.500000	47.000000	A#2	90	80	1	-5	-3.730225
373	46.500000	47.000000	E3	90	80	1	-2	-4.656382
374	46.500000	47.000000	F#3	90	80	1	-1	-3.101885
375	46.750000	47.125000	E5	90	80	0	4	-4.946245
376	47.000000	47.500000	B2	90	80	1	-5	-5.060396
377	47.000000	47.500000	F#3	90	80	1	-2	-4.281723
378	47.125000	47.250000	D#5	90	80	0	3	-3.226506
379	47.250000	47.375000	G#5	90	80	0	5	-3.128600
380	47.375000	47.625000	F#5	90	80	0	4	-2.814339
381	47.500000	48.000000	B2	90	80	1	-5	-4.626444
382	47.500000	48.000000	F#3	90	80	1	-2	-4.281723
383	47.500000	48.000000	B3	90	80	1	-1	-3.262923
384	47.625000	47.750000	D#5	90	80	0	2	-3.359779
385	47.750000	47.875000	B4	90	80	0	1	-4.134704
386	47.875000	48.125000	A4	90	80	0	3	-4.737465
387	48.000000	48.500000	E3	90	80	1	-4	-3.752799
388	48.000000	48.500000	B3	90	80	1	-1	-2.959487
389	48.125000	48.250000	G#4	90	80	0	2	-3.151465
390	48.250000	48.375000	E5	90	80	0	5	-3.857051
391	48.375000	48.625000	D#5	90	80	0	4	-3.640665
392	48.500000	49.000000	A2	90	80	1	-5	-3.842215
393	48.500000	49.000000	A3	90	80	1	-1	-1.202832
394	48.625000	48.750000	C#5	90	80	0	3	-2.238713
395	48.750000	48.875000	B4	90	80	0	2	-3.286699
396	48.875000	49.125000	A4	90	80	0	1	-2.609267
397	49.000000	49.500000	B2	90	80	1	-5	-3.181034
398	49.000000	49.500000	B3	90	80	1	-1	-1.202832
399	49.125000	49.250000	G#4	90	80	0	3	-4.859211
400	49.250000	49.375000	F#4	90	80	0	2	-2.287533
401	49.375000	49.500000	E4	90	80	0	1	-3.360143
402	49.500000	49.875000	F#4	90	80	0	2	-3.246278
403	49.500000	50.000000	B2	90	80	1	-5	-2.314770
404	49.500000	50.000000	B3	90	80	1	-1	-1.202832
405	49.875000	49.937500	E4	90	80	0	1	-3.360143
406	49.937500	50.000000	F#4	90	80	0	2	-3.246278
407	50.000000	50.125000	E4	90	80	0	1	-3.360143
408	50.000000	50.500000	C#3	90	80	1	-4	-4.497131
409	50.000000	50.500000	B3	90	80	1	-1	-4.387723
410	50.125000	50.250000	B4	90	80	0	4	-4.054949
411	50.250000	50.375000	A4	90	80	0	3	-2.238713
412	50.375000	50.625000	G#4	90	80	0	2	-3.151465
413	50.500000	51.000000	C#3	90	80	1	-4	-4.497131
414	50.500000	51.000000	A3	90	80	1	-1	-3.887622
415	50.625000	50.750000	A4	90	80	0	3	-3.686981
416	50.750000	50.875000	G#4	90	80	0	2	-3.151465
417	50.875000	51.125000	A4	90	80	0	1	-4.072488
418	51.000000	51.500000	D#3	90	80	1	-3	-6.025293
419	51.000000	51.500000	B3	90	80	1	-1	-3.687814
420	51.125000	51.250000	C#5	90	80	0	2	-3.275273
421	51.250000	51.375000	B4	90	80	0	1	-3.360143
422	51.375000	51.625000	A#4	90	80	0	2	-4.284147
423	51.500000	52.000000	D#3	90	80	1	-4	-4.339145
424	51.500000	52.000000	B3	90	80	1	-1	-3.887622
425	51.625000	51.750000	B4	90	80	0	3	-3.686981
426	51.750000	51.875000	A#4	90	80	0	2	-3.151465
427	51.875000	52.000000	B4	90	80	0	1	-4.072488
428	52.000000	52.125000	A5	90	80	0	5	-4.284649
429	52.000000	52.500000	E3	90	80	1	-4	-3.752799
430	52.000000	52.500000	B3	90	80	1	-1	-2.959487
431	52.125000	52.250000	G#5	90	80	0	4	-3.640665
432	52.250000	52.375000	F#5	90	80	0	3	-2.238713
433	52.375000	52.500000	E5	90	80	0	2	-3.286699
434	52.500000	52.625000	B#4	90	80	0	1	-3.157580
435	52.500000	53.000000	A2	90	80	1	-5	-3.842215
436	52.500000	53.000000	A3	90	80	1	-1	-1.202832
437	52.625000	52.750000	C#5	90	80	0	2	-3.900292
438	52.750000	52.875000	E5	90	80	0	4	-3.580467
439	52.875000	53.000000	E4	90	80	0	1	-3.627794
440	53.000000	53.500000	E4	90	80	0	1	-4.507997
441	53.000000	53.500000	G#4	90	80	0	2	-3.275273
442	53.000000	53.500000	B2	90	80	1	-5	-3.181034
443	53.000000	53.500000	E3	90	80	1	-3	-3.463793
444	53.000000	53.500000	B3	90	80	1	-1	-3.342645
445	53.500000	54.000000	D#4	90	80	0	1	-3.434905
446	53.500000	54.000000	F#4	90	80	0	2	-2.525967
447	53.500000	54.000000	B2	90	80	1	-5	-2.314770
448	53.500000	54.000000	E3	90	80	1	-3	-3.463793
449	53.500000	54.000000	A3	90	80	1	-2	-3.936874
450	53.500000	54.000000	B3	90	80	1	-1	-2.578439
451	54.000000	56.000000	E4	90	80	0	1	-3.360143
452	54.000000	56.000000	E3	90	80	1	-2	-4.659581
453	56.000000	56.500000	B2	90	80	1	-5	-3.713619
454	56.500000	57.000000	B4	90	80	0	2	-3.928858
455	56.500000	57.000000	B3	90	80	1	-1	-1.202832
456	57.000000	57.750000	B4	90	80	0	1	-4.802885
457	57.000000	57.500000	G3	90	80	1	-2	-3.291596
458	57.500000	58.000000	E3	90	80	1	-4	-3.718276
459	57.750000	57.875000	C#5	90	80	0	2	-3.246278
460	57.875000	58.000000	D5	90	80	0	3	-3.686981
461	58.000000	58.250000	B4	90	80	0	1	-3.281335
462	58.000000	58.500000	D3	90	80	1	-5	-3.249332
463	58.250000	58.625000	B5	90	80	0	5	-2.242366
464	58.500000	59.000000	D3	90	80	1	-5	-4.242005
465	58.500000	59.000000	B3	90	80	1	-1	-4.009362
466	58.625000	58.750000	A5	90	80	0	4	-2.814339
467	58.750000	58.875000	G#5	90	80	0	3	-3.226506
468	58.875000	59.125000	F#5	90	80	0	2	-2.287533
469	59.000000	59.500000	C#3	90	80	1	-4	-4.497131
470	59.000000	59.500000	B3	90	80	1	-1	-4.387723
471	59.125000	59.250000	E#5	90	80	0	1	-3.290753
472	59.250000	59.375000	G#5	90	80	0	3	-4.456068
473	59.375000	59.625000	D5	90	80	0	1	-4.323321
474	59.500000	60.000000	C#3	90	80	1	-4	-4.497131
475	59.500000	60.000000	B3	90	80	1	-1	-4.387723
476	59.625000	59.750000	C#5	90	80	0	3	-4.859211
477	59.750000	59.875000	C#5	90	80	0	3	-4.378151
478	59.875000	60.125000	B4	90	80	0	2	-3.286699
479	60.000000	60.500000	C#3	90	80	1	-4	-4.497131
480	60.000000	60.500000	G3	90	80	1	-1	-4.817923
481	60.125000	60.250000	A#4	90	80	0	1	-4.846711
482	60.250000	60.375000	C#5	90	80	0	2	-2.525967
483	60.375000	60.500000	E5	90	80	0	3	-3.265372
484	60.500000	60.625000	G5	90	80	0	5	-2.681011
485	60.500000	61.000000	C#3	90	80	1	-2	-5.099885
486	60.500000	61.000000	G3	90	80	1	-1	-4.366821
487	60.625000	60.750000	G4	90	80	0	1	-1.922714
488	60.750000	60.875000	C#5	90	80	0	2	-5.017340
489	60.875000	61.000000	E5	90	80	0	3	-3.265372
490	61.000000	61.125000	G5	90	80	0	5	-2.681011
491	61.000000	61.500000	B2	90	80	1	-5	-3.730225
492	61.000000	61.500000	G3	90	80	1	-1	-4.009362
493	61.125000	61.250000	G4	90	80	0	1	-1.922714
494	61.250000	61.375000	C#5	90	80	0	2	-5.017340
495	61.375000	61.500000	E5	90	80	0	3	-3.265372
496	61.500000	61.625000	G5	90	80	0	5	-2.681011
497	61.500000	62.000000	B2	90	80	1	-5	-3.730225
498	61.500000	62.000000	G3	90	80	1	-1	-4.009362
499	61.625000	61.750000	G4	90	80	0	1	-1.922714
500	61.750000	61.875000	C#5	90	80	0	2	-5.017340
501	61.875000	62.000000	E5	90	80	0	3	-3.265372
502	62.000000	62.125000	G5	90	80	0	5	-2.681011
503	62.000000	62.500000	A2	90	80	1	-5	-3.181034
504	62.000000	62.500000	G3	90	80	1	-1	-3.610078
505	62.125000	62.250000	G4	90	80	0	1	-1.922714
506	62.250000	62.375000	C#5	90	80	0	2	-5.017340
507	62.375000	62.500000	E5	90	80	0	3	-3.265372
508	62.500000	62.625000	G5	90	80	0	5	-2.681011
509	62.500000	63.000000	A2	90	80	1	-5	-3.181034
510	62.500000	63.000000	G3	90	80	1	-1	-3.610078
511	62.625000	62.750000	F5	90	80	0	4	-2.814339
512	62.750000	62.875000	F5	90	80	0	5	-5.360328
513	62.875000	63.000000	E5	90	80	0	4	-2.814339
514	63.000000	63.125000	D5	90	80	0	3	-2.238713
515	63.000000	63.500000	A2	90	80	1	-5	-3.181034
516	63.000000	63.500000	F3	90	80	1	-2	-4.349399
517	63.000000	63.500000	A3	90	80	1	-1	-2.415329
518	63.125000	63.250000	F4	90	80	0	1	-4.393458
519	63.250000	63.375000	A4	90	80	0	2	-2.525967
520	63.375000	63.500000	D5	90	80	0	4	-2.909306
521	63.500000	63.625000	F5	90	80	0	5	-3.402079
522	63.500000	64.000000	A2	90	80	1	-5	-2.314770
523	63.500000	64.000000	A3	90	80	1	-1	-1.202832
524	63.625000	63.750000	E5	90	80	0	4	-2.814339
525	63.750000	63.875000	E5	90	80	0	4	-4.784491
526	63.875000	64.000000	D5	90	80	0	3	-2.238713
527	64.000000	64.125000	D5	90	80	0	4	-5.516614
528	64.000000	64.500000	B2	90	80	1	-5	-3.181034
529	64.000000	64.500000	G#3	90	80	1	-1	-5.043358
530	64.125000	64.250000	F4	90	80	0	1	-2.969918
531	64.250000	64.375000	B4	90	80	0	2	-2.963617
532	64.375000	64.500000	D5	90	80	0	3	-3.012122
533	64.500000	64.625000	F5	90	80	0	5	-2.681011
534	64.500000	65.000000	B2	90	80	1	-5	-4.087479
535	64.500000	65.000000	G#3	90	80	1	-2	-4.731534
536	64.625000	64.750000	E5	90	80	0	4	-2.814339
537	64.750000	64.875000	E5	90	80	0	4	-4.784491
538	64.875000	65.000000	D5	90	80	0	3	-2.238713
539	65.000000	65.125000	G4	90	80	0	1	-3.310457
540	65.000000	65.500000	C#3	90	80	1	-5	-3.155341
541	65.000000	65.500000	G3	90	80	1	-2	-4.656382
542	65.000000	65.500000	A3	90	80	1	-1	-2.578439
543	65.125000	65.250000	C#5	90	80	0	2	-5.017340
544	65.250000	65.375000	E5	90	80	0	3	-3.265372
545	65.375000	65.625000	G5	90	80	0	5	-2.681011
546	65.500000	66.000000	C#3	90	80	1	-4	-4.339145
547	65.500000	66.000000	G3	90	80	1	-2	-4.383116
548	65.500000	66.000000	A3	90	80	1	-1	-2.578439
549	65.625000	65.750000	F5	90	80	0	4	-2.814339
550	65.750000	65.875000	F5	90	80	0	3	-5.185589
551	65.875000	66.000000	E5	90	80	0	2	-2.287533
552	66.000000	66.125000	G#5	90	80	0	4	-3.522723
553	66.000000	66.500000	D3	90	80	1	-5	-3.242781
554	66.000000	66.500000	A3	90	80	1	-2	-2.554480
555	66.125000	66.250000	A5	90	80	0	5	-3.684684
556	66.250000	66.375000	F5	90	80	0	3	-3.509161
557	66.375000	66.625000	D5	90	80	0	2	-3.674662
558	66.500000	67.000000	D3	90	80	1	-5	-3.155341
559	66.500000	67.000000	A3	90	80	1	-2	-2.554480
560	66.625000	66.750000	C5	90	80	0	1	-2.609267
561	66.750000	66.875000	C5	90	80	0	2	-4.712397
562	66.875000	67.000000	B4	90	80	0	1	-2.609267
563	67.000000	67.125000	G#5	90	80	0	4	-4.568866
564	67.000000	67.500000	D#3	90	80	1	-4	-6.312522
565	67.000000	67.500000	A3	90	80	1	-2	-4.383116
566	67.000000	67.500000	B3	90	80	1	-1	-2.578439
567	67.125000	67.250000	A5	90	80	0	5	-3.684684
568	67.250000	67.375000	B4	90	80	0	1	-3.027253
569	67.375000	67.625000	C5	90	80	0	2	-2.867384
570	67.500000	68.000000	D#3	90	80	1	-4	-4.339145
571	67.500000	68.000000	A3	90	80	1	-2	-4.383116
572	67.500000	68.000000	B3	90	80	1	-1	-2.578439
573	67.625000	67.750000	D#5	90	80	0	4	-4.064995
574	67.750000	67.875000	E5	90	80	0	5	-3.684684
575	67.875000	68.125000	A4	90	80	0	2	-3.263552
576	68.000000	68.500000	E3	90	80	1	-5	-3.242781
577	68.000000	68.500000	B3	90	80	1	-2	-2.554480
578	68.125000	68.250000	F#4	90	80	0	1	-3.967913
579	68.250000	68.375000	G#4	90	80	0	2	-2.867384
580	68.375000	68.500000	A4	90	80	0	1	-4.072488
581	68.500000	68.625000	B4	90	80	0	2	-2.867384
582	68.500000	69.000000	E3	90	80	1	-5	-3.155341
583	68.500000	69.000000	B3	90	80	1	-1	-3.477173
584	68.625000	68.750000	C#5	90	80	0	3	-3.409656
585	68.750000	68.875000	C#5	90	80	0	2	-4.935872
586	68.875000	69.125000	D5	90	80	0	3	-3.686981
587	69.000000	69.500000	A2	90	80	1	-5	-3.842215
588	69.000000	69.500000	A3	90	80	1	-1	-1.202832
589	69.125000	69.250000	B4	90	80	0	1	-3.281335
590	69.250000	69.375000	C#5	90	80	0	2	-3.246278
591	69.375000	69.500000	D5	90	80	0	3	-3.686981
592	69.500000	69.625000	D5	90	80	0	2	-4.935872
593	69.500000	70.000000	A2	90	80	1	-5	-2.314770
594	69.500000	70.000000	A3	90	80	1	-1	-1.202832
595	69.625000	69.750000	D#5	90	80	0	3	-3.190537
596	69.750000	69.875000	D#5	90	80	0	2	-4.935872
597	69.875000	70.125000	E5	90	80	0	3	-3.686981
598	70.000000	70.500000	D3	90	80	1	-5	-3.242781
599	70.000000	70.500000	A3	90	80	1	-2	-2.554480
600	70.125000	70.250000	C#5	90	80	0	2	-3.032881
601	70.250000	70.375000	D5	90	80	0	3	-3.686981
602	70.375000	70.500000	E5	90	80	0	4	-2.883688
603	70.500000	70.625000	E5	90	80	0	4	-4.784491
604	70.500000	71.000000	D3	90	80	1	-5	-3.155341
605	70.500000	71.000000	A3	90	80	1	-2	-2.554480
606	70.625000	70.750000	E#5	90	80	0	5	-2.706622
607	70.750000	70.875000	E#5	90	80	0	1	-5.027158
608	70.875000	71.000000	F#5	90	80	0	2	-3.900292
609	71.000000	71.125000	D6	90	80	0	5	-3.857051
610	71.000000	71.500000	D3	90	80	1	-5	-3.155341
611	71.000000	71.500000	A3	90	80	1	-2	-2.554480
612	71.125000	71.250000	C#6	90	80	0	4	-3.640665
613	71.250000	71.375000	B5	90	80	0	2	-4.043146
614	71.375000	71.500000	A5	90	80	0	1	-2.609267
615	71.500000	71.625000	F#5	90	80	0	3	-5.389440
616	71.500000	72.000000	D3	90	80	1	-5	-3.155341
617	71.500000	72.000000	D4	90	80	1	-1	-1.202832
618	71.625000	71.750000	B5	90	80	0	5	-3.340065
619	71.750000	71.875000	G#5	90	80	0	4	-4.424487
620	71.875000	72.000000	D5	90	80	0	2	-5.493021
621	72.000000	72.187500	A4	90	80	0	1	-3.434905
622	72.000000	72.500000	E3	90	80	1	-5	-3.181034
623	72.000000	72.500000	A3	90	80	1	-2	-3.272976
624	72.000000	72.500000	C#4	90	80	1	-1	-3.194227
625	72.187500	72.250000	B4	90	80	0	2	-2.867384
626	72.250000	72.375000	A4	90	80	0	1	-2.609267
627	72.375000	72.437500	G#4	90	80	0	2	-4.284147
628	72.437500	72.500000	A4	90	80	0	3	-3.686981
629	72.500000	72.875000	B4	90	80	0	4	-2.883688
630	72.500000	73.000000	E3	90	80	1	-5	-4.087479
631	72.500000	73.000000	B3	90	80	1	-1	-3.477173
632	72.875000	72.937500	A4	90	80	0	3	-2.238713
633	72.937500	73.000000	G#4	90	80	0	2	-3.151465
634	73.000000	73.125000	A4	90	80	0	1	-4.072488
635	73.000000	73.500000	F#3	90	80	1	-2	-4.444474
636	73.000000	73.500000	A3	90	80	1	-1	-2.464298
637	73.125000	73.250000	E5	90	80	0	4	-4.054949
638	73.250000	73.375000	D5	90	80	0	3	-2.238713
639	73.375000	73.625000	C#5	90	80	0	2	-3.151465
640	73.500000	74.000000	F#3	90	80	1	-2	-3.299403
641	73.500000	74.000000	A3	90	80	1	-1	-2.464298
642	73.625000	73.750000	D5	90	80	0	3	-3.686981
643	73.750000	73.875000	C#5	90	80	0	2	-3.151465
644	73.875000	74.125000	D5	90	80	0	1	-4.072488
645	74.000000	74.500000	G#3	90	80	1	-2	-3.720116
646	74.000000	74.500000	B3	90	80	1	-1	-2.464298
647	74.125000	74.250000	F#5	90	80	0	2	-3.275273
648	74.250000	74.375000	E5	90	80	0	1	-3.360143
649	74.375000	74.625000	D#5	90	80	0	2	-4.284147
650	74.500000	75.000000	G#3	90	80	1	-2	-3.299403
651	74.500000	75.000000	B3	90	80	1	-1	-2.464298
652	74.625000	74.750000	E5	90	80	0	3	-3.686981
653	74.750000	74.875000	D#5	90	80	0	2	-3.151465
654	74.875000	75.125000	E5	90	80	0	1	-4.072488
655	75.000000	75.500000	A3	90	80	1	-2	-2.745489
656	75.125000	75.250000	D6	90	80	0	5	-4.284649
657	75.250000	75.375000	C#6	90	80	0	4	-3.640665
658	75.375000	75.500000	A5	90	80	0	2	-4.058569
659	75.500000	75.625000	E#5	90	80	0	1	-3.157580
660	75.500000	76.000000	D3	90	80	1	-5	-3.155341
661	75.500000	76.000000	D4	90	80	1	-1	-1.202832
662	75.625000	75.750000	F#5	90	80	0	2	-3.900292
663	75.750000	75.875000	B5	90	80	0	5	-4.964310
664	75.875000	76.000000	A5	90	80	0	4	-2.814339
665	76.000000	76.187500	A4	90	80	0	1	-3.627794
666	76.000000	76.500000	E3	90	80	1	-5	-3.181034
667	76.000000	76.500000	A3	90	80	1	-2	-3.272976
668	76.000000	76.500000	C#4	90	80	1	-1	-3.194227
669	76.187500	76.250000	B4	90	80	0	2	-2.867384
670	76.250000	76.333333	A4	90	80	0	1	-2.609267
671	76.333333	76.416667	G#4	90	80	0	2	-4.284147
672	76.416667	76.458333	A4	90	80	0	1	-4.072488
673	76.458333	76.500000	B4	90	80	0	2	-2.867384
674	76.500000	76.875000	B4	90	80	0	2	-4.554564
675	76.500000	77.000000	E3	90	80	1	-5	-4.087479
676	76.500000	77.000000	B3	90	80	1	-1	-3.477173
677	76.875000	76.937500	A4	90	80	0	1	-2.609267
678	76.937500	77.000000	B4	90	80	0	2	-2.867384
679	77.000000	77.500000	A4	90	80	0	1	-2.609267
680	77.000000	77.500000	A2	90	80	1	-5	-3.842215
681	78.000000	78.500000	B2	90	80	1	-4	-3.907966
682	78.500000	79.000000	B4	90	80	0	2	-2.867384
683	78.500000	79.000000	B3	90	80	1	-1	-2.522980
684	79.000000	79.750000	B4	90	80	0	1	-4.802885
685	79.000000	79.500000	G3	90	80	1	-2	-3.291596
686	79.500000	80.000000	E3	90	80	1	-4	-3.718276
687	79.750000	79.875000	C#5	90	80	0	2	-3.246278
688	79.875000	80.000000	D5	90	80	0	3	-3.686981
689	80.000000	80.250000	B4	90	80	0	1	-3.281335
690	80.000000	80.500000	D3	90	80	1	-5	-3.249332
691	80.250000	80.625000	B5	90	80	0	5	-2.242366
692	80.500000	81.000000	D3	90	80	1	-5	-4.242005
693	80.500000	81.000000	B3	90	80	1	-1	-4.009362
694	80.625000	80.750000	A5	90	80	0	4	-2.814339
695	80.750000	80.875000	G#5	90	80	0	3	-3.226506
696	80.875000	81.125000	F#5	90	80	0	2	-2.287533
697	81.000000	81.500000	C#3	90	80	1	-4	-4.497131
698	81.000000	81.500000	B3	90	80	1	-1	-4.387723
699	81.125000	81.250000	E#5	90	80	0	1	-3.290753
700	81.250000	81.375000	G#5	90	80	0	3	-4.456068
701	81.375000	81.625000	D5	90	80	0	1	-4.323321
702	81.500000	82.000000	C#3	90	80	1	-4	-4.497131
703	81.500000	82.000000	B3	90	80	1	-1	-4.387723
704	81.625000	81.750000	C#5	90	80	0	3	-4.859211
705	81.750000	81.875000	C#5	90	80	0	3	-4.378151
706	81.875000	82.125000	B4	90	80	0	2	-3.286699
707	82.000000	82.500000	C#3	90	80	1	-4	-4.497131
708	82.000000	82.500000	G3	90	80	1	-1	-4.817923
709	82.125000	82.250000	A#4	90	80	0	1	-4.846711
710	82.250000	82.375000	C#5	90	80	0	2	-2.525967
711	82.375000	82.500000	E5	90	80	0	3	-3.265372
712	82.500000	82.625000	G5	90	80	0	5	-2.681011
713	82.500000	83.000000	C#3	90	80	1	-2	-5.099885
714	82.500000	83.000000	G3	90	80	1	-1	-4.366821
715	82.625000	82.750000	G4	90	80	0	1	-1.922714
716	82.750000	82.875000	C#5	90	80	0	2	-5.017340
717	82.875000	83.000000	E5	90	80	0	3	-3.265372
718	83.000000	83.125000	G5	90	80	0	5	-2.681011
719	83.000000	83.500000	B2	90	80	1	-5	-3.730225
720	83.000000	83.500000	G3	90	80	1	-1	-4.009362
721	83.125000	83.250000	G4	90	80	0	1	-1.922714
722	83.250000	83.375000	C#5	90	80	0	2	-5.017340
723	83.375000	83.500000	E5	90	80	0	3	-3.265372
724	83.500000	83.625000	G5	90	80	0	5	-2.681011
725	83.500000	84.000000	B2	90	80	1	-5	-3.730225
726	83.500000	84.000000	G3	90	80	1	-1	-4.009362
727	83.625000	83.750000	G4	90	80	0	1	-1.922714
728	83.750000	83.875000	C#5	90	80	0	2	-5.017340
729	83.875000	84.000000	E5	90	80	0	3	-3.265372
730	84.000000	84.125000	G5	90	80	0	5	-2.681011
731	84.000000	84.500000	A2	90	80	1	-5	-3.181034
732	84.000000	84.500000	G3	90	80	1	-1	-3.610078
733	84.125000	84.250000	G4	90	80	0	1	-1.922714
734	84.250000	84.375000	C#5	90	80	0	2	-5.017340
735	84.375000	84.500000	E5	90	80	0	3	-3.265372
736	84.500000	84.625000	G5	90	80	0	5	-2.681011
737	84.500000	85.000000	A2	90	80	1	-5	-3.181034
738	84.500000	85.000000	G3	90	80	1	-1	-3.610078
739	84.625000	84.750000	F5	90	80	0	4	-2.814339
740	84.750000	84.875000	F5	90	80	0	5	-5.360328
741	84.875000	85.000000	E5	90	80	0	4	-2.814339
742	85.000000	85.125000	D5	90	80	0	3	-2.238713
743	85.000000	85.500000	A2	90	80	1	-5	-3.181034
744	85.000000	85.500000	F3	90	80	1	-2	-4.349399
745	85.000000	85.500000	A3	90	80	1	-1	-2.415329
746	85.125000	85.250000	F4	90	80	0	1	-4.393458
747	85.250000	85.375000	A4	90	80	0	2	-2.525967
748	85.375000	85.500000	D5	90	80	0	4	-2.909306
749	85.500000	85.625000	F5	90	80	0	5	-3.402079
750	85.500000	86.000000	A2	90	80	1	-5	-2.314770
751	85.500000	86.000000	A3	90	80	1	-1	-1.202832
752	85.625000	85.750000	E5	90	80	0	4	-2.814339
753	85.750000	85.875000	E5	90	80	0	4	-4.784491
754	85.875000	86.000000	D5	90	80	0	3	-2.238713
755	86.000000	86.125000	D5	90	80	0	4	-5.516614
756	86.000000	86.500000	B2	90	80	1	-5	-3.181034
757	86.000000	86.500000	G#3	90	80	1	-1	-5.043358
758	86.125000	86.250000	F4	90	80	0	1	-2.969918
759	86.250000	86.375000	B4	90	80	0	2	-2.963617
760	86.375000	86.500000	D5	90	80	0	3	-3.012122
761	86.500000	86.625000	F5	90	80	0	5	-2.681011
762	86.500000	87.000000	B2	90	80	1	-5	-4.087479
763	86.500000	87.000000	G#3	90	80	1	-2	-4.731534
764	86.625000	86.750000	E5	90	80	0	4	-2.814339
765	86.750000	86.875000	E5	90	80	0	4	-4.784491
766	86.875000	87.000000	D5	90	80	0	3	-2.238713
767	87.000000	87.125000	G4	90	80	0	1	-3.310457
768	87.000000	87.500000	C#3	90	80	1	-5	-3.155341
769	87.000000	87.500000	G3	90	80	1	-2	-4.656382
770	87.000000	87.500000	A3	90	80	1	-1	-2.578439
771	87.125000	87.250000	C#5	90	80	0	2	-5.017340
772	87.250000	87.375000	E5	90	80	0	3	-3.265372
773	87.375000	87.625000	G5	90	80	0	5	-2.681011
774	87.500000	88.000000	C#3	90	80	1	-4	-4.339145
775	87.500000	88.000000	G3	90	80	1	-2	-4.383116
776	87.500000	88.000000	A3	90	80	1	-1	-2.578439
777	87.625000	87.750000	F5	90	80	0	4	-2.814339
778	87.750000	87.875000	F5	90	80	0	3	-5.185589
779	87.875000	88.000000	E5	90	80	0	2	-2.287533
780	88.000000	88.125000	G#5	90	80	0	4	-3.522723
781	88.000000	88.500000	D3	90	80	1	-5	-3.242781
782	88.000000	88.500000	A3	90	80	1	-2	-2.554480
783	88.125000	88.250000	A5	90	80	0	5	-3.684684
784	88.250000	88.375000	F5	90	80	0	3	-3.509161
785	88.375000	88.625000	D5	90	80	0	2	-3.674662
786	88.500000	89.000000	D3	90	80	1	-5	-3.155341
787	88.500000	89.000000	A3	90	80	1	-2	-2.554480
788	88.625000	88.750000	C5	90	80	0	1	-2.609267
789	88.750000	88.875000	C5	90	80	0	2	-4.712397
790	88.875000	89.000000	B4	90	80	0	1	-2.609267
791	89.000000	89.125000	G#5	90	80	0	4	-4.568866
792	89.000000	89.500000	D#3	90	80	1	-4	-6.312522
793	89.000000	89.500000	A3	90	80	1	-2	-4.383116
794	89.000000	89.500000	B3	90	80	1	-1	-2.578439
795	89.125000	89.250000	A5	90	80	0	5	-3.684684
796	89.250000	89.375000	B4	90	80	0	1	-3.027253
797	89.375000	89.625000	C5	90	80	0	2	-2.867384
798	89.500000	90.000000	D#3	90	80	1	-4	-4.339145
799	89.500000	90.000000	A3	90	80	1	-2	-4.383116
800	89.500000	90.000000	B3	90	80	1	-1	-2.578439
801	89.625000	89.750000	D#5	90	80	0	4	-4.064995
802	89.750000	89.875000	E5	90	80	0	5	-3.684684
803	89.875000	90.125000	A4	90	80	0	2	-3.263552
804	90.000000	90.500000	E3	90	80	1	-5	-3.242781
805	90.000000	90.500000	B3	90	80	1	-2	-2.554480
806	90.125000	90.250000	F#4	90	80	0	1	-3.967913
807	90.250000	90.375000	G#4	90	80	0	2	-2.867384
808	90.375000	90.500000	A4	90	80	0	1	-4.072488
809	90.500000	90.625000	B4	90	80	0	2	-2.867384
810	90.500000	91.000000	E3	90	80	1	-5	-3.155341
811	90.500000	91.000000	B3	90	80	1	-1	-3.477173
812	90.625000	90.750000	C#5	90	80	0	3	-3.409656
813	90.750000	90.875000	C#5	90	80	0	2	-4.935872
814	90.875000	91.125000	D5	90	80	0	3	-3.686981
815	91.000000	91.500000	A2	90	80	1	-5	-3.842215
816	91.000000	91.500000	A3	90	80	1	-1	-1.202832
817	91.125000	91.250000	B4	90	80	0	1	-3.281335
818	91.250000	91.375000	C#5	90	80	0	2	-3.246278
819	91.375000	91.500000	D5	90	80	0	3	-3.686981
820	91.500000	91.625000	D5	90	80	0	2	-4.935872
821	91.500000	92.000000	A2	90	80	1	-5	-2.314770
822	91.500000	92.000000	A3	90	80	1	-1	-1.202832
823	91.625000	91.750000	D#5	90	80	0	3	-3.190537
824	91.750000	91.875000	D#5	90	80	0	2	-4.935872
825	91.875000	92.125000	E5	90	80	0	3	-3.686981
826	92.000000	92.500000	D3	90	80	1	-5	-3.242781
827	92.000000	92.500000	A3	90	80	1	-2	-2.554480
828	92.125000	92.250000	C#5	90	80	0	2	-3.032881
829	92.250000	92.375000	D5	90	80	0	3	-3.686981
830	92.375000	92.500000	E5	90	80	0	4	-2.883688
831	92.500000	92.625000	E5	90	80	0	4	-4.784491
832	92.500000	93.000000	D3	90	80	1	-5	-3.155341
833	92.500000	93.000000	A3	90	80	1	-2	-2.554480
834	92.625000	92.750000	E#5	90	80	0	5	-2.706622
835	92.750000	92.875000	E#5	90	80	0	1	-5.027158
836	92.875000	93.000000	F#5	90	80	0	2	-3.900292
837	93.000000	93.125000	D6	90	80	0	5	-3.857051
838	93.000000	93.500000	D3	90	80	1	-5	-3.155341
839	93.000000	93.500000	A3	90	80	1	-2	-2.554480
840	93.125000	93.250000	C#6	90	80	0	4	-3.640665
841	93.250000	93.375000	B5	90	80	0	2	-4.043146
842	93.375000	93.500000	A5	90	80	0	1	-2.609267
843	93.500000	93.625000	F#5	90	80	0	3	-5.389440
844	93.500000	94.000000	D3	90	80	1	-5	-3.155341
845	93.500000	94.000000	D4	90	80	1	-1	-1.202832
846	93.625000	93.750000	B5	90	80	0	5	-3.340065
847	93.750000	93.875000	G#5	90	80	0	4	-4.424487
848	93.875000	94.000000	D5	90	80	0	2	-5.493021
849	94.000000	94.187500	A4	90	80	0	1	-3.434905
850	94.000000	94.500000	E3	90	80	1	-5	-3.181034
851	94.000000	94.500000	A3	90	80	1	-2	-3.272976
852	94.000000	94.500000	C#4	90	80	1	-1	-3.194227
853	94.187500	94.250000	B4	90	80	0	2	-2.867384
854	94.250000	94.375000	A4	90	80	0	1	-2.609267
855	94.375000	94.437500	G#4	90	80	0	2	-4.284147
856	94.437500	94.500000	A4	90	80	0	3	-3.686981
857	94.500000	94.875000	B4	90	80	0	4	-2.883688
858	94.500000	95.000000	E3	90	80	1	-5	-4.087479
859	94.500000	95.000000	B3	90	80	1	-1	-3.477173
860	94.875000	94.937500	A4	90	80	0	3	-2.238713
861	94.937500	95.000000	G#4	90	80	0	2	-3.151465
862	95.000000	95.125000	A4	90	80	0	1	-4.072488
863	95.000000	95.500000	F#3	90	80	1	-2	-4.444474
864	95.000000	95.500000	A3	90	80	1	-1	-2.464298
865	95.125000	95.250000	E5	90	80	0	4	-4.054949
866	95.250000	95.375000	D5	90	80	0	3	-2.238713
867	95.375000	95.625000	C#5	90	80	0	2	-3.151465
868	95.500000	96.000000	F#3	90	80	1	-2	-3.299403
869	95.500000	96.000000	A3	90	80	1	-1	-2.464298
870	95.625000	95.750000	D5	90	80	0	3	-3.686981
871	95.750000	95.875000	C#5	90	80	0	2	-3.151465
872	95.875000	96.125000	D5	90	80	0	1	-4.072488
873	96.000000	96.500000	G#3	90	80	1	-2	-3.720116
874	96.000000	96.500000	B3	90	80	1	-1	-2.464298
875	96.125000	96.250000	F#5	90	80	0	2	-3.275273
876	96.250000	96.375000	E5	90	80	0	1	-3.360143
877	96.375000	96.625000	D#5	90	80	0	2	-4.284147
878	96.500000	97.000000	G#3	90	80	1	-2	-3.299403
879	96.500000	97.000000	B3	90	80	1	-1	-2.464298
880	96.625000	96.750000	E5	90	80	0	3	-3.686981
881	96.750000	96.875000	D#5	90	80	0	2	-3.151465
882	96.875000	97.125000	E5	90	80	0	1	-4.072488
883	97.000000	97.500000	A3	90	80	1	-2	-2.745489
884	97.125000	97.250000	D6	90	80	0	5	-4.284649
885	97.250000	97.375000	C#6	90	80	0	4	-3.640665
886	97.375000	97.500000	A5	90	80	0	2	-4.058569
887	97.500000	97.625000	E#5	90	80	0	1	-3.157580
888	97.500000	98.000000	D3	90	80	1	-5	-3.155341
889	97.500000	98.000000	D4	90	80	1	-1	-1.202832
890	97.625000	97.750000	F#5	90	80	0	2	-3.900292
891	97.750000	97.875000	B5	90	80	0	5	-4.964310
892	97.875000	98.000000	A5	90	80	0	4	-2.814339
893	98.000000	98.187500	A4	90	80	0	1	-3.627794
894	98.000000	98.500000	E3	90	80	1	-5	-3.181034
895	98.000000	98.500000	A3	90	80	1	-2	-3.272976
896	98.000000	98.500000	C#4	90	80	1	-1	-3.194227
897	98.187500	98.250000	B4	90	80	0	2	-2.867384
898	98.250000	98.333333	A4	90	80	0	1	-2.609267
899	98.333333	98.416667	G#4	90	80	0	2	-4.284147
900	98.416667	98.458333	A4	90	80	0	3	-3.686981
901	98.458333	98.500000	B4	90	80	0	4	-2.883688
902	98.500000	98.875000	B4	90	80	0	4	-4.784491
903	98.500000	99.000000	E3	90	80	1	-5	-4.087479
904	98.500000	99.000000	B3	90	80	1	-1	-3.477173
905	98.875000	98.937500	A4	90	80	0	3	-2.238713
906	98.937500	99.000000	B4	90	80	0	4	-2.883688
907	99.000000	99.500000	A4	90	80	0	3	-2.238713
908	99.000000	99.500000	A2	90	80	1	-5	-3.842215
