//Version: PianoFingering_v170101
1	0.000000	0.250000	B2	45	80	1	-5	-0.504576
2	0.250000	0.500000	F#3	90	80	1	-4	-5.762335
3	0.250000	0.500000	B3	90	80	1	-2	-2.871001
4	0.250000	0.500000	D4	90	80	1	-1	-2.415329
5	0.312500	0.416667	F#4	45	80	0	1	-0.925785
6	0.416667	1.145833	B4	58	80	0	2	-3.465862
7	0.500000	0.750000	B2	45	80	1	-5	-4.233080
8	0.750000	1.000000	F#3	90	80	1	-4	-5.762335
9	0.750000	1.000000	B3	90	80	1	-2	-2.871001
10	0.750000	1.000000	D4	90	80	1	-1	-2.415329
11	1.000000	1.250000	B2	45	80	1	-5	-4.233080
12	1.145833	1.250000	F#4	45	80	0	1	-3.898407
13	1.250000	1.979167	B4	58	80	0	2	-3.465862
14	1.250000	1.500000	F#3	90	80	1	-4	-5.762335
15	1.250000	1.500000	B3	90	80	1	-2	-2.871001
16	1.250000	1.500000	D4	90	80	1	-1	-2.415329
17	1.500000	1.750000	B2	45	80	1	-5	-4.233080
18	1.750000	2.000000	F#3	90	80	1	-4	-5.762335
19	1.750000	2.000000	B3	90	80	1	-2	-2.871001
20	1.750000	2.000000	D4	90	80	1	-1	-2.415329
21	2.000000	2.250000	B2	45	80	1	-5	-4.233080
22	2.250000	2.500000	F#3	90	80	1	-4	-5.762335
23	2.250000	2.500000	B3	90	80	1	-2	-2.871001
24	2.250000	2.500000	D4	90	80	1	-1	-2.415329
25	2.500000	2.750000	B2	45	80	1	-5	-4.233080
26	2.750000	3.000000	F#3	90	80	1	-4	-5.762335
27	2.750000	3.000000	B3	90	80	1	-2	-2.871001
28	2.750000	3.000000	D4	90	80	1	-1	-2.415329
29	3.000000	3.250000	B2	45	80	1	-5	-4.233080
30	3.250000	3.500000	F#3	90	80	1	-4	-5.762335
31	3.250000	3.500000	B3	90	80	1	-2	-2.871001
32	3.250000	3.500000	D4	90	80	1	-1	-2.415329
33	3.500000	3.750000	B2	45	80	1	-5	-4.233080
34	3.750000	4.000000	F#3	90	80	1	-4	-5.762335
35	3.750000	4.000000	B3	90	80	1	-2	-2.871001
36	3.750000	4.000000	D4	90	80	1	-1	-2.415329
37	4.000000	4.250000	B2	126	80	1	-5	-4.233080
38	4.250000	4.500000	F#3	90	80	1	-4	-5.762335
39	4.250000	4.500000	B3	90	80	1	-2	-2.871001
40	4.250000	4.500000	D4	90	80	1	-1	-2.415329
41	4.500000	4.750000	B2	126	80	1	-5	-4.233080
42	4.750000	5.000000	F#3	90	80	1	-4	-5.762335
43	4.750000	5.000000	B3	90	80	1	-2	-2.871001
44	4.750000	5.000000	D4	90	80	1	-1	-2.415329
45	5.000000	5.250000	B2	126	80	1	-5	-4.233080
46	5.250000	5.500000	F#3	90	80	1	-4	-5.762335
47	5.250000	5.500000	B3	90	80	1	-2	-2.871001
48	5.250000	5.500000	D4	90	80	1	-1	-2.415329
49	5.500000	5.750000	B2	126	80	1	-5	-4.233080
50	5.750000	6.000000	F#3	90	80	1	-4	-5.762335
51	5.750000	6.000000	B3	90	80	1	-2	-2.871001
52	5.750000	6.000000	D4	90	80	1	-1	-2.415329
53	6.000000	6.250000	F#2	126	80	1	-5	-6.587391
54	6.250000	6.500000	F#3	90	80	1	-4	-4.924626
55	6.250000	6.500000	A#3	90	80	1	-2	-2.359478
56	6.250000	6.500000	E4	90	80	1	-1	-4.366821
57	6.500000	6.750000	F#2	126	80	1	-5	-5.753604
58	6.750000	7.000000	F#3	90	80	1	-4	-4.924626
59	6.750000	7.000000	A#3	90	80	1	-2	-2.359478
60	6.750000	7.000000	E4	90	80	1	-1	-4.366821
61	6.979167	7.083333	F#4	45	80	0	1	-3.898407
62	7.000000	7.250000	F#2	126	80	1	-5	-5.753604
63	7.083333	7.708333	B4	58	80	0	2	-3.465862
64	7.250000	7.500000	F#3	90	80	1	-4	-4.924626
65	7.250000	7.500000	A#3	90	80	1	-2	-2.359478
66	7.250000	7.500000	E4	90	80	1	-1	-4.366821
67	7.500000	7.750000	F#2	126	80	1	-5	-5.753604
68	7.708333	7.916667	F#4	45	80	0	1	-3.898407
69	7.750000	8.000000	F#3	90	80	1	-4	-4.924626
70	7.750000	8.000000	A#3	90	80	1	-2	-2.359478
71	7.750000	8.000000	E4	90	80	1	-1	-4.366821
72	7.916667	8.125000	B4	45	80	0	2	-3.465862
73	8.000000	8.250000	B2	126	80	1	-5	-3.781310
74	8.125000	8.333333	C#5	45	80	0	3	-3.409656
75	8.250000	8.500000	F#3	90	80	1	-4	-5.762335
76	8.250000	8.500000	B3	90	80	1	-2	-2.871001
77	8.250000	8.500000	D4	90	80	1	-1	-2.415329
78	8.333333	8.645833	D5	45	80	0	4	-3.868143
79	8.500000	8.750000	B2	126	80	1	-5	-4.233080
80	8.645833	8.750000	F#4	45	80	0	1	-3.577835
81	8.750000	9.479167	B4	90	80	0	2	-3.465862
82	8.750000	9.479167	D5	90	80	0	4	-2.758588
83	8.750000	9.000000	F#3	90	80	1	-4	-5.762335
84	8.750000	9.000000	B3	90	80	1	-2	-2.871001
85	8.750000	9.000000	D4	90	80	1	-1	-2.415329
86	9.000000	9.250000	B2	126	80	1	-5	-4.233080
87	9.250000	9.500000	F#3	90	80	1	-4	-5.762335
88	9.250000	9.500000	B3	90	80	1	-2	-2.871001
89	9.250000	9.500000	D4	90	80	1	-1	-2.415329
90	9.479167	9.583333	F#4	45	80	0	1	-3.577835
91	9.500000	9.750000	G2	126	80	1	-5	-4.212346
92	9.583333	10.312500	B4	90	80	0	2	-3.465862
93	9.583333	10.312500	D5	90	80	0	4	-2.758588
94	9.750000	10.000000	G3	90	80	1	-2	-5.035265
95	9.750000	10.000000	B3	90	80	1	-1	-2.415329
96	10.000000	10.250000	D3	63	80	1	-4	-4.458307
97	10.250000	10.500000	F#3	90	80	1	-2	-3.159098
98	10.250000	10.500000	A3	90	80	1	-1	-2.464298
99	10.312500	10.416667	F#4	45	80	0	1	-3.577835
100	10.416667	11.041667	B4	90	80	0	2	-3.465862
101	10.416667	11.041667	D5	90	80	0	3	-3.012122
102	10.500000	10.750000	D3	63	80	1	-4	-3.752799
103	10.750000	11.000000	F#3	90	80	1	-2	-3.159098
104	10.750000	11.000000	A3	90	80	1	-1	-2.464298
105	11.000000	11.250000	D3	63	80	1	-4	-3.752799
106	11.041667	11.250000	B4	45	80	0	1	-3.281335
107	11.250000	11.458333	D5	45	80	0	2	-2.525967
108	11.250000	11.500000	F#3	90	80	1	-2	-3.159098
109	11.250000	11.500000	A3	90	80	1	-1	-2.464298
110	11.458333	11.666667	E5	45	80	0	3	-2.675961
111	11.500000	11.750000	D3	63	80	1	-4	-3.752799
112	11.666667	11.979167	F#5	126	80	0	5	-3.990232
113	11.750000	12.000000	F#3	90	80	1	-2	-3.159098
114	11.750000	12.000000	A3	90	80	1	-1	-2.464298
115	11.979167	12.083333	B4	126	80	0	1	-3.738292
116	12.000000	12.250000	C#3	51	80	1	-4	-4.339145
117	12.083333	12.812500	D5	90	80	0	2	-2.525967
118	12.083333	12.812500	F#5	90	80	0	4	-3.522723
119	12.250000	12.500000	F#3	90	80	1	-2	-2.507290
120	12.250000	12.500000	A3	90	80	1	-1	-2.464298
121	12.500000	12.750000	B2	51	80	1	-5	-3.181034
122	12.750000	13.000000	F#3	90	80	1	-2	-4.281723
123	12.750000	13.000000	A3	90	80	1	-1	-2.464298
124	12.812500	12.916667	B4	126	80	0	1	-3.549056
125	12.916667	13.645833	D5	90	80	0	2	-2.525967
126	12.916667	13.645833	F#5	90	80	0	4	-3.522723
127	13.000000	13.250000	C#3	51	80	1	-4	-4.339145
128	13.250000	13.500000	F#3	90	80	1	-2	-2.507290
129	13.250000	13.500000	A3	90	80	1	-1	-2.464298
130	13.500000	13.750000	C#3	51	80	1	-5	-4.332318
131	13.750000	14.000000	G#3	90	80	1	-2	-2.554480
132	13.750000	14.000000	B3	90	80	1	-1	-2.464298
133	14.000000	14.250000	F#2	99	80	1	-5	-5.753604
134	14.250000	14.500000	C#3	90	80	1	-3	-3.416097
135	14.250000	14.500000	F#3	90	80	1	-2	-3.936874
136	14.250000	14.500000	A3	90	80	1	-1	-2.464298
137	14.500000	14.750000	F#2	99	80	1	-5	-4.510402
138	14.750000	15.000000	C#3	90	80	1	-3	-3.416097
139	14.750000	15.000000	F#3	90	80	1	-2	-3.936874
140	14.750000	15.000000	A3	90	80	1	-1	-2.464298
141	15.000000	15.250000	F#2	99	80	1	-5	-4.510402
142	15.250000	15.500000	C#3	90	80	1	-3	-3.416097
143	15.250000	15.500000	F#3	90	80	1	-2	-3.936874
144	15.250000	15.500000	A3	90	80	1	-1	-2.464298
145	15.500000	15.750000	F#2	127	80	1	-5	-4.510402
146	15.750000	16.000000	D3	90	80	1	-5	-7.206746
147	15.750000	16.000000	G#3	90	80	1	-2	-5.232676
148	15.750000	16.000000	B3	90	80	1	-1	-2.464298
149	16.000000	16.250000	F#2	99	80	1	-5	-5.753604
150	16.250000	16.500000	C#3	90	80	1	-3	-3.416097
151	16.250000	16.500000	F#3	90	80	1	-2	-3.936874
152	16.250000	16.500000	A3	90	80	1	-1	-2.464298
153	16.500000	16.750000	F#2	99	80	1	-5	-4.510402
154	16.750000	17.000000	C#3	90	80	1	-3	-3.416097
155	16.750000	17.000000	F#3	90	80	1	-2	-3.936874
156	16.750000	17.000000	A3	90	80	1	-1	-2.464298
157	17.000000	17.250000	F#2	99	80	1	-5	-4.510402
158	17.250000	17.500000	C#3	90	80	1	-3	-3.416097
159	17.250000	17.500000	F#3	90	80	1	-2	-3.936874
160	17.250000	17.500000	A3	90	80	1	-1	-2.464298
161	17.500000	17.750000	F#2	127	80	1	-5	-4.510402
162	17.750000	18.000000	D3	90	80	1	-5	-7.206746
163	17.750000	18.000000	G#3	90	80	1	-2	-5.232676
164	17.750000	18.000000	B3	90	80	1	-1	-2.464298
165	18.000000	18.250000	F#2	45	80	1	-5	-5.753604
166	18.250000	18.500000	C#3	90	80	1	-3	-3.416097
167	18.250000	18.500000	F#3	90	80	1	-2	-3.936874
168	18.250000	18.500000	A#3	90	80	1	-1	-2.415329
169	18.500000	18.750000	F#2	45	80	1	-5	-4.233080
170	18.750000	19.000000	C#3	90	80	1	-3	-3.416097
171	18.750000	19.000000	F#3	90	80	1	-2	-3.936874
172	18.750000	19.000000	A#3	90	80	1	-1	-2.415329
173	19.000000	19.250000	F#2	45	80	1	-5	-4.233080
174	19.250000	19.500000	C#3	90	80	1	-3	-3.416097
175	19.250000	19.500000	F#3	90	80	1	-2	-3.936874
176	19.250000	19.500000	A#3	90	80	1	-1	-2.415329
177	19.500000	19.750000	C#2	45	80	1	-5	-5.860818
178	19.750000	20.000000	C#3	90	80	1	-5	-5.534856
179	19.750000	20.000000	G#3	90	80	1	-2	-2.554480
180	19.750000	20.000000	B3	90	80	1	-1	-2.464298
181	20.000000	20.250000	F#2	45	80	1	-5	-5.753604
182	20.250000	20.500000	C#3	90	80	1	-3	-3.416097
183	20.250000	20.500000	F#3	90	80	1	-2	-3.936874
184	20.250000	20.500000	A#3	90	80	1	-1	-2.415329
185	20.500000	20.750000	F#2	45	80	1	-5	-4.233080
186	20.750000	21.000000	C#3	90	80	1	-3	-3.416097
187	20.750000	21.000000	F#3	90	80	1	-2	-3.936874
188	20.750000	21.000000	A#3	90	80	1	-1	-2.415329
189	21.000000	21.250000	F#2	45	80	1	-5	-4.233080
190	21.250000	21.500000	C#3	90	80	1	-3	-3.416097
191	21.250000	21.500000	F#3	90	80	1	-2	-3.936874
192	21.250000	21.500000	A#3	90	80	1	-1	-2.415329
193	21.500000	21.750000	C#2	45	80	1	-5	-5.860818
194	21.750000	22.000000	C#3	90	80	1	-5	-5.534856
195	21.750000	22.000000	G#3	90	80	1	-2	-2.554480
196	21.750000	22.000000	B3	90	80	1	-1	-2.464298
197	21.979167	22.083333	B4	126	80	0	1	-3.549056
198	22.000000	22.250000	F#2	45	80	1	-5	-5.753604
199	22.083333	22.500000	D5	90	80	0	2	-2.525967
200	22.083333	22.500000	F#5	90	80	0	4	-3.522723
201	22.250000	22.500000	C#3	90	80	1	-3	-3.416097
202	22.250000	22.500000	F#3	90	80	1	-2	-3.936874
203	22.250000	22.500000	A#3	90	80	1	-1	-2.415329
204	22.500000	22.708333	E5	90	80	0	3	-3.914844
205	22.500000	22.708333	G5	90	80	0	5	-2.681011
206	22.500000	22.750000	F#2	45	80	1	-5	-4.233080
207	22.708333	22.916667	D5	90	80	0	2	-3.071676
208	22.708333	22.916667	F#5	90	80	0	4	-3.522723
209	22.750000	23.000000	C#3	90	80	1	-3	-3.416097
210	22.750000	23.000000	F#3	90	80	1	-2	-3.936874
211	22.750000	23.000000	A#3	90	80	1	-1	-2.415329
212	22.916667	23.125000	C#5	90	80	0	2	-3.266530
213	22.916667	23.125000	E5	90	80	0	3	-3.265372
214	23.000000	23.250000	F#2	45	80	1	-5	-4.233080
215	23.125000	23.333333	B4	90	80	0	1	-2.905888
216	23.125000	23.333333	D5	90	80	0	3	-3.473158
217	23.250000	23.500000	C#3	90	80	1	-3	-3.416097
218	23.250000	23.500000	F#3	90	80	1	-2	-3.936874
219	23.250000	23.500000	A#3	90	80	1	-1	-2.415329
220	23.333333	23.645833	C#5	90	80	0	2	-3.151465
221	23.333333	23.645833	F#5	90	80	0	4	-2.909306
222	23.500000	23.750000	F#2	45	80	1	-5	-4.233080
223	23.645833	23.750000	A#4	126	80	0	1	-2.969918
224	23.750000	24.479167	C#5	90	80	0	2	-2.525967
225	23.750000	24.479167	F#5	90	80	0	4	-2.909306
226	23.750000	24.000000	C#3	90	80	1	-3	-3.416097
227	23.750000	24.000000	F#3	90	80	1	-2	-3.936874
228	23.750000	24.000000	A#3	90	80	1	-1	-2.415329
229	24.000000	24.250000	B2	45	80	1	-5	-4.598096
230	24.250000	24.500000	F#3	90	80	1	-4	-5.762335
231	24.250000	24.500000	B3	90	80	1	-2	-2.871001
232	24.250000	24.500000	D4	90	80	1	-1	-2.415329
233	24.479167	24.583333	A#4	126	80	0	1	-2.969918
234	24.500000	24.750000	B2	45	80	1	-5	-4.233080
235	24.583333	25.312500	C#5	90	80	0	2	-2.525967
236	24.583333	25.312500	F#5	90	80	0	4	-2.909306
237	24.750000	25.000000	F#3	90	80	1	-4	-5.762335
238	24.750000	25.000000	B3	90	80	1	-2	-2.871001
239	24.750000	25.000000	D4	90	80	1	-1	-2.415329
240	25.000000	25.250000	B2	45	80	1	-5	-4.233080
241	25.250000	25.500000	F#3	90	80	1	-4	-5.762335
242	25.250000	25.500000	B3	90	80	1	-2	-2.871001
243	25.250000	25.500000	D4	90	80	1	-1	-2.415329
244	25.312500	25.416667	A#4	126	80	0	1	-2.969918
245	25.416667	25.833333	C#5	90	80	0	2	-2.525967
246	25.416667	25.833333	F#5	90	80	0	4	-2.909306
247	25.500000	25.750000	B2	45	80	1	-5	-4.233080
248	25.750000	26.000000	F#3	90	80	1	-4	-5.762335
249	25.750000	26.000000	B3	90	80	1	-2	-2.871001
250	25.750000	26.000000	D4	90	80	1	-1	-2.415329
251	25.833333	26.041667	A#5	126	80	0	5	-3.402079
252	26.000000	26.250000	B2	45	80	1	-5	-4.233080
253	26.041667	26.250000	G5	126	80	0	3	-4.643557
254	26.250000	26.458333	F#5	126	80	0	2	-3.151465
255	26.250000	26.500000	F#3	90	80	1	-4	-5.762335
256	26.250000	26.500000	B3	90	80	1	-2	-2.871001
257	26.250000	26.500000	D4	90	80	1	-1	-2.415329
258	26.458333	26.666667	E5	126	80	0	1	-3.360143
259	26.500000	26.750000	B2	45	80	1	-5	-4.233080
260	26.666667	26.979167	D5	126	80	0	3	-4.737465
261	26.750000	27.000000	F#3	90	80	1	-4	-5.762335
262	26.750000	27.000000	B3	90	80	1	-2	-2.871001
263	26.750000	27.000000	D4	90	80	1	-1	-2.415329
264	26.979167	27.083333	B4	126	80	0	1	-3.281335
265	27.000000	27.250000	B2	45	80	1	-5	-4.233080
266	27.083333	27.812500	D5	90	80	0	2	-2.525967
267	27.083333	27.812500	F#5	90	80	0	4	-3.522723
268	27.250000	27.500000	F#3	90	80	1	-4	-5.762335
269	27.250000	27.500000	B3	90	80	1	-2	-2.871001
270	27.250000	27.500000	D4	90	80	1	-1	-2.415329
271	27.500000	27.750000	B2	45	80	1	-5	-4.233080
272	27.750000	28.000000	F#3	90	80	1	-4	-5.762335
273	27.750000	28.000000	B3	90	80	1	-2	-2.871001
274	27.750000	28.000000	D4	90	80	1	-1	-2.415329
275	27.812500	27.916667	B4	126	80	0	1	-3.549056
276	27.916667	28.645833	D5	90	80	0	2	-2.525967
277	27.916667	28.645833	F#5	90	80	0	4	-3.522723
278	28.000000	28.250000	B2	126	80	1	-5	-4.233080
279	28.250000	28.500000	F#3	90	80	1	-4	-5.762335
280	28.250000	28.500000	B3	90	80	1	-2	-2.871001
281	28.250000	28.500000	D4	90	80	1	-1	-2.415329
282	28.500000	28.750000	B2	126	80	1	-5	-4.233080
283	28.645833	28.750000	B4	126	80	0	1	-3.549056
284	28.750000	29.166667	D5	90	80	0	2	-2.525967
285	28.750000	29.166667	F#5	90	80	0	4	-3.522723
286	28.750000	29.000000	F#3	90	80	1	-4	-5.762335
287	28.750000	29.000000	B3	90	80	1	-2	-2.871001
288	28.750000	29.000000	D4	90	80	1	-1	-2.415329
289	29.000000	29.250000	B2	126	80	1	-5	-4.233080
290	29.166667	29.375000	C#5	90	80	0	2	-3.266530
291	29.166667	29.375000	E5	90	80	0	4	-3.580467
292	29.250000	29.500000	F#3	90	80	1	-4	-5.762335
293	29.250000	29.500000	B3	90	80	1	-2	-2.871001
294	29.250000	29.500000	D4	90	80	1	-1	-2.415329
295	29.375000	29.583333	B4	90	80	0	2	-3.266530
296	29.375000	29.583333	D5	90	80	0	4	-2.758588
297	29.500000	29.750000	B2	126	80	1	-5	-4.233080
298	29.583333	29.791667	A4	90	80	0	2	-3.266530
299	29.583333	29.791667	C#5	90	80	0	4	-3.522723
300	29.750000	30.000000	F#3	90	80	1	-4	-5.762335
301	29.750000	30.000000	B3	90	80	1	-2	-2.871001
302	29.750000	30.000000	D4	90	80	1	-1	-2.415329
303	29.791667	30.000000	G4	90	80	0	1	-3.845468
304	29.791667	30.000000	B4	90	80	0	2	-2.525967
305	30.000000	30.312500	F#4	90	80	0	1	-3.898407
306	30.000000	30.312500	A4	90	80	0	2	-3.493146
307	30.000000	30.250000	F#2	126	80	1	-5	-6.587391
308	30.250000	30.500000	F#3	90	80	1	-4	-4.924626
309	30.250000	30.500000	A#3	90	80	1	-2	-2.359478
310	30.250000	30.500000	E4	90	80	1	-1	-4.366821
311	30.312500	30.416667	D4	63	80	0	1	-4.740672
312	30.416667	31.145833	F#4	90	80	0	2	-3.275273
313	30.416667	31.145833	A4	90	80	0	4	-3.580467
314	30.500000	30.750000	F#2	126	80	1	-5	-5.753604
315	30.750000	31.000000	F#3	90	80	1	-4	-4.924626
316	30.750000	31.000000	A#3	90	80	1	-2	-2.359478
317	30.750000	31.000000	E4	90	80	1	-1	-4.366821
318	31.000000	31.250000	F#2	126	80	1	-5	-5.753604
319	31.145833	31.250000	D4	63	80	0	1	-2.857522
320	31.250000	31.979167	F#4	90	80	0	2	-3.275273
321	31.250000	31.979167	A4	90	80	0	4	-3.580467
322	31.250000	31.500000	F#3	90	80	1	-4	-4.924626
323	31.250000	31.500000	A#3	90	80	1	-2	-2.359478
324	31.250000	31.500000	E4	90	80	1	-1	-4.366821
325	31.500000	31.750000	F#2	126	80	1	-5	-5.753604
326	31.750000	32.000000	F#3	90	80	1	-4	-4.924626
327	31.750000	32.000000	A#3	90	80	1	-2	-2.359478
328	31.750000	32.000000	E4	90	80	1	-1	-4.366821
329	32.000000	32.250000	B2	126	80	1	-5	-3.781310
330	32.250000	32.500000	F#3	90	80	1	-4	-5.762335
331	32.250000	32.500000	B3	90	80	1	-2	-2.871001
332	32.250000	32.500000	D4	90	80	1	-1	-2.415329
333	32.500000	32.750000	B2	126	80	1	-5	-4.233080
334	32.750000	33.000000	F#3	90	80	1	-4	-5.762335
335	32.750000	33.000000	B3	90	80	1	-2	-2.871001
336	32.750000	33.000000	D4	90	80	1	-1	-2.415329
337	33.000000	33.250000	B2	126	80	1	-5	-4.233080
338	33.229167	33.333333	D4	63	80	0	1	-2.857522
339	33.250000	33.500000	F#3	90	80	1	-4	-5.762335
340	33.250000	33.500000	B3	90	80	1	-2	-2.871001
341	33.250000	33.500000	D4	90	80	1	-1	-2.415329
342	33.333333	34.062500	F#4	90	80	0	2	-3.275273
343	33.333333	34.062500	A4	90	80	0	4	-3.580467
344	33.500000	33.750000	G2	126	80	1	-5	-4.212346
345	33.750000	34.000000	G3	90	80	1	-2	-5.035265
346	33.750000	34.000000	B3	90	80	1	-1	-2.415329
347	34.000000	34.250000	D3	63	80	1	-4	-4.458307
348	34.062500	34.166667	D4	63	80	0	1	-2.857522
349	34.166667	35.000000	F#4	90	80	0	2	-3.275273
350	34.166667	35.000000	A4	90	80	0	3	-3.265372
351	34.250000	34.500000	F#3	90	80	1	-2	-3.159098
352	34.250000	34.500000	A3	90	80	1	-1	-2.464298
353	34.500000	34.750000	D3	63	80	1	-4	-3.752799
354	34.750000	35.000000	F#3	90	80	1	-2	-3.159098
355	34.750000	35.000000	A3	90	80	1	-1	-2.464298
356	35.000000	35.250000	D3	63	80	1	-4	-3.752799
357	35.250000	35.500000	F#3	90	80	1	-2	-3.159098
358	35.250000	35.500000	A3	90	80	1	-1	-2.464298
359	35.500000	35.750000	D3	63	80	1	-4	-3.752799
360	35.750000	36.000000	F#3	90	80	1	-2	-3.159098
361	35.750000	36.000000	A3	90	80	1	-1	-2.464298
362	36.000000	36.250000	C#3	51	80	1	-4	-4.339145
363	36.250000	36.500000	F#3	90	80	1	-2	-2.507290
364	36.250000	36.500000	A3	90	80	1	-1	-2.464298
365	36.500000	36.750000	B2	51	80	1	-5	-3.181034
366	36.750000	37.000000	F#3	90	80	1	-2	-4.281723
367	36.750000	37.000000	A3	90	80	1	-1	-2.464298
368	37.000000	37.250000	C#3	51	80	1	-4	-4.339145
369	37.250000	37.500000	F#3	90	80	1	-2	-2.507290
370	37.250000	37.500000	A3	90	80	1	-1	-2.464298
371	37.500000	37.750000	C#3	51	80	1	-5	-4.332318
372	37.750000	38.000000	G#3	90	80	1	-2	-2.554480
373	37.750000	38.000000	B3	90	80	1	-1	-2.464298
374	37.916667	38.333333	A4	51	80	0	3	-4.378151
375	38.000000	38.250000	F#2	99	80	1	-5	-5.753604
376	38.250000	38.500000	C#3	90	80	1	-3	-3.416097
377	38.250000	38.500000	F#3	90	80	1	-2	-3.936874
378	38.250000	38.500000	A3	90	80	1	-1	-2.464298
379	38.333333	39.166667	F#4	45	80	0	2	-3.032881
380	38.333333	38.750000	A4	58	80	0	3	-3.265372
381	38.500000	38.750000	F#2	99	80	1	-5	-4.510402
382	38.750000	39.166667	A4	51	80	0	3	-4.378151
383	38.750000	39.000000	C#3	90	80	1	-3	-3.416097
384	38.750000	39.000000	F#3	90	80	1	-2	-3.936874
385	38.750000	39.000000	A3	90	80	1	-1	-2.464298
386	39.000000	39.250000	F#2	99	80	1	-5	-4.510402
387	39.166667	40.000000	F#4	45	80	0	2	-3.032881
388	39.166667	39.583333	A4	58	80	0	3	-3.265372
389	39.250000	39.500000	C#3	90	80	1	-3	-3.416097
390	39.250000	39.500000	F#3	90	80	1	-2	-3.936874
391	39.250000	39.500000	A3	90	80	1	-1	-2.464298
392	39.500000	39.750000	F#2	127	80	1	-5	-4.510402
393	39.583333	40.000000	A4	51	80	0	3	-4.378151
394	39.750000	40.000000	D3	90	80	1	-5	-7.206746
395	39.750000	40.000000	G#3	90	80	1	-2	-5.232676
396	39.750000	40.000000	B3	90	80	1	-1	-2.464298
397	40.000000	40.416667	F#4	45	80	0	2	-3.032881
398	40.000000	40.416667	A4	58	80	0	3	-3.265372
399	40.000000	40.250000	F#2	99	80	1	-5	-5.753604
400	40.250000	40.500000	C#3	90	80	1	-3	-3.416097
401	40.250000	40.500000	F#3	90	80	1	-2	-3.936874
402	40.250000	40.500000	A3	90	80	1	-1	-2.464298
403	40.416667	41.250000	E#4	45	80	0	1	-3.281335
404	40.416667	40.625000	G#4	45	80	0	2	-3.246278
405	40.500000	40.750000	F#2	99	80	1	-5	-4.510402
406	40.625000	40.833333	A4	45	80	0	3	-3.686981
407	40.750000	41.000000	C#3	90	80	1	-3	-3.416097
408	40.750000	41.000000	F#3	90	80	1	-2	-3.936874
409	40.750000	41.000000	A3	90	80	1	-1	-2.464298
410	40.833333	41.041667	G#4	45	80	0	2	-3.151465
411	41.000000	41.250000	F#2	99	80	1	-5	-4.510402
412	41.041667	41.250000	C#5	45	80	0	4	-2.909306
413	41.250000	41.562500	F#4	105	80	0	1	-2.857522
414	41.250000	41.500000	C#3	90	80	1	-3	-3.416097
415	41.250000	41.500000	F#3	90	80	1	-2	-3.936874
416	41.250000	41.500000	A3	90	80	1	-1	-2.464298
417	41.500000	41.750000	F#2	127	80	1	-5	-4.510402
418	41.562500	41.666667	F#4	99	80	0	1	-4.507997
419	41.666667	42.395833	F#5	112	80	0	5	-2.242366
420	41.750000	42.000000	D3	90	80	1	-5	-7.206746
421	41.750000	42.000000	G#3	90	80	1	-2	-5.232676
422	41.750000	42.000000	B3	90	80	1	-1	-2.464298
423	42.000000	42.250000	F#2	45	80	1	-5	-5.753604
424	42.250000	42.500000	C#3	90	80	1	-3	-3.416097
425	42.250000	42.500000	F#3	90	80	1	-2	-3.936874
426	42.250000	42.500000	A#3	90	80	1	-1	-2.415329
427	42.395833	42.500000	F#4	99	80	0	1	-1.922714
428	42.500000	43.229167	F#5	112	80	0	5	-2.242366
429	42.500000	42.750000	F#2	45	80	1	-5	-4.233080
430	42.750000	43.000000	C#3	90	80	1	-3	-3.416097
431	42.750000	43.000000	F#3	90	80	1	-2	-3.936874
432	42.750000	43.000000	A#3	90	80	1	-1	-2.415329
433	43.000000	43.250000	F#2	45	80	1	-5	-4.233080
434	43.250000	43.500000	C#3	90	80	1	-3	-3.416097
435	43.250000	43.500000	F#3	90	80	1	-2	-3.936874
436	43.250000	43.500000	A#3	90	80	1	-1	-2.415329
437	43.500000	43.750000	C#2	45	80	1	-5	-5.860818
438	43.750000	44.000000	C#3	90	80	1	-5	-5.534856
439	43.750000	44.000000	G#3	90	80	1	-2	-2.554480
440	43.750000	44.000000	B3	90	80	1	-1	-2.464298
441	44.000000	44.250000	F#2	45	80	1	-5	-5.753604
442	44.062500	44.166667	F#4	99	80	0	1	-1.922714
443	44.166667	44.583333	F#5	99	80	0	4	-3.867317
444	44.250000	44.500000	C#3	90	80	1	-3	-3.416097
445	44.250000	44.500000	F#3	90	80	1	-2	-3.936874
446	44.250000	44.500000	A#3	90	80	1	-1	-2.415329
447	44.500000	44.750000	F#2	45	80	1	-5	-4.233080
448	44.583333	44.791667	G#5	127	80	0	5	-2.706622
449	44.750000	45.000000	C#3	90	80	1	-3	-3.416097
450	44.750000	45.000000	F#3	90	80	1	-2	-3.936874
451	44.750000	45.000000	A#3	90	80	1	-1	-2.415329
452	44.791667	45.000000	D5	127	80	0	3	-6.003674
453	45.000000	45.208333	C#5	127	80	0	2	-3.151465
454	45.000000	45.250000	F#2	45	80	1	-5	-4.233080
455	45.208333	45.416667	B4	127	80	0	1	-3.360143
456	45.250000	45.500000	C#3	90	80	1	-3	-3.416097
457	45.250000	45.500000	F#3	90	80	1	-2	-3.936874
458	45.250000	45.500000	A#3	90	80	1	-1	-2.415329
459	45.416667	45.729167	C#5	99	80	0	3	-4.456068
460	45.500000	45.750000	C#2	45	80	1	-5	-5.860818
461	45.729167	45.833333	F#4	99	80	0	1	-3.310457
462	45.750000	46.000000	C#3	90	80	1	-5	-5.534856
463	45.750000	46.000000	G#3	90	80	1	-2	-2.554480
464	45.750000	46.000000	B3	90	80	1	-1	-2.464298
465	45.833333	46.562500	F#5	112	80	0	5	-2.242366
466	46.000000	46.250000	F#2	45	80	1	-5	-5.753604
467	46.250000	46.500000	C#3	90	80	1	-3	-3.416097
468	46.250000	46.500000	F#3	90	80	1	-2	-3.936874
469	46.250000	46.500000	A#3	90	80	1	-1	-2.415329
470	46.500000	46.750000	F#2	45	80	1	-5	-4.233080
471	46.562500	46.666667	F#4	99	80	0	1	-1.922714
472	46.666667	47.395833	F#5	112	80	0	5	-2.242366
473	46.750000	47.000000	C#3	90	80	1	-3	-3.416097
474	46.750000	47.000000	F#3	90	80	1	-2	-3.936874
475	46.750000	47.000000	A#3	90	80	1	-1	-2.415329
476	47.000000	47.250000	F#2	45	80	1	-5	-4.233080
477	47.250000	47.500000	C#3	90	80	1	-3	-3.416097
478	47.250000	47.500000	F#3	90	80	1	-2	-3.936874
479	47.250000	47.500000	A#3	90	80	1	-1	-2.415329
480	47.500000	47.750000	F#2	45	80	1	-5	-4.233080
481	47.750000	48.000000	C#3	90	80	1	-3	-3.416097
482	47.750000	48.000000	F#3	90	80	1	-2	-3.936874
483	47.750000	48.000000	A#3	90	80	1	-1	-2.415329
484	48.000000	48.250000	A2	127	80	1	-5	-4.645128
485	48.229167	48.333333	F#4	99	80	0	1	-1.922714
486	48.250000	48.500000	C#3	90	80	1	-3	-3.351805
487	48.250000	48.500000	E3	90	80	1	-2	-2.872099
488	48.250000	48.500000	A3	90	80	1	-1	-2.320150
489	48.333333	48.750000	F#5	99	80	0	4	-3.867317
490	48.500000	48.750000	A2	127	80	1	-5	-2.314770
491	48.750000	48.958333	G#5	127	80	0	5	-2.706622
492	48.750000	49.000000	C#3	90	80	1	-3	-3.351805
493	48.750000	49.000000	E3	90	80	1	-2	-2.872099
494	48.750000	49.000000	A3	90	80	1	-1	-2.320150
495	48.958333	49.166667	D5	127	80	0	1	-5.856340
496	49.000000	49.250000	A2	126	80	1	-5	-2.314770
497	49.166667	49.375000	C#5	127	80	0	3	-4.859211
498	49.250000	49.500000	C#3	90	80	1	-3	-3.351805
499	49.250000	49.500000	E3	90	80	1	-2	-2.872099
500	49.250000	49.500000	A3	90	80	1	-1	-2.320150
501	49.375000	49.583333	B4	127	80	0	2	-3.286699
502	49.500000	49.750000	A2	126	80	1	-5	-2.314770
503	49.583333	49.895833	C#5	45	80	0	4	-4.064995
504	49.750000	50.000000	C#3	90	80	1	-3	-3.351805
505	49.750000	50.000000	E3	90	80	1	-2	-2.872099
506	49.750000	50.000000	A3	90	80	1	-1	-2.320150
507	49.895833	50.000000	C#4	45	80	0	1	-3.627794
508	50.000000	50.729167	C#5	45	80	0	5	-2.242366
509	50.000000	50.250000	A2	126	80	1	-5	-2.314770
510	50.250000	50.500000	C#3	90	80	1	-3	-3.351805
511	50.250000	50.500000	E3	90	80	1	-2	-2.872099
512	50.250000	50.500000	A3	90	80	1	-1	-2.320150
513	50.500000	50.750000	A2	126	80	1	-5	-2.314770
514	50.729167	50.833333	C#4	45	80	0	1	-1.922714
515	50.750000	51.000000	C#3	90	80	1	-3	-3.351805
516	50.750000	51.000000	E3	90	80	1	-2	-2.872099
517	50.750000	51.000000	A3	90	80	1	-1	-2.320150
518	50.833333	51.562500	C#5	45	80	0	5	-2.242366
519	51.000000	51.250000	A2	126	80	1	-5	-2.314770
520	51.250000	51.500000	C#3	90	80	1	-3	-3.351805
521	51.250000	51.500000	E3	90	80	1	-2	-2.872099
522	51.250000	51.500000	A3	90	80	1	-1	-2.320150
523	51.500000	51.750000	A2	126	80	1	-5	-2.314770
524	51.750000	52.000000	C#3	90	80	1	-3	-3.351805
525	51.750000	52.000000	E3	90	80	1	-2	-2.872099
526	51.750000	52.000000	A3	90	80	1	-1	-2.320150
527	52.000000	52.250000	B2	127	80	1	-5	-3.181034
528	52.250000	52.500000	D3	90	80	1	-3	-3.170876
529	52.250000	52.500000	F#3	90	80	1	-2	-3.749711
530	52.250000	52.500000	B3	90	80	1	-1	-3.262923
531	52.500000	52.750000	B2	127	80	1	-5	-2.314770
532	52.750000	53.000000	D3	90	80	1	-3	-3.170876
533	52.750000	53.000000	F#3	90	80	1	-2	-3.749711
534	52.750000	53.000000	B3	90	80	1	-1	-3.262923
535	53.000000	53.250000	B2	126	80	1	-5	-2.314770
536	53.250000	53.500000	D3	90	80	1	-3	-3.170876
537	53.250000	53.500000	F#3	90	80	1	-2	-3.749711
538	53.250000	53.500000	B3	90	80	1	-1	-3.262923
539	53.500000	53.750000	B2	126	80	1	-5	-2.314770
540	53.750000	54.000000	D3	90	80	1	-3	-3.170876
541	53.750000	54.000000	F#3	90	80	1	-2	-3.749711
542	53.750000	54.000000	B3	90	80	1	-1	-3.262923
543	54.000000	54.250000	B2	126	80	1	-5	-2.314770
544	54.250000	54.500000	D3	90	80	1	-3	-3.170876
545	54.250000	54.500000	F#3	90	80	1	-2	-3.749711
546	54.250000	54.500000	B3	90	80	1	-1	-3.262923
547	54.500000	54.750000	B2	126	80	1	-5	-2.314770
548	54.750000	55.000000	D3	90	80	1	-3	-3.170876
549	54.750000	55.000000	F#3	90	80	1	-2	-3.749711
550	54.750000	55.000000	B3	90	80	1	-1	-3.262923
551	55.000000	55.250000	B2	126	80	1	-5	-2.314770
552	55.250000	55.500000	D3	90	80	1	-3	-3.170876
553	55.250000	55.500000	F#3	90	80	1	-2	-3.749711
554	55.250000	55.500000	B3	90	80	1	-1	-3.262923
555	55.500000	55.750000	B2	126	80	1	-5	-2.314770
556	55.750000	56.000000	D3	90	80	1	-3	-3.170876
557	55.750000	56.000000	F#3	90	80	1	-2	-3.749711
558	55.750000	56.000000	B3	90	80	1	-1	-3.262923
559	56.000000	56.250000	C2	127	80	1	-5	-5.805721
560	56.250000	56.500000	C3	90	80	1	-4	-4.924626
561	56.250000	56.500000	E3	90	80	1	-2	-2.359478
562	56.250000	56.500000	A3	90	80	1	-1	-2.320150
563	56.500000	56.750000	C2	127	80	1	-5	-5.860818
564	56.562500	56.666667	C#4	45	80	0	1	-1.922714
565	56.666667	57.083333	C#5	45	80	0	5	-2.242366
566	56.750000	57.000000	C3	90	80	1	-4	-4.924626
567	56.750000	57.000000	E3	90	80	1	-2	-2.359478
568	56.750000	57.000000	A3	90	80	1	-1	-2.320150
569	57.000000	57.250000	C2	126	80	1	-5	-5.860818
570	57.083333	57.291667	E#4	90	80	0	1	-3.738292
571	57.083333	57.291667	G#4	90	80	0	2	-3.246278
572	57.250000	57.500000	C3	90	80	1	-4	-4.924626
573	57.250000	57.500000	E3	90	80	1	-2	-2.359478
574	57.250000	57.500000	A3	90	80	1	-1	-2.320150
575	57.291667	57.500000	G#4	90	80	0	2	-4.554564
576	57.291667	57.500000	B4	90	80	0	4	-3.580467
577	57.500000	57.708333	F#4	90	80	0	2	-3.901124
578	57.500000	57.708333	A#4	90	80	0	4	-2.758588
579	57.500000	57.750000	C2	126	80	1	-5	-5.860818
580	57.708333	57.916667	E#4	90	80	0	2	-4.058569
581	57.708333	57.916667	G#4	90	80	0	3	-3.409656
582	57.750000	58.000000	C3	90	80	1	-4	-4.924626
583	57.750000	58.000000	E3	90	80	1	-2	-2.359478
584	57.750000	58.000000	A3	90	80	1	-1	-2.320150
585	57.916667	58.229167	F#4	90	80	0	2	-2.287533
586	57.916667	58.229167	A#4	90	80	0	4	-2.758588
587	58.000000	58.250000	C2	126	80	1	-5	-5.860818
588	58.229167	58.333333	C#4	45	80	0	1	-2.969918
589	58.250000	58.500000	C3	90	80	1	-4	-4.924626
590	58.250000	58.500000	E3	90	80	1	-2	-2.359478
591	58.250000	58.500000	A3	90	80	1	-1	-2.320150
592	58.333333	59.062500	C#5	45	80	0	5	-2.242366
593	58.500000	58.750000	C2	126	80	1	-5	-5.860818
594	58.750000	59.000000	C3	90	80	1	-4	-4.924626
595	58.750000	59.000000	E3	90	80	1	-2	-2.359478
596	58.750000	59.000000	A3	90	80	1	-1	-2.320150
597	59.000000	59.250000	C2	126	80	1	-5	-5.860818
598	59.062500	59.166667	C#4	45	80	0	1	-1.922714
599	59.166667	59.895833	C#5	45	80	0	5	-2.242366
600	59.250000	59.500000	C3	90	80	1	-4	-4.924626
601	59.250000	59.500000	E3	90	80	1	-2	-2.359478
602	59.250000	59.500000	A3	90	80	1	-1	-2.320150
603	59.500000	59.750000	D2	126	80	1	-5	-4.212346
604	59.750000	60.000000	D3	90	80	1	-4	-4.924626
605	59.750000	60.000000	A3	90	80	1	-1	-2.959487
606	59.895833	60.000000	C#4	45	80	0	1	-1.922714
607	60.000000	60.416667	C#5	45	80	0	5	-2.242366
608	60.000000	60.250000	G2	126	80	1	-5	-3.842215
609	60.250000	60.500000	B3	90	80	1	-4	-6.898392
610	60.250000	60.500000	D4	90	80	1	-2	-2.359478
611	60.250000	60.500000	G4	90	80	1	-1	-2.320150
612	60.416667	60.625000	E#4	90	80	0	1	-3.738292
613	60.416667	60.625000	G#4	90	80	0	2	-3.246278
614	60.500000	60.750000	G3	45	80	1	-5	-2.314770
615	60.625000	60.833333	G#4	90	80	0	2	-4.554564
616	60.625000	60.833333	B4	90	80	0	4	-3.580467
617	60.750000	61.000000	B3	90	80	1	-3	-3.170876
618	60.750000	61.000000	D4	90	80	1	-2	-3.046717
619	60.750000	61.000000	G4	90	80	1	-1	-2.320150
620	60.833333	61.041667	F#4	90	80	0	2	-3.901124
621	60.833333	61.041667	A#4	90	80	0	4	-2.758588
622	61.000000	61.250000	G3	45	80	1	-5	-2.314770
623	61.041667	61.250000	E#4	90	80	0	2	-4.058569
624	61.041667	61.250000	G#4	90	80	0	3	-3.409656
625	61.250000	61.562500	F#4	45	80	0	2	-2.287533
626	61.250000	61.500000	B3	90	80	1	-3	-3.170876
627	61.250000	61.500000	D4	90	80	1	-2	-3.046717
628	61.250000	61.500000	G4	90	80	1	-1	-2.320150
629	61.500000	61.750000	G3	45	80	1	-5	-2.314770
630	61.562500	61.666667	C#4	45	80	0	1	-3.434905
631	61.666667	62.395833	F#4	45	80	0	3	-3.401091
632	61.750000	62.000000	C4	90	80	1	-3	-3.463793
633	61.750000	62.000000	E4	90	80	1	-2	-3.046717
634	61.750000	62.000000	G4	90	80	1	-1	-2.415329
635	62.000000	62.250000	G3	45	80	1	-5	-2.314770
636	62.250000	62.500000	B3	90	80	1	-3	-3.170876
637	62.250000	62.500000	D4	90	80	1	-2	-3.046717
638	62.250000	62.500000	G4	90	80	1	-1	-2.320150
639	62.395833	62.500000	C#4	45	80	0	1	-2.905888
640	62.500000	63.229167	F#4	45	80	0	3	-3.401091
641	62.500000	62.750000	G3	45	80	1	-5	-2.314770
642	62.750000	63.000000	B3	90	80	1	-3	-3.170876
643	62.750000	63.000000	D4	90	80	1	-2	-3.046717
644	62.750000	63.000000	G4	90	80	1	-1	-2.320150
645	63.000000	63.250000	G3	45	80	1	-5	-2.314770
646	63.250000	63.500000	B3	90	80	1	-3	-3.170876
647	63.250000	63.500000	D4	90	80	1	-2	-3.046717
648	63.250000	63.500000	G4	90	80	1	-1	-2.320150
649	63.500000	63.750000	G3	45	80	1	-5	-2.314770
650	63.750000	64.000000	C4	90	80	1	-3	-3.463793
651	63.750000	64.000000	E4	90	80	1	-2	-3.046717
652	63.750000	64.000000	G4	90	80	1	-1	-2.415329
653	64.000000	64.250000	G3	45	80	1	-5	-2.314770
654	64.250000	64.500000	B3	90	80	1	-3	-3.170876
655	64.250000	64.500000	D4	90	80	1	-2	-3.046717
656	64.250000	64.500000	G4	90	80	1	-1	-2.320150
657	64.500000	64.750000	G3	45	80	1	-5	-2.314770
658	64.750000	65.000000	B3	90	80	1	-3	-3.170876
659	64.750000	65.000000	D4	90	80	1	-2	-3.046717
660	64.750000	65.000000	G4	90	80	1	-1	-2.320150
661	64.895833	65.000000	C#4	45	80	0	1	-2.905888
662	65.000000	65.729167	F#4	45	80	0	3	-3.401091
663	65.000000	65.250000	A3	63	80	1	-5	-3.181034
664	65.250000	65.500000	C4	90	80	1	-3	-3.170876
665	65.250000	65.500000	E4	90	80	1	-2	-3.046717
666	65.250000	65.500000	G4	90	80	1	-1	-2.415329
667	65.500000	65.750000	A3	63	80	1	-5	-3.181034
668	65.729167	65.833333	C#4	45	80	0	1	-2.905888
669	65.750000	66.000000	C4	90	80	1	-3	-3.170876
670	65.750000	66.000000	E4	90	80	1	-2	-3.046717
671	65.750000	66.000000	G4	90	80	1	-1	-2.415329
672	65.833333	66.250000	F#4	45	80	0	2	-2.963617
673	66.000000	66.250000	B3	45	80	1	-4	-4.458307
674	66.250000	66.500000	E4	90	80	1	-2	-2.507290
675	66.250000	66.500000	G4	90	80	1	-1	-2.415329
676	66.500000	66.750000	B3	45	80	1	-4	-4.458307
677	66.562500	66.666667	F#4	45	80	0	1	-4.802885
678	66.666667	67.395833	B4	58	80	0	2	-3.465862
679	66.750000	67.000000	E4	90	80	1	-2	-2.507290
680	66.750000	67.000000	G4	90	80	1	-1	-2.415329
681	67.000000	67.250000	B3	45	80	1	-5	-3.730225
682	67.250000	67.500000	F#4	90	80	1	-2	-4.281723
683	67.250000	67.500000	A4	90	80	1	-1	-2.464298
684	67.395833	67.500000	F#4	45	80	0	1	-3.898407
685	67.500000	68.229167	B4	58	80	0	2	-3.465862
686	67.500000	67.750000	B3	45	80	1	-5	-3.181034
687	67.750000	68.000000	F#4	90	80	1	-2	-4.281723
688	67.750000	68.000000	A4	90	80	1	-1	-2.464298
689	68.000000	68.250000	G2	45	80	1	-5	-4.456078
690	68.250000	68.500000	B2	90	80	1	-4	-4.139458
691	68.250000	68.500000	E3	90	80	1	-2	-2.507290
692	68.250000	68.500000	G3	90	80	1	-1	-2.415329
693	68.500000	68.750000	G2	127	80	1	-5	-2.314770
694	68.750000	69.000000	B2	90	80	1	-4	-4.139458
695	68.750000	69.000000	E3	90	80	1	-2	-2.507290
696	68.750000	69.000000	G3	90	80	1	-1	-2.415329
697	69.000000	69.250000	A2	127	80	1	-5	-3.181034
698	69.250000	69.500000	C3	90	80	1	-3	-3.170876
699	69.250000	69.500000	E3	90	80	1	-2	-3.046717
700	69.250000	69.500000	G3	90	80	1	-1	-2.415329
701	69.500000	69.750000	A2	127	80	1	-5	-3.181034
702	69.750000	70.000000	C3	90	80	1	-3	-3.170876
703	69.750000	70.000000	E3	90	80	1	-2	-3.046717
704	69.750000	70.000000	G3	90	80	1	-1	-2.415329
705	70.000000	70.250000	B2	127	80	1	-4	-4.458307
706	70.250000	70.500000	E3	90	80	1	-2	-2.507290
707	70.250000	70.500000	G3	90	80	1	-1	-2.415329
708	70.500000	70.750000	B2	127	80	1	-4	-4.458307
709	70.750000	71.000000	E3	90	80	1	-2	-2.507290
710	70.750000	71.000000	G3	90	80	1	-1	-2.415329
711	71.000000	71.250000	B2	127	80	1	-5	-3.730225
712	71.250000	71.500000	F#3	90	80	1	-2	-4.281723
713	71.250000	71.500000	A3	90	80	1	-1	-2.464298
714	71.500000	71.750000	B2	127	80	1	-5	-3.181034
715	71.750000	72.000000	F#3	90	80	1	-2	-4.281723
716	71.750000	72.000000	A3	90	80	1	-1	-2.464298
717	72.000000	72.250000	E3	63	80	1	-4	-4.223116
718	72.250000	72.500000	G3	90	80	1	-2	-2.359478
719	72.250000	72.500000	B3	90	80	1	-1	-2.415329
720	72.500000	72.750000	E3	63	80	1	-4	-3.752799
721	72.750000	73.000000	G3	90	80	1	-2	-2.359478
722	72.750000	73.000000	B3	90	80	1	-1	-2.415329
723	73.000000	73.250000	E3	63	80	1	-4	-3.752799
724	73.229167	73.333333	F#4	45	80	0	1	-3.898407
725	73.250000	73.500000	G3	90	80	1	-2	-2.359478
726	73.250000	73.500000	B3	90	80	1	-1	-2.415329
727	73.333333	73.958333	B4	58	80	0	2	-3.465862
728	73.500000	73.750000	E3	63	80	1	-4	-3.752799
729	73.750000	74.000000	G3	90	80	1	-2	-2.359478
730	73.750000	74.000000	B3	90	80	1	-1	-2.415329
731	73.958333	74.166667	F#4	45	80	0	1	-3.898407
732	74.000000	74.250000	E3	63	80	1	-4	-3.752799
733	74.166667	74.375000	B4	45	80	0	2	-3.465862
734	74.250000	74.500000	G3	90	80	1	-2	-2.359478
735	74.250000	74.500000	B3	90	80	1	-1	-2.415329
736	74.375000	74.583333	C#5	45	80	0	3	-3.409656
737	74.500000	74.750000	E3	63	80	1	-4	-3.752799
738	74.583333	74.895833	D5	45	80	0	4	-3.868143
739	74.750000	75.000000	G3	90	80	1	-2	-2.359478
740	74.750000	75.000000	B3	90	80	1	-1	-2.415329
741	74.895833	75.000000	F#4	45	80	0	1	-3.577835
742	75.000000	75.729167	B4	90	80	0	2	-3.465862
743	75.000000	75.729167	D5	90	80	0	4	-2.758588
744	75.000000	75.250000	E3	63	80	1	-4	-3.752799
745	75.250000	75.500000	G3	90	80	1	-2	-2.359478
746	75.250000	75.500000	B3	90	80	1	-1	-2.415329
747	75.500000	75.750000	E3	63	80	1	-4	-3.752799
748	75.729167	75.833333	F#4	45	80	0	1	-3.577835
749	75.750000	76.000000	G3	90	80	1	-2	-2.359478
750	75.750000	76.000000	B3	90	80	1	-1	-2.415329
751	75.833333	76.562500	B4	90	80	0	2	-3.465862
752	75.833333	76.562500	D5	90	80	0	4	-2.758588
753	76.000000	76.250000	E3	99	80	1	-4	-3.752799
754	76.250000	76.500000	G3	90	80	1	-2	-2.359478
755	76.250000	76.500000	B3	90	80	1	-1	-2.415329
756	76.500000	76.750000	E3	99	80	1	-4	-3.752799
757	76.562500	76.666667	F#4	45	80	0	1	-3.577835
758	76.666667	77.291667	B4	90	80	0	2	-3.465862
759	76.666667	77.291667	D5	90	80	0	3	-3.012122
760	76.750000	77.000000	G3	90	80	1	-2	-2.359478
761	76.750000	77.000000	B3	90	80	1	-1	-2.415329
762	77.000000	77.250000	E3	99	80	1	-4	-3.752799
763	77.250000	77.500000	G3	90	80	1	-2	-2.359478
764	77.250000	77.500000	B3	90	80	1	-1	-2.415329
765	77.291667	77.500000	B4	45	80	0	1	-3.281335
766	77.500000	77.708333	D5	45	80	0	2	-2.525967
767	77.500000	77.750000	E3	99	80	1	-4	-3.752799
768	77.708333	77.916667	E5	45	80	0	3	-2.675961
769	77.750000	78.000000	G3	90	80	1	-2	-2.359478
770	77.750000	78.000000	B3	90	80	1	-1	-2.415329
771	77.916667	78.229167	F#5	126	80	0	5	-3.990232
772	78.000000	78.250000	B2	99	80	1	-5	-2.314770
773	78.229167	78.333333	B4	126	80	0	1	-3.738292
774	78.250000	78.500000	F#3	90	80	1	-2	-4.281723
775	78.250000	78.500000	B3	90	80	1	-1	-3.262923
776	78.333333	79.062500	D5	90	80	0	2	-2.525967
777	78.333333	79.062500	F#5	90	80	0	4	-3.522723
778	78.500000	78.750000	B2	99	80	1	-5	-2.314770
779	78.750000	79.000000	F#3	90	80	1	-2	-4.281723
780	78.750000	79.000000	B3	90	80	1	-1	-3.262923
781	79.000000	79.250000	B2	99	80	1	-5	-2.314770
782	79.062500	79.166667	B4	126	80	0	1	-3.549056
783	79.166667	79.895833	D5	90	80	0	2	-2.525967
784	79.166667	79.895833	F#5	90	80	0	4	-3.522723
785	79.250000	79.500000	F#3	90	80	1	-2	-4.281723
786	79.250000	79.500000	B3	90	80	1	-1	-3.262923
787	79.500000	79.750000	B2	99	80	1	-5	-2.314770
788	79.750000	80.000000	F#3	90	80	1	-2	-4.281723
789	79.750000	80.000000	B3	90	80	1	-1	-3.262923
790	80.000000	80.250000	E3	99	80	1	-5	-3.242781
791	80.250000	80.500000	G3	90	80	1	-3	-3.170876
792	80.250000	80.500000	B3	90	80	1	-2	-3.046717
793	80.250000	80.500000	E4	90	80	1	-1	-2.320150
794	80.500000	80.750000	E3	99	80	1	-5	-2.314770
795	80.750000	81.000000	G3	90	80	1	-3	-3.170876
796	80.750000	81.000000	B3	90	80	1	-2	-3.046717
797	80.750000	81.000000	E4	90	80	1	-1	-2.320150
798	81.000000	81.250000	E3	99	80	1	-5	-2.314770
799	81.250000	81.500000	G3	90	80	1	-3	-3.170876
800	81.250000	81.500000	B3	90	80	1	-2	-3.046717
801	81.250000	81.500000	E4	90	80	1	-1	-2.320150
802	81.500000	81.750000	C3	99	80	1	-5	-4.233080
803	81.750000	82.000000	G3	90	80	1	-3	-3.416097
804	81.750000	82.000000	C4	90	80	1	-2	-3.936874
805	81.750000	82.000000	E4	90	80	1	-1	-2.415329
806	82.000000	82.250000	G2	63	80	1	-5	-5.860818
807	82.250000	82.500000	G3	90	80	1	-4	-4.924626
808	82.250000	82.500000	B3	90	80	1	-2	-2.359478
809	82.250000	82.500000	D4	90	80	1	-1	-2.415329
810	82.500000	82.750000	G2	63	80	1	-5	-4.212346
811	82.750000	83.000000	G3	90	80	1	-4	-4.924626
812	82.750000	83.000000	B3	90	80	1	-2	-2.359478
813	82.750000	83.000000	D4	90	80	1	-1	-2.415329
814	83.000000	83.250000	G2	63	80	1	-5	-4.212346
815	83.250000	83.500000	G3	90	80	1	-4	-4.924626
816	83.250000	83.500000	B3	90	80	1	-2	-2.359478
817	83.250000	83.500000	D4	90	80	1	-1	-2.415329
818	83.500000	83.750000	G2	63	80	1	-5	-4.212346
819	83.750000	84.000000	G3	90	80	1	-4	-4.924626
820	83.750000	84.000000	B3	90	80	1	-2	-2.359478
821	83.750000	84.000000	D4	90	80	1	-1	-2.415329
822	84.000000	84.250000	F#3	45	80	1	-4	-4.339145
823	84.250000	84.500000	B3	90	80	1	-2	-2.871001
824	84.250000	84.500000	D4	90	80	1	-1	-2.415329
825	84.500000	84.750000	E3	45	80	1	-5	-3.181034
826	84.750000	85.000000	B3	90	80	1	-2	-2.554480
827	84.750000	85.000000	D4	90	80	1	-1	-2.415329
828	85.000000	85.250000	F#3	45	80	1	-4	-4.339145
829	85.250000	85.500000	B3	90	80	1	-2	-2.871001
830	85.250000	85.500000	D4	90	80	1	-1	-2.415329
831	85.500000	85.750000	F#3	45	80	1	-5	-4.332318
832	85.750000	86.000000	C#4	90	80	1	-2	-2.554480
833	85.750000	86.000000	E4	90	80	1	-1	-2.464298
834	86.000000	86.250000	B2	99	80	1	-5	-3.781310
835	86.250000	86.500000	F#3	90	80	1	-4	-5.762335
836	86.250000	86.500000	B3	90	80	1	-2	-2.871001
837	86.250000	86.500000	D4	90	80	1	-1	-2.415329
838	86.500000	86.750000	B2	99	80	1	-5	-4.233080
839	86.750000	87.000000	F#3	90	80	1	-4	-5.762335
840	86.750000	87.000000	B3	90	80	1	-2	-2.871001
841	86.750000	87.000000	D4	90	80	1	-1	-2.415329
842	87.000000	87.250000	B2	99	80	1	-5	-4.233080
843	87.250000	87.500000	F#3	90	80	1	-4	-5.762335
844	87.250000	87.500000	B3	90	80	1	-2	-2.871001
845	87.250000	87.500000	D4	90	80	1	-1	-2.415329
846	87.500000	87.750000	B2	127	80	1	-5	-4.233080
847	87.750000	88.000000	G3	90	80	1	-4	-6.359022
848	87.750000	88.000000	C#4	90	80	1	-2	-5.758735
849	87.750000	88.000000	E4	90	80	1	-1	-2.464298
850	88.000000	88.250000	B2	99	80	1	-5	-3.781310
851	88.229167	88.333333	B4	126	80	0	1	-3.549056
852	88.250000	88.500000	F#3	90	80	1	-4	-5.762335
853	88.250000	88.500000	B3	90	80	1	-2	-2.871001
854	88.250000	88.500000	D4	90	80	1	-1	-2.415329
855	88.333333	88.750000	D5	90	80	0	2	-2.525967
856	88.333333	88.750000	F#5	90	80	0	4	-3.522723
857	88.500000	88.750000	B2	99	80	1	-5	-4.233080
858	88.750000	88.958333	E5	90	80	0	3	-3.914844
859	88.750000	88.958333	G5	90	80	0	5	-2.681011
860	88.750000	89.000000	F#3	90	80	1	-4	-5.762335
861	88.750000	89.000000	B3	90	80	1	-2	-2.871001
862	88.750000	89.000000	D4	90	80	1	-1	-2.415329
863	88.958333	89.166667	D5	90	80	0	2	-3.071676
864	88.958333	89.166667	F#5	90	80	0	4	-3.522723
865	89.000000	89.250000	B2	99	80	1	-5	-4.233080
866	89.166667	89.375000	C#5	90	80	0	2	-3.266530
867	89.166667	89.375000	E5	90	80	0	3	-3.265372
868	89.250000	89.500000	F#3	90	80	1	-4	-5.762335
869	89.250000	89.500000	B3	90	80	1	-2	-2.871001
870	89.250000	89.500000	D4	90	80	1	-1	-2.415329
871	89.375000	89.583333	B4	90	80	0	1	-2.905888
872	89.375000	89.583333	D5	90	80	0	3	-3.473158
873	89.500000	89.750000	B2	127	80	1	-5	-4.233080
874	89.583333	89.895833	C#5	90	80	0	2	-3.151465
875	89.583333	89.895833	F#5	90	80	0	4	-2.909306
876	89.750000	90.000000	G3	90	80	1	-4	-6.359022
877	89.750000	90.000000	C#4	90	80	1	-2	-5.758735
878	89.750000	90.000000	E4	90	80	1	-1	-2.464298
879	89.895833	90.000000	A#4	126	80	0	1	-2.969918
880	90.000000	90.729167	C#5	90	80	0	2	-2.525967
881	90.000000	90.729167	F#5	90	80	0	4	-2.909306
882	90.000000	90.250000	B2	45	80	1	-5	-3.781310
883	90.250000	90.500000	F#3	90	80	1	-4	-5.762335
884	90.250000	90.500000	B3	90	80	1	-2	-2.871001
885	90.250000	90.500000	D#4	90	80	1	-1	-3.194227
886	90.500000	90.750000	B2	45	80	1	-5	-5.345987
887	90.729167	90.833333	A#4	126	80	0	1	-2.969918
888	90.750000	91.000000	F#3	90	80	1	-4	-5.762335
889	90.750000	91.000000	B3	90	80	1	-2	-2.871001
890	90.750000	91.000000	D#4	90	80	1	-1	-3.194227
891	90.833333	91.562500	C#5	90	80	0	2	-2.525967
892	90.833333	91.562500	F#5	90	80	0	4	-2.909306
893	91.000000	91.250000	B2	45	80	1	-5	-5.345987
894	91.250000	91.500000	F#3	90	80	1	-4	-5.762335
895	91.250000	91.500000	B3	90	80	1	-2	-2.871001
896	91.250000	91.500000	D#4	90	80	1	-1	-3.194227
897	91.500000	91.750000	F#2	45	80	1	-5	-5.860818
898	91.562500	91.666667	A#4	126	80	0	1	-2.969918
899	91.666667	92.083333	C#5	90	80	0	2	-2.525967
900	91.666667	92.083333	F#5	90	80	0	4	-2.909306
901	91.750000	92.000000	F#3	90	80	1	-5	-5.534856
902	91.750000	92.000000	C#4	90	80	1	-2	-2.554480
903	91.750000	92.000000	E4	90	80	1	-1	-2.464298
904	92.000000	92.250000	B2	45	80	1	-5	-3.781310
905	92.083333	92.291667	A#5	126	80	0	5	-3.402079
906	92.250000	92.500000	F#3	90	80	1	-4	-5.762335
907	92.250000	92.500000	B3	90	80	1	-2	-2.871001
908	92.250000	92.500000	D#4	90	80	1	-1	-3.194227
909	92.291667	92.500000	G5	126	80	0	3	-4.643557
910	92.500000	92.708333	F#5	126	80	0	2	-3.151465
911	92.500000	92.750000	B2	45	80	1	-5	-5.345987
912	92.708333	92.916667	E5	126	80	0	1	-3.360143
913	92.750000	93.000000	F#3	90	80	1	-4	-5.762335
914	92.750000	93.000000	B3	90	80	1	-2	-2.871001
915	92.750000	93.000000	D#4	90	80	1	-1	-3.194227
916	92.916667	93.229167	D5	126	80	0	3	-4.737465
917	93.000000	93.250000	B2	45	80	1	-5	-5.345987
918	93.229167	93.333333	B4	126	80	0	1	-3.281335
919	93.250000	93.500000	F#3	90	80	1	-4	-5.762335
920	93.250000	93.500000	B3	90	80	1	-2	-2.871001
921	93.250000	93.500000	D#4	90	80	1	-1	-3.194227
922	93.333333	94.062500	D5	90	80	0	2	-2.525967
923	93.333333	94.062500	F#5	90	80	0	4	-3.522723
924	93.500000	93.750000	F#2	45	80	1	-5	-5.860818
925	93.750000	94.000000	F#3	90	80	1	-5	-5.534856
926	93.750000	94.000000	C#4	90	80	1	-2	-2.554480
927	93.750000	94.000000	E4	90	80	1	-1	-2.464298
928	94.000000	94.250000	B2	45	80	1	-5	-3.781310
929	94.062500	94.166667	B4	126	80	0	1	-3.549056
930	94.166667	94.895833	D5	90	80	0	2	-2.525967
931	94.166667	94.895833	F#5	90	80	0	4	-3.522723
932	94.250000	94.500000	F#3	90	80	1	-4	-5.762335
933	94.250000	94.500000	B3	90	80	1	-2	-2.871001
934	94.250000	94.500000	D#4	90	80	1	-1	-3.194227
935	94.500000	94.750000	B2	45	80	1	-5	-5.345987
936	94.750000	95.000000	F#3	90	80	1	-4	-5.762335
937	94.750000	95.000000	B3	90	80	1	-2	-2.871001
938	94.750000	95.000000	D#4	90	80	1	-1	-3.194227
939	94.895833	95.000000	B4	126	80	0	1	-3.549056
940	95.000000	95.416667	D5	90	80	0	2	-2.525967
941	95.000000	95.416667	F#5	90	80	0	4	-3.522723
942	95.000000	95.250000	B2	45	80	1	-5	-5.345987
943	95.250000	95.500000	F#3	90	80	1	-4	-5.762335
944	95.250000	95.500000	B3	90	80	1	-2	-2.871001
945	95.250000	95.500000	D#4	90	80	1	-1	-3.194227
946	95.416667	95.625000	C#5	90	80	0	2	-3.266530
947	95.416667	95.625000	E5	90	80	0	4	-3.580467
948	95.500000	95.750000	B2	45	80	1	-5	-5.345987
949	95.625000	95.833333	B4	90	80	0	2	-3.266530
950	95.625000	95.833333	D5	90	80	0	4	-2.758588
951	95.750000	96.000000	F#3	90	80	1	-4	-5.762335
952	95.750000	96.000000	B3	90	80	1	-2	-2.871001
953	95.750000	96.000000	D#4	90	80	1	-1	-3.194227
954	95.833333	96.041667	A4	90	80	0	2	-3.266530
955	95.833333	96.041667	C#5	90	80	0	4	-3.522723
956	96.000000	96.250000	B2	126	80	1	-5	-5.345987
957	96.041667	96.250000	G4	90	80	0	1	-3.845468
958	96.041667	96.250000	B4	90	80	0	2	-2.525967
959	96.250000	96.562500	F#4	90	80	0	1	-3.898407
960	96.250000	96.562500	A4	90	80	0	2	-3.493146
961	96.250000	96.500000	F#3	90	80	1	-4	-5.762335
962	96.250000	96.500000	D#4	90	80	1	-1	-3.451917
963	96.500000	96.750000	B2	126	80	1	-5	-5.345987
964	96.562500	96.666667	D4	63	80	0	1	-4.740672
965	96.666667	97.395833	F#4	90	80	0	2	-3.275273
966	96.666667	97.395833	A4	90	80	0	4	-3.580467
967	96.750000	97.000000	F#3	90	80	1	-4	-5.762335
968	96.750000	97.000000	D#4	90	80	1	-1	-3.451917
969	97.000000	97.250000	B2	99	80	1	-5	-5.345987
970	97.250000	97.500000	F#3	90	80	1	-4	-5.762335
971	97.250000	97.500000	D#4	90	80	1	-1	-3.451917
972	97.395833	97.500000	D4	63	80	0	1	-2.857522
973	97.500000	98.229167	F#4	90	80	0	2	-3.275273
974	97.500000	98.229167	A4	90	80	0	4	-3.580467
975	97.500000	97.750000	B2	99	80	1	-5	-5.345987
976	97.750000	98.000000	F#3	90	80	1	-4	-5.762335
977	97.750000	98.000000	B3	90	80	1	-2	-2.871001
978	97.750000	98.000000	D#4	90	80	1	-1	-3.194227
979	98.000000	98.250000	B2	99	80	1	-5	-5.345987
980	98.250000	98.500000	G3	90	80	1	-4	-6.359022
981	98.250000	98.500000	B3	90	80	1	-2	-2.359478
982	98.250000	98.500000	E4	90	80	1	-1	-2.320150
983	98.500000	98.750000	B2	99	80	1	-5	-3.781310
984	98.750000	99.000000	G3	90	80	1	-4	-6.359022
985	98.750000	99.000000	B3	90	80	1	-2	-2.359478
986	98.750000	99.000000	E4	90	80	1	-1	-2.320150
987	99.000000	99.250000	B2	81	80	1	-5	-3.781310
988	99.250000	99.500000	G3	90	80	1	-4	-6.359022
989	99.250000	99.500000	B3	90	80	1	-2	-2.359478
990	99.250000	99.500000	E4	90	80	1	-1	-2.320150
991	99.479167	99.583333	D4	63	80	0	1	-2.857522
992	99.500000	99.750000	B2	81	80	1	-5	-3.781310
993	99.583333	100.312500	F#4	90	80	0	2	-3.275273
994	99.583333	100.312500	A4	90	80	0	4	-3.580467
995	99.750000	100.000000	G3	90	80	1	-2	-4.349399
996	99.750000	100.000000	B3	90	80	1	-1	-2.415329
997	100.000000	100.250000	B2	127	80	1	-5	-2.314770
998	100.250000	100.500000	F#3	90	80	1	-2	-4.281723
999	100.250000	100.500000	A#3	90	80	1	-1	-2.415329
1000	100.312500	100.416667	D4	63	80	0	1	-2.857522
1001	100.416667	101.250000	F#4	90	80	0	2	-3.275273
1002	100.416667	101.250000	A4	90	80	0	3	-3.265372
1003	100.500000	100.750000	B2	127	80	1	-5	-4.598096
1004	100.750000	101.000000	F#3	90	80	1	-2	-4.281723
1005	100.750000	101.000000	A#3	90	80	1	-1	-2.415329
1006	101.006250	101.256250	B2	126	80	1	-5	-4.598096
1007	101.256250	101.506250	F#3	90	80	1	-2	-4.281723
1008	101.256250	101.506250	A#3	90	80	1	-1	-2.415329
1009	101.506250	101.756250	B2	126	80	1	-5	-4.598096
1010	101.756250	102.006250	F#3	90	80	1	-2	-4.281723
1011	101.756250	102.006250	A#3	90	80	1	-1	-2.415329
1012	102.006250	102.256250	B2	126	80	1	-5	-4.598096
1013	102.256250	102.506250	D#3	90	80	1	-3	-3.351805
1014	102.256250	102.506250	F#3	90	80	1	-1	-2.967507
1015	102.506250	102.756250	B2	126	80	1	-4	-5.233707
1016	102.756250	103.006250	D#3	90	80	1	-2	-3.159098
1017	102.756250	103.006250	F#3	90	80	1	-1	-2.415329
1018	103.006250	103.256250	B2	126	80	1	-4	-5.233707
1019	103.256250	103.506250	D#3	90	80	1	-2	-3.159098
1020	103.256250	103.506250	F#3	90	80	1	-1	-2.415329
1021	103.506250	103.756250	B2	126	80	1	-4	-5.233707
1022	103.756250	104.006250	D#3	90	80	1	-2	-3.159098
1023	103.756250	104.006250	F#3	90	80	1	-1	-2.415329
1024	104.006250	104.256250	B2	126	80	1	-5	-5.060396
1025	104.166667	104.583333	A4	51	80	0	3	-4.378151
1026	104.256250	104.506250	F#3	90	80	1	-4	-5.762335
1027	104.256250	104.506250	D#4	90	80	1	-1	-3.451917
1028	104.506250	104.756250	B2	45	80	1	-5	-5.345987
1029	104.583333	105.416667	F#4	45	80	0	2	-3.032881
1030	104.583333	105.000000	A4	58	80	0	3	-3.265372
1031	104.756250	105.006250	F#3	90	80	1	-4	-5.762335
1032	104.756250	105.006250	D#4	90	80	1	-1	-3.451917
1033	105.000000	105.416667	A4	51	80	0	3	-4.378151
1034	105.006250	105.256250	B2	45	80	1	-5	-5.345987
1035	105.256250	105.506250	F#3	90	80	1	-4	-5.762335
1036	105.256250	105.506250	D#4	90	80	1	-1	-3.451917
1037	105.416667	106.250000	F#4	45	80	0	2	-3.032881
1038	105.416667	105.833333	A4	58	80	0	3	-3.265372
1039	105.506250	105.756250	B2	45	80	1	-5	-5.345987
1040	105.756250	106.006250	F#3	90	80	1	-4	-5.762335
1041	105.756250	106.006250	B3	90	80	1	-2	-2.871001
1042	105.756250	106.006250	D#4	90	80	1	-1	-3.194227
1043	105.833333	106.250000	A4	51	80	0	3	-4.378151
1044	106.006250	106.256250	B2	45	80	1	-5	-5.345987
1045	106.250000	106.666667	F#4	45	80	0	2	-3.032881
1046	106.250000	106.666667	A4	58	80	0	3	-3.265372
1047	106.256250	106.506250	G3	90	80	1	-4	-6.359022
1048	106.256250	106.506250	B3	90	80	1	-2	-2.359478
1049	106.256250	106.506250	E4	90	80	1	-1	-2.320150
1050	106.506250	106.756250	B2	45	80	1	-5	-3.781310
1051	106.666667	107.500000	E#4	45	80	0	1	-3.281335
1052	106.666667	106.875000	G#4	45	80	0	2	-3.246278
1053	106.756250	107.006250	G3	90	80	1	-4	-6.359022
1054	106.756250	107.006250	B3	90	80	1	-2	-2.359478
1055	106.756250	107.006250	E4	90	80	1	-1	-2.320150
1056	106.875000	107.083333	A4	45	80	0	3	-3.686981
1057	107.006250	107.256250	B2	45	80	1	-5	-3.781310
1058	107.083333	107.291667	G#4	45	80	0	2	-3.151465
1059	107.256250	107.506250	G3	90	80	1	-4	-6.359022
1060	107.256250	107.506250	B3	90	80	1	-2	-2.359478
1061	107.256250	107.506250	E4	90	80	1	-1	-2.320150
1062	107.291667	107.500000	C#5	45	80	0	4	-2.909306
1063	107.500000	107.812500	F#4	105	80	0	1	-2.857522
1064	107.506250	107.756250	B2	45	80	1	-5	-3.781310
1065	107.756250	108.006250	G3	90	80	1	-2	-4.349399
1066	107.756250	108.006250	B3	90	80	1	-1	-2.415329
1067	107.812500	107.916667	F#4	99	80	0	1	-4.507997
1068	107.916667	108.645833	F#5	112	80	0	5	-2.242366
1069	108.006250	108.256250	B2	45	80	1	-5	-2.314770
1070	108.256250	108.506250	F#3	90	80	1	-2	-4.281723
1071	108.256250	108.506250	A#3	90	80	1	-1	-2.415329
1072	108.506250	108.756250	B2	45	80	1	-5	-4.598096
1073	108.645833	108.750000	F#4	99	80	0	1	-1.922714
1074	108.750000	109.479167	F#5	112	80	0	5	-2.242366
1075	108.756250	109.006250	F#3	90	80	1	-2	-4.281723
1076	108.756250	109.006250	A#3	90	80	1	-1	-2.415329
1077	109.012500	109.262500	B2	45	80	1	-5	-4.598096
1078	109.262500	109.512500	F#3	90	80	1	-2	-4.281723
1079	109.262500	109.512500	A#3	90	80	1	-1	-2.415329
1080	109.512500	109.762500	B2	45	80	1	-5	-4.598096
1081	109.762500	110.012500	F#3	90	80	1	-2	-4.281723
1082	109.762500	110.012500	A#3	90	80	1	-1	-2.415329
1083	110.012500	110.262500	B2	45	80	1	-5	-4.598096
1084	110.262500	110.512500	D#3	90	80	1	-3	-3.351805
1085	110.262500	110.512500	F#3	90	80	1	-1	-2.967507
1086	110.312500	110.416667	F#4	99	80	0	1	-1.922714
1087	110.416667	110.833333	F#5	99	80	0	4	-3.867317
1088	110.512500	110.762500	B2	45	80	1	-4	-5.233707
1089	110.762500	111.012500	D#3	90	80	1	-2	-3.159098
1090	110.762500	111.012500	F#3	90	80	1	-1	-2.415329
1091	110.833333	111.041667	G#5	127	80	0	5	-2.706622
1092	111.012500	111.262500	B2	45	80	1	-4	-5.233707
1093	111.041667	111.250000	D5	127	80	0	3	-6.003674
1094	111.250000	111.458333	C#5	127	80	0	2	-3.151465
1095	111.262500	111.512500	D#3	90	80	1	-2	-3.159098
1096	111.262500	111.512500	F#3	90	80	1	-1	-2.415329
1097	111.458333	111.666667	B4	127	80	0	1	-3.360143
1098	111.512500	111.762500	B2	45	80	1	-4	-5.233707
1099	111.666667	111.979167	C#5	99	80	0	3	-4.456068
1100	111.762500	112.012500	D#3	90	80	1	-2	-3.159098
1101	111.762500	112.012500	F#3	90	80	1	-1	-2.415329
1102	111.979167	112.083333	F#4	99	80	0	1	-3.310457
1103	112.012500	112.262500	E2	45	80	1	-5	-5.012184
1104	112.083333	112.812500	F#5	112	80	0	5	-2.242366
1105	112.262500	112.512500	E3	45	80	1	-1	-1.202832
1106	112.512500	112.762500	E2	45	80	1	-5	-2.314770
1107	112.762500	113.012500	E3	45	80	1	-1	-1.202832
1108	112.812500	112.916667	F#4	99	80	0	1	-1.922714
1109	112.916667	113.645833	F#5	112	80	0	5	-2.242366
1110	113.012500	113.262500	E2	45	80	1	-5	-2.314770
1111	113.262500	113.512500	E3	45	80	1	-1	-1.202832
1112	113.512500	113.762500	F#2	45	80	1	-5	-4.114892
1113	113.762500	114.012500	F#3	45	80	1	-1	-1.202832
1114	114.012500	114.262500	B2	45	80	1	-5	-5.060396
1115	114.262500	114.512500	F#3	45	80	1	-2	-4.281723
1116	114.479167	114.583333	F#4	99	80	0	1	-1.922714
1117	114.512500	114.762500	B2	45	80	1	-5	-4.626444
1118	114.583333	115.000000	F#5	99	80	0	4	-3.867317
1119	114.762500	115.012500	F#3	45	80	1	-2	-4.281723
1120	115.000000	115.208333	G#5	127	80	0	5	-2.706622
1121	115.012500	115.262500	B2	45	80	1	-5	-4.626444
1122	115.208333	115.416667	D5	127	80	0	1	-5.856340
1123	115.262500	115.512500	F#3	45	80	1	-2	-4.281723
1124	115.416667	115.625000	C#5	127	80	0	3	-4.859211
1125	115.512500	115.762500	B2	45	80	1	-5	-4.626444
1126	115.625000	115.833333	B4	127	80	0	2	-3.286699
1127	115.762500	116.012500	F#3	45	80	1	-1	-4.813538
1128	115.833333	116.145833	C#5	45	80	0	4	-4.064995
1129	116.012500	116.262500	E2	45	80	1	-5	-5.012184
1130	116.145833	116.250000	C#4	45	80	0	1	-3.627794
1131	116.250000	116.979167	C#5	45	80	0	5	-2.242366
1132	116.262500	116.512500	E3	45	80	1	-1	-1.202832
1133	116.512500	116.762500	E2	45	80	1	-5	-2.314770
1134	116.762500	117.012500	E3	45	80	1	-1	-1.202832
1135	116.979167	117.083333	C#4	45	80	0	1	-1.922714
1136	117.012500	117.262500	E2	45	80	1	-5	-2.314770
1137	117.083333	117.812500	C#5	45	80	0	5	-2.242366
1138	117.262500	117.512500	E3	45	80	1	-1	-1.202832
1139	117.512500	117.762500	F#2	45	80	1	-5	-4.114892
1140	117.762500	118.012500	F#3	45	80	1	-1	-1.202832
1141	118.012500	118.262500	B1	45	80	1	-5	-6.196562
1142	118.262500	118.512500	B2	45	80	1	-1	-1.202832
1143	118.512500	118.762500	B1	45	80	1	-5	-2.314770
1144	118.762500	119.012500	B2	45	80	1	-1	-1.202832
1145	119.012500	119.262500	B1	45	80	1	-5	-2.314770
1146	119.262500	119.512500	B2	45	80	1	-1	-1.202832
1147	119.512500	119.762500	B1	45	80	1	-5	-2.314770
1148	119.762500	120.012500	B2	45	80	1	-1	-1.202832
1149	120.012500	120.262500	B1	45	80	1	-5	-2.314770
1150	120.262500	120.512500	B2	45	80	1	-1	-1.202832
1151	120.512500	120.762500	B1	45	80	1	-5	-2.314770
1152	120.762500	121.012500	B2	45	80	1	-1	-1.202832
1153	121.012500	121.262500	B1	45	80	1	-5	-2.314770
1154	121.262500	121.512500	B2	45	80	1	-1	-1.202832
1155	121.512500	121.762500	B1	45	80	1	-5	-2.314770
1156	121.762500	122.012500	B2	45	80	1	-1	-1.202832
1157	122.012500	122.262500	B1	45	80	1	-5	-2.314770
1158	122.012500	122.262500	F#3	90	80	1	-4	-7.566345
1159	122.012500	122.262500	B3	90	80	1	-2	-2.871001
1160	122.262500	122.512500	B2	45	80	1	-5	-4.896649
1161	122.262500	122.762500	F#3	90	80	1	-2	-4.281723
1162	122.262500	122.762500	B3	90	80	1	-1	-3.262923
1163	122.512500	122.762500	B1	45	80	1	-5	-5.451251
1164	122.762500	123.012500	B2	45	80	1	-5	-5.534856
1165	122.762500	123.012500	F#3	90	80	1	-2	-4.281723
1166	122.762500	123.012500	B3	90	80	1	-1	-3.262923
1167	122.812500	122.916667	C#4	45	80	0	1	-1.922714
1168	122.916667	123.333333	C#5	45	80	0	5	-2.242366
1169	123.012500	123.262500	B1	45	80	1	-5	-5.451251
1170	123.262500	123.512500	B2	45	80	1	-5	-5.534856
1171	123.262500	123.512500	F#3	90	80	1	-2	-4.281723
1172	123.262500	123.512500	B3	90	80	1	-1	-3.262923
1173	123.333333	123.541667	E#4	90	80	0	1	-3.738292
1174	123.333333	123.541667	G#4	90	80	0	2	-3.246278
1175	123.512500	123.762500	B1	45	80	1	-5	-5.451251
1176	123.512500	123.762500	A#3	90	80	1	-1	-14.843277
1177	123.541667	123.750000	G#4	90	80	0	2	-4.554564
1178	123.541667	123.750000	B4	90	80	0	4	-3.580467
1179	123.750000	123.958333	F#4	90	80	0	2	-3.901124
1180	123.750000	123.958333	A#4	90	80	0	4	-2.758588
1181	123.762500	124.012500	B2	45	80	1	-5	-4.598096
1182	123.762500	124.012500	F#3	90	80	1	-2	-4.281723
1183	123.762500	124.012500	A#3	90	80	1	-1	-2.415329
1184	123.958333	124.166667	E#4	90	80	0	2	-4.058569
1185	123.958333	124.166667	G#4	90	80	0	3	-3.409656
1186	124.012500	124.262500	B1	45	80	1	-5	-6.716097
1187	124.012500	124.262500	D#3	90	80	1	-3	-7.154289
1188	124.012500	124.262500	F#3	90	80	1	-2	-3.046717
1189	124.012500	124.262500	B3	90	80	1	-1	-3.262923
1190	124.166667	124.479167	F#4	90	80	0	2	-2.287533
1191	124.166667	124.479167	A#4	90	80	0	4	-2.758588
1192	124.262500	124.512500	B2	45	80	1	-5	-2.314770
1193	124.262500	124.762500	D#3	90	80	1	-3	-3.351805
1194	124.262500	124.762500	F#3	90	80	1	-2	-3.046717
1195	124.262500	124.762500	B3	90	80	1	-1	-3.262923
1196	124.479167	124.583333	C#4	45	80	0	1	-2.969918
1197	124.512500	124.762500	B1	45	80	1	-5	-5.451251
1198	124.583333	125.312500	C#5	45	80	0	5	-2.242366
1199	124.762500	125.012500	B2	45	80	1	-5	-5.534856
1200	124.762500	125.012500	D#3	90	80	1	-3	-3.351805
1201	124.762500	125.012500	F#3	90	80	1	-2	-3.046717
1202	124.762500	125.012500	B3	90	80	1	-1	-3.262923
1203	125.012500	125.262500	B1	45	80	1	-5	-5.451251
1204	125.262500	125.512500	B2	45	80	1	-5	-5.534856
1205	125.262500	125.762500	D#3	90	80	1	-3	-3.351805
1206	125.262500	125.762500	F#3	90	80	1	-2	-3.046717
1207	125.262500	125.762500	B3	90	80	1	-1	-3.262923
1208	125.312500	125.416667	C#4	45	80	0	1	-1.922714
1209	125.416667	126.145833	C#5	45	80	0	5	-2.242366
1210	125.512500	125.762500	B1	45	80	1	-5	-5.451251
1211	125.762500	126.012500	B2	45	80	1	-5	-5.534856
1212	125.762500	126.012500	D#3	90	80	1	-3	-3.351805
1213	125.762500	126.012500	F#3	90	80	1	-2	-3.046717
1214	125.762500	126.012500	B3	90	80	1	-1	-3.262923
1215	126.012500	127.012500	B1	90	80	1	-5	-5.451251
1216	126.012500	127.012500	F#2	90	80	1	-5	-7.206746
1217	126.012500	127.012500	B2	90	80	1	-4	-5.448648
1218	126.012500	127.012500	D#3	90	80	1	-3	-5.786590
1219	126.012500	127.012500	F#3	90	80	1	-2	-3.046717
1220	126.012500	127.012500	B3	90	80	1	-1	-3.262923
1221	126.145833	126.250000	C#4	45	80	0	1	-1.922714
1222	126.250000	126.666667	C#5	45	80	0	5	-2.242366
1223	126.666667	126.875000	E#4	90	80	0	1	-3.738292
1224	126.666667	126.875000	G#4	90	80	0	2	-3.246278
1225	126.875000	127.083333	G#4	90	80	0	2	-4.554564
1226	126.875000	127.083333	B4	90	80	0	4	-3.580467
1227	127.083333	127.291667	F#4	90	80	0	2	-3.901124
1228	127.083333	127.291667	A#4	90	80	0	4	-2.758588
1229	127.291667	127.500000	E#4	90	80	0	2	-4.058569
1230	127.291667	127.500000	G#4	90	80	0	3	-3.409656
1231	127.500000	127.812500	F#4	45	80	0	2	-2.287533
1232	127.812500	127.916667	C#4	45	80	0	1	-3.434905
1233	127.916667	128.645833	F#4	45	80	0	3	-3.401091
1234	128.645833	128.750000	C#4	45	80	0	1	-2.905888
1235	128.750000	129.479167	F#4	45	80	0	3	-3.401091
1236	131.145833	131.250000	C#4	45	80	0	1	-2.905888
1237	131.250000	131.979167	F#4	45	80	0	3	-3.401091
1238	131.979167	132.083333	C#4	45	80	0	1	-2.905888
1239	132.083333	132.500000	F#4	45	80	0	2	-2.963617
1240	132.500000	132.916667	E4	90	80	0	1	-3.360143
1241	132.500000	132.916667	G4	90	80	0	2	-2.525967
1242	132.916667	133.750000	E4	90	80	0	1	-3.157580
1243	132.916667	133.750000	G4	90	80	0	2	-2.525967
1244	133.750000	134.375000	E4	90	80	0	1	-3.157580
1245	133.750000	134.375000	G4	90	80	0	3	-3.473158
1246	136.041667	136.250000	F#4	90	80	0	2	-3.151465
1247	136.041667	136.250000	A4	90	80	0	3	-3.265372
1248	136.250000	136.458333	E4	90	80	0	1	-2.905888
1249	136.250000	136.458333	G4	90	80	0	3	-3.473158
1250	136.458333	136.666667	F#4	90	80	0	2	-3.151465
1251	136.458333	136.666667	A4	90	80	0	3	-3.265372
1252	136.666667	136.875000	G4	90	80	0	2	-2.287533
1253	136.666667	136.875000	B4	90	80	0	4	-2.758588
1254	136.875000	137.083333	F#4	90	80	0	2	-3.901124
1255	136.875000	137.083333	A4	90	80	0	3	-3.265372
1256	137.083333	137.291667	E4	90	80	0	1	-2.905888
1257	137.083333	137.291667	G4	90	80	0	2	-2.525967
1258	137.395833	137.500000	E4	90	80	0	1	-3.157580
1259	137.395833	137.500000	G4	90	80	0	2	-2.525967
1260	137.500000	137.916667	E5	127	80	0	5	-3.767315
1261	137.500000	137.916667	E5	127	80	0	5	-4.495609
1262	137.916667	138.750000	E4	90	80	0	1	-1.922714
1263	137.916667	138.750000	E4	90	80	0	1	-4.507997
1264	137.916667	138.750000	G4	90	80	0	2	-2.525967
1265	137.916667	138.750000	G4	90	80	0	2	-4.554564
1266	138.750000	139.583333	E4	90	80	0	1	-3.157580
1267	138.750000	139.583333	G4	90	80	0	2	-2.525967
1268	141.250000	141.666667	E4	126	80	0	1	-3.157580
1269	141.250000	141.458333	A4	126	80	0	3	-3.401091
1270	141.458333	141.666667	G4	126	80	0	2	-2.287533
1271	141.562500	141.666667	E4	90	80	0	1	-3.157580
1272	141.562500	141.666667	G4	90	80	0	2	-2.525967
1273	141.666667	142.083333	E5	127	80	0	5	-3.767315
1274	141.666667	142.083333	E5	127	80	0	5	-4.495609
1275	142.083333	142.500000	E4	90	80	0	1	-1.922714
1276	142.083333	142.500000	G4	90	80	0	2	-2.525967
1277	142.395833	142.500000	E4	90	80	0	1	-3.157580
1278	142.395833	142.500000	G4	90	80	0	2	-2.525967
1279	142.500000	142.916667	D4	90	80	0	1	-3.434905
1280	142.500000	142.916667	D4	90	80	0	1	-4.507997
1281	142.500000	142.916667	F#4	90	80	0	2	-3.275273
1282	142.500000	142.916667	F#4	90	80	0	2	-4.554564
1283	142.916667	143.750000	D4	90	80	0	1	-4.134704
1284	142.916667	143.750000	D4	90	80	0	1	-4.507997
1285	142.916667	143.750000	F#4	90	80	0	2	-3.275273
1286	142.916667	143.750000	F#4	90	80	0	2	-4.554564
1287	143.750000	144.166667	D4	90	80	0	1	-4.134704
1288	143.750000	144.166667	F#4	90	80	0	2	-3.275273
1289	146.041667	146.250000	E4	90	80	0	1	-3.360143
1290	146.041667	146.250000	G4	90	80	0	2	-2.525967
1291	146.250000	146.458333	D4	90	80	0	1	-3.434905
1292	146.250000	146.458333	F#4	90	80	0	2	-3.275273
1293	146.458333	146.666667	E4	90	80	0	1	-3.360143
1294	146.458333	146.666667	G4	90	80	0	3	-3.473158
1295	146.666667	146.875000	F#4	90	80	0	2	-3.151465
1296	146.666667	146.875000	A4	90	80	0	3	-3.265372
1297	146.875000	147.083333	E4	90	80	0	1	-2.905888
1298	146.875000	147.083333	G4	90	80	0	2	-2.525967
1299	147.083333	147.291667	D4	90	80	0	1	-3.434905
1300	147.083333	147.291667	F#4	90	80	0	2	-3.275273
1301	147.395833	147.500000	D4	90	80	0	1	-4.134704
1302	147.395833	147.500000	F#4	90	80	0	2	-3.275273
1303	147.500000	147.916667	D5	127	80	0	5	-3.857051
1304	147.500000	147.916667	D5	127	80	0	5	-4.495609
1305	147.916667	148.750000	D4	90	80	0	1	-1.922714
1306	147.916667	148.750000	D4	90	80	0	1	-4.507997
1307	147.916667	148.750000	F#4	90	80	0	2	-3.275273
1308	147.916667	148.750000	F#4	90	80	0	2	-4.554564
1309	148.750000	149.583333	D4	90	80	0	1	-4.134704
1310	148.750000	149.583333	F#4	90	80	0	2	-3.275273
1311	151.250000	151.458333	G4	126	80	0	3	-3.686981
1312	151.458333	151.666667	F#4	126	80	0	2	-3.151465
1313	151.562500	151.666667	D4	90	80	0	1	-4.134704
1314	151.562500	151.666667	F#4	90	80	0	2	-3.275273
1315	151.666667	152.083333	D5	127	80	0	5	-3.857051
1316	151.666667	152.083333	D5	127	80	0	5	-4.495609
1317	152.083333	152.500000	D4	90	80	0	1	-1.922714
1318	152.083333	152.500000	F#4	90	80	0	2	-3.275273
1319	152.395833	152.500000	D4	90	80	0	1	-4.134704
1320	152.395833	152.500000	F#4	90	80	0	3	-3.998423
1321	152.500000	152.916667	C4	90	80	0	1	-4.323321
1322	152.500000	152.916667	C4	90	80	0	1	-4.507997
1323	152.500000	152.916667	E4	90	80	0	2	-2.525967
1324	152.500000	152.916667	E4	90	80	0	2	-4.554564
1325	152.916667	153.750000	C4	90	80	0	1	-3.157580
1326	152.916667	153.750000	C4	90	80	0	1	-4.507997
1327	152.916667	153.750000	E4	90	80	0	2	-2.525967
1328	152.916667	153.750000	E4	90	80	0	2	-4.554564
1329	153.750000	154.166667	C4	90	80	0	1	-3.157580
1330	153.750000	154.166667	E4	90	80	0	2	-2.525967
1331	156.041667	156.250000	F#4	126	80	0	3	-3.409656
1332	156.250000	156.458333	E4	126	80	0	2	-3.286699
1333	156.458333	156.666667	A4	126	80	0	4	-2.909306
1334	156.666667	156.875000	C5	126	80	0	5	-3.402079
1335	156.875000	157.083333	B4	126	80	0	4	-2.814339
1336	157.083333	157.291667	A4	126	80	0	3	-2.238713
1337	157.395833	157.500000	D4	90	80	0	1	-3.310457
1338	157.395833	157.500000	F#4	90	80	0	3	-3.998423
1339	157.500000	157.916667	C4	90	80	0	1	-4.323321
1340	157.500000	157.916667	C4	90	80	0	1	-4.507997
1341	157.500000	157.916667	E4	90	80	0	2	-2.525967
1342	157.500000	157.916667	E4	90	80	0	2	-4.554564
1343	157.916667	158.750000	C4	90	80	0	1	-3.157580
1344	157.916667	158.750000	C4	90	80	0	1	-4.507997
1345	157.916667	158.750000	E4	90	80	0	2	-2.525967
1346	157.916667	158.750000	E4	90	80	0	2	-4.554564
1347	158.750000	159.583333	C4	90	80	0	1	-3.157580
1348	158.750000	159.583333	E4	90	80	0	2	-2.525967
1349	161.666667	161.875000	F#4	126	80	0	3	-3.409656
1350	161.875000	162.083333	E4	126	80	0	2	-3.286699
1351	162.083333	162.500000	C4	90	80	0	1	-3.157580
1352	162.083333	162.500000	D4	90	80	0	2	-2.867384
1353	162.083333	162.291667	A4	126	80	0	5	-3.528229
1354	162.291667	162.500000	G4	126	80	0	4	-2.814339
1355	162.500000	162.916667	C4	90	80	0	1	-2.857522
1356	162.500000	162.916667	D4	90	80	0	2	-2.867384
1357	162.500000	162.708333	G4	126	80	0	5	-3.228870
1358	162.708333	162.916667	F#4	126	80	0	4	-3.640665
1359	162.916667	163.333333	B3	90	80	0	1	-3.549056
1360	162.916667	163.333333	D4	90	80	0	2	-2.525967
1361	162.916667	163.333333	G4	90	80	0	4	-2.909306
1362	163.333333	164.166667	B4	90	80	0	1	-6.131546
1363	163.333333	164.166667	D5	90	80	0	2	-2.525967
1364	164.166667	165.000000	B4	90	80	0	1	-3.157580
1365	164.166667	165.000000	D5	90	80	0	2	-2.525967
1366	171.666667	172.083333	B4	90	80	0	1	-3.157580
1367	171.666667	172.083333	D5	90	80	0	2	-2.525967
1368	172.083333	172.291667	B4	90	80	0	1	-3.157580
1369	172.083333	172.291667	D5	90	80	0	2	-2.525967
1370	172.291667	172.500000	C5	90	80	0	1	-2.609267
1371	172.291667	172.500000	E5	90	80	0	3	-3.473158
1372	172.500000	172.708333	D5	90	80	0	2	-2.287533
1373	172.500000	172.708333	F#5	90	80	0	4	-3.522723
1374	172.708333	172.916667	C5	90	80	0	1	-3.845468
1375	172.708333	172.916667	E5	90	80	0	2	-2.525967
1376	172.916667	173.333333	B4	90	80	0	1	-3.434905
1377	172.916667	173.333333	D5	90	80	0	2	-2.525967
1378	173.333333	174.166667	B4	90	80	0	1	-3.157580
1379	173.333333	174.166667	D5	90	80	0	2	-2.525967
1380	173.333333	174.166667	B5	90	80	0	5	-3.767315
1381	174.166667	175.000000	B4	90	80	0	1	-1.922714
1382	174.166667	175.000000	D5	90	80	0	2	-2.525967
1383	175.000000	175.416667	B4	90	80	0	1	-3.157580
1384	175.000000	175.416667	D5	90	80	0	2	-2.525967
1385	175.416667	175.625000	E5	90	80	0	3	-2.675961
1386	175.416667	175.625000	G5	90	80	0	5	-2.681011
1387	175.625000	175.833333	D#5	90	80	0	2	-4.555079
1388	175.625000	175.833333	F#5	90	80	0	3	-3.012122
1389	175.833333	176.041667	E5	90	80	0	2	-3.286699
1390	175.833333	176.041667	G5	90	80	0	4	-2.758588
1391	176.041667	176.250000	C5	90	80	0	1	-2.857522
1392	176.041667	176.250000	E5	90	80	0	2	-2.525967
1393	176.250000	176.666667	B4	90	80	0	1	-3.434905
1394	176.250000	176.666667	D5	90	80	0	2	-2.525967
1395	176.666667	177.083333	D5	90	80	0	1	-4.802885
1396	176.666667	177.083333	G5	90	80	0	2	-2.963617
1397	177.083333	177.500000	G5	90	80	0	1	-4.802885
1398	177.083333	177.500000	B5	90	80	0	2	-2.525967
1399	177.500000	177.916667	B5	90	80	0	2	-4.554564
1400	177.500000	177.916667	D6	90	80	0	4	-2.758588
1401	177.812500	177.916667	E6	45	80	0	5	-2.706622
1402	177.916667	178.229167	D6	63	80	0	4	-2.814339
1403	177.916667	178.177083	D6	63	80	0	4	-4.784491
1404	178.177083	178.229167	C6	63	80	0	3	-2.238713
1405	178.229167	178.333333	C6	63	80	0	3	-4.378151
1406	178.229167	178.333333	D6	63	80	0	4	-2.883688
1407	178.333333	178.645833	C6	63	80	0	3	-2.238713
1408	178.333333	178.593750	C6	63	80	0	3	-4.378151
1409	178.593750	178.645833	B5	63	80	0	2	-2.287533
1410	178.645833	178.750000	B5	63	80	0	2	-4.554564
1411	178.645833	178.750000	C6	63	80	0	3	-2.675961
1412	178.750000	179.062500	B5	63	80	0	2	-2.287533
1413	178.750000	179.010417	B5	63	80	0	2	-4.554564
1414	179.010417	179.062500	A5	63	80	0	1	-2.609267
1415	179.062500	179.166667	A5	63	80	0	2	-4.712397
1416	179.062500	179.166667	B5	63	80	0	3	-2.675961
1417	179.166667	179.479167	A5	63	80	0	2	-2.287533
1418	179.166667	179.427083	A5	63	80	0	2	-4.554564
1419	179.427083	179.583333	G5	63	80	0	1	-2.609267
1420	179.479167	179.583333	G5	63	80	0	1	-4.507997
1421	179.583333	180.000000	G5	45	80	0	2	-4.712397
1422	180.000000	180.833333	E5	90	80	0	1	-3.157580
1423	180.000000	180.833333	G5	90	80	0	2	-2.525967
1424	180.833333	181.250000	E5	90	80	0	1	-3.157580
1425	180.833333	181.250000	G5	90	80	0	2	-2.525967
1426	183.333333	183.541667	E5	45	80	0	1	-3.157580
1427	183.333333	183.750000	F#5	45	80	0	2	-3.246278
1428	183.541667	183.750000	D#5	45	80	0	1	-3.157580
1429	183.750000	183.958333	D#5	45	80	0	2	-4.712397
1430	183.750000	184.583333	F#5	45	80	0	4	-2.758588
1431	183.958333	184.166667	C5	45	80	0	1	-3.845468
1432	184.166667	184.583333	D#5	45	80	0	2	-3.246278
1433	184.583333	185.000000	D#5	45	80	0	3	-5.337046
1434	184.583333	185.000000	F#5	45	80	0	5	-2.681011
1435	185.000000	185.416667	E5	51	80	0	4	-4.503222
1436	185.416667	185.833333	E4	90	80	0	1	-3.627794
1437	185.416667	185.833333	G4	90	80	0	2	-2.525967
1438	185.833333	186.250000	G4	90	80	0	1	-4.802885
1439	185.833333	186.250000	B4	90	80	0	2	-2.525967
1440	186.250000	186.666667	B4	90	80	0	2	-4.554564
1441	186.250000	186.666667	E5	90	80	0	4	-2.909306
1442	186.562500	186.666667	E5	127	80	0	4	-4.784491
1443	191.666667	191.979167	D5	127	80	0	3	-2.238713
1444	191.666667	191.927083	D5	127	80	0	3	-4.378151
1445	191.927083	191.979167	C5	127	80	0	2	-2.287533
1446	191.979167	192.083333	C5	127	80	0	2	-4.554564
1447	191.979167	192.083333	D5	127	80	0	3	-2.675961
1448	192.083333	192.395833	C5	127	80	0	2	-2.287533
1449	192.083333	192.343750	C5	127	80	0	2	-4.554564
1450	192.343750	192.395833	B4	127	80	0	1	-2.609267
1451	192.395833	192.500000	B4	127	80	0	2	-4.712397
1452	192.395833	192.500000	C5	127	80	0	3	-2.675961
1453	192.500000	192.812500	B4	127	80	0	2	-2.287533
1454	192.500000	192.760417	B4	127	80	0	2	-4.554564
1455	192.760417	192.812500	A4	127	80	0	1	-2.609267
1456	192.812500	192.916667	A4	127	80	0	2	-4.712397
1457	192.812500	192.916667	B4	127	80	0	3	-2.675961
1458	192.916667	193.229167	A4	127	80	0	2	-2.287533
1459	192.916667	193.177083	A4	127	80	0	2	-4.554564
1460	193.177083	193.333333	G4	127	80	0	1	-2.609267
1461	193.229167	193.333333	G4	127	80	0	1	-4.507997
1462	193.333333	193.750000	G4	127	80	0	2	-4.712397
1463	193.750000	194.583333	E4	90	80	0	1	-3.157580
1464	193.750000	194.583333	G4	90	80	0	2	-2.525967
1465	194.583333	195.000000	E4	90	80	0	1	-3.157580
1466	194.583333	195.000000	G4	90	80	0	2	-2.525967
1467	195.000000	195.208333	E4	127	80	0	1	-3.157580
1468	195.000000	195.416667	F#4	127	80	0	2	-3.246278
1469	195.208333	195.416667	D#4	127	80	0	1	-3.157580
1470	195.416667	195.625000	D#4	127	80	0	2	-4.712397
1471	195.416667	196.250000	F#4	127	80	0	4	-2.758588
1472	195.625000	195.833333	C4	127	80	0	1	-3.845468
1473	195.833333	196.250000	D#4	127	80	0	2	-3.246278
1474	196.250000	196.666667	D#4	127	80	0	2	-4.554564
1475	196.250000	196.666667	F#4	127	80	0	4	-2.758588
1476	196.666667	196.979167	E4	63	80	0	3	-3.914844
1477	196.979167	197.083333	B3	63	80	0	1	-2.905888
1478	197.083333	197.812500	E4	76	80	0	3	-3.401091
1479	197.812500	197.916667	B3	63	80	0	1	-2.905888
1480	197.916667	198.645833	E4	76	80	0	3	-3.401091
1481	203.645833	203.750000	B3	63	80	0	1	-2.905888
1482	203.750000	204.375000	E4	76	80	0	3	-3.401091
1483	204.375000	204.583333	B3	63	80	0	1	-2.905888
1484	204.583333	204.791667	E4	63	80	0	2	-2.963617
1485	204.791667	205.000000	F#4	63	80	0	3	-3.409656
1486	205.000000	205.312500	G4	63	80	0	4	-3.868143
1487	205.312500	205.416667	B3	63	80	0	1	-2.969918
1488	205.416667	206.145833	E4	90	80	0	2	-2.963617
1489	205.416667	206.145833	G4	90	80	0	4	-2.758588
1490	206.145833	206.250000	B3	63	80	0	1	-2.969918
1491	206.250000	206.979167	E4	90	80	0	2	-2.963617
1492	206.250000	206.979167	G4	90	80	0	4	-2.758588
1493	206.979167	207.083333	B3	63	80	0	1	-2.969918
1494	207.083333	207.708333	E4	90	80	0	2	-2.963617
1495	207.083333	207.708333	G4	90	80	0	3	-3.012122
1496	207.708333	207.916667	E4	63	80	0	1	-3.281335
1497	207.916667	208.125000	G4	63	80	0	2	-2.525967
1498	208.125000	208.333333	A4	63	80	0	3	-2.675961
1499	208.333333	208.645833	B4	99	80	0	4	-2.883688
1500	208.645833	208.750000	E4	99	80	0	1	-2.857522
1501	208.750000	209.479167	G4	90	80	0	2	-2.525967
1502	208.750000	209.479167	B4	90	80	0	4	-2.758588
1503	209.479167	209.583333	E4	99	80	0	1	-2.857522
1504	209.583333	210.312500	G4	90	80	0	2	-2.525967
1505	209.583333	210.312500	B4	90	80	0	4	-2.758588
1506	218.645833	218.750000	E4	99	80	0	1	-2.857522
1507	218.750000	219.166667	G4	90	80	0	2	-2.525967
1508	218.750000	219.166667	B4	90	80	0	4	-2.758588
1509	219.166667	219.375000	A4	90	80	0	3	-2.238713
1510	219.166667	219.375000	C5	90	80	0	5	-2.681011
1511	219.375000	219.583333	G4	90	80	0	2	-3.071676
1512	219.375000	219.583333	B4	90	80	0	4	-2.758588
1513	219.583333	219.791667	F#4	90	80	0	2	-3.901124
1514	219.583333	219.791667	A4	90	80	0	4	-3.580467
1515	219.791667	220.000000	E4	90	80	0	2	-3.266530
1516	219.791667	220.000000	G4	90	80	0	4	-2.758588
1517	220.000000	220.312500	F#4	90	80	0	3	-3.226506
1518	220.000000	220.312500	B4	90	80	0	5	-3.340065
1519	220.312500	220.416667	D#4	99	80	0	1	-3.862851
1520	220.416667	221.145833	F#4	90	80	0	2	-2.525967
1521	220.416667	221.145833	B4	90	80	0	4	-3.927704
1522	221.145833	221.250000	D#4	99	80	0	1	-3.577835
1523	221.250000	221.979167	F#4	90	80	0	2	-2.525967
1524	221.250000	221.979167	B4	90	80	0	4	-3.927704
1525	221.979167	222.083333	D#4	99	80	0	1	-3.577835
1526	222.083333	222.500000	F#4	90	80	0	2	-2.525967
1527	222.083333	222.500000	B4	90	80	0	3	-4.453766
1528	222.500000	222.708333	D#5	99	80	0	5	-3.549127
1529	222.708333	222.916667	C5	99	80	0	4	-4.503222
1530	222.916667	223.125000	B4	99	80	0	3	-2.238713
1531	223.125000	223.333333	A4	99	80	0	2	-2.287533
1532	223.333333	223.645833	G4	99	80	0	1	-2.609267
1533	223.645833	223.750000	E5	99	80	0	2	-5.302163
1534	223.750000	224.479167	G5	90	80	0	3	-3.012122
1535	223.750000	224.479167	B5	90	80	0	5	-2.681011
1536	224.479167	224.583333	E5	99	80	0	1	-3.425130
1537	224.583333	225.312500	G5	90	80	0	2	-2.525967
1538	224.583333	225.312500	B5	90	80	0	4	-2.758588
1539	225.312500	225.416667	E5	99	80	0	1	-2.857522
1540	225.416667	225.833333	G5	90	80	0	2	-2.525967
1541	225.416667	225.833333	B5	90	80	0	4	-2.758588
1542	225.833333	226.041667	F#5	90	80	0	2	-3.901124
1543	225.833333	226.041667	A5	90	80	0	4	-3.580467
1544	226.041667	226.250000	E5	90	80	0	2	-3.266530
1545	226.041667	226.250000	G5	90	80	0	4	-2.758588
1546	226.250000	226.458333	D5	90	80	0	2	-3.266530
1547	226.250000	226.458333	F#5	90	80	0	4	-3.522723
1548	226.458333	226.666667	C5	90	80	0	1	-3.845468
1549	226.458333	226.666667	E5	90	80	0	2	-2.525967
1550	226.666667	226.979167	B4	90	80	0	1	-3.434905
1551	226.666667	226.979167	D5	90	80	0	3	-3.473158
1552	226.979167	227.083333	G4	63	80	0	1	-3.310457
1553	227.083333	227.812500	B4	90	80	0	2	-2.525967
1554	227.083333	227.812500	D5	90	80	0	4	-2.758588
1555	227.812500	227.916667	G4	63	80	0	1	-2.857522
1556	227.916667	228.645833	B4	90	80	0	2	-2.525967
1557	227.916667	228.645833	D5	90	80	0	4	-2.758588
1558	229.895833	230.000000	G4	63	80	0	1	-2.857522
1559	230.000000	230.729167	B4	90	80	0	2	-2.525967
1560	230.000000	230.729167	D5	90	80	0	4	-2.758588
1561	230.729167	230.833333	G4	63	80	0	1	-2.857522
1562	230.833333	231.666667	B4	90	80	0	2	-2.525967
1563	230.833333	231.666667	D5	90	80	0	3	-3.012122
1564	234.583333	235.000000	D5	51	80	0	3	-4.378151
1565	235.000000	235.833333	B4	58	80	0	1	-3.281335
1566	235.000000	235.416667	D5	58	80	0	2	-2.525967
1567	235.416667	235.833333	D5	51	80	0	2	-4.554564
1568	235.833333	236.666667	B4	58	80	0	1	-3.157580
1569	235.833333	236.250000	D5	58	80	0	2	-2.525967
1570	236.250000	236.666667	D5	51	80	0	2	-4.554564
1571	236.666667	237.083333	B4	58	80	0	1	-3.157580
1572	236.666667	237.083333	D5	58	80	0	2	-2.525967
1573	237.083333	237.916667	A#4	45	80	0	1	-3.898407
1574	237.083333	237.291667	C#5	45	80	0	2	-2.525967
1575	237.291667	237.500000	D5	45	80	0	3	-3.686981
1576	237.500000	237.708333	C#5	45	80	0	2	-3.151465
1577	237.708333	237.916667	F#5	45	80	0	4	-2.909306
1578	237.916667	238.229167	B4	105	80	0	1	-3.549056
1579	238.229167	238.333333	B4	99	80	0	1	-4.507997
1580	238.333333	239.062500	B5	112	80	0	5	-2.242366
1581	239.062500	239.166667	B4	99	80	0	1	-1.922714
1582	239.166667	239.895833	B5	112	80	0	5	-2.242366
1583	240.729167	240.833333	B4	99	80	0	1	-1.922714
1584	240.833333	241.250000	B5	99	80	0	4	-3.867317
1585	241.250000	241.458333	C#6	127	80	0	5	-4.070264
1586	241.458333	241.666667	G5	127	80	0	3	-6.003674
1587	241.666667	241.875000	F#5	127	80	0	2	-3.151465
1588	241.875000	242.083333	E5	127	80	0	1	-3.360143
1589	242.083333	242.395833	F#5	99	80	0	3	-4.456068
1590	242.395833	242.500000	B4	99	80	0	1	-4.449629
1591	242.500000	243.229167	B5	112	80	0	5	-2.242366
1592	243.229167	243.333333	B4	99	80	0	1	-1.922714
1593	243.333333	244.062500	B5	112	80	0	5	-2.242366
1594	244.895833	245.000000	B4	99	80	0	1	-1.922714
1595	245.000000	245.416667	B5	99	80	0	5	-2.242366
1596	245.416667	245.625000	C#6	127	80	0	4	-7.546110
1597	245.625000	245.833333	G5	127	80	0	1	-3.845468
1598	245.833333	246.041667	F#5	127	80	0	3	-4.859211
1599	246.041667	246.250000	E5	127	80	0	2	-3.286699
1600	246.250000	246.562500	F#5	45	80	0	4	-4.064995
1601	246.562500	246.666667	F#4	45	80	0	1	-3.627794
1602	246.666667	247.395833	F#5	45	80	0	5	-2.242366
1603	247.395833	247.500000	F#4	45	80	0	1	-1.922714
1604	247.500000	248.229167	F#5	45	80	0	5	-2.242366
1605	253.229167	253.333333	F#4	45	80	0	1	-1.922714
1606	253.333333	253.750000	F#5	45	80	0	5	-2.242366
1607	253.750000	253.958333	A#4	90	80	0	1	-2.845304
1608	253.750000	253.958333	C#5	90	80	0	2	-2.525967
1609	253.958333	254.166667	C#5	90	80	0	2	-4.554564
1610	253.958333	254.166667	E5	90	80	0	3	-3.265372
1611	254.166667	254.375000	B4	90	80	0	1	-2.905888
1612	254.166667	254.375000	D#5	90	80	0	2	-3.275273
1613	254.375000	254.583333	A#4	90	80	0	1	-3.434905
1614	254.375000	254.583333	C#5	90	80	0	3	-3.473158
1615	254.583333	254.895833	B4	90	80	0	2	-3.286699
1616	254.583333	254.895833	D#5	90	80	0	4	-3.522723
1617	254.895833	255.000000	F#4	45	80	0	1	-2.969918
1618	255.000000	255.729167	F#5	45	80	0	5	-2.242366
1619	255.729167	255.833333	F#4	45	80	0	1	-1.922714
1620	255.833333	256.562500	F#5	45	80	0	5	-2.242366
1621	256.562500	256.666667	F#4	45	80	0	1	-1.922714
1622	256.666667	257.083333	F#5	45	80	0	5	-2.242366
1623	257.083333	257.291667	A#4	90	80	0	1	-2.845304
1624	257.083333	257.291667	C#5	90	80	0	2	-2.525967
1625	257.291667	257.500000	C#5	90	80	0	2	-4.554564
1626	257.291667	257.500000	E5	90	80	0	3	-3.265372
1627	257.500000	257.708333	B4	90	80	0	1	-2.905888
1628	257.500000	257.708333	D#5	90	80	0	2	-3.275273
1629	257.708333	257.916667	A#4	90	80	0	1	-3.434905
1630	257.708333	257.916667	C#5	90	80	0	3	-3.473158
1631	257.916667	258.229167	B4	45	80	0	2	-3.286699
1632	258.229167	258.333333	F#4	45	80	0	1	-3.898407
1633	258.333333	259.062500	B4	45	80	0	2	-3.465862
1634	259.062500	259.166667	F#4	45	80	0	1	-3.898407
1635	259.166667	259.895833	B4	45	80	0	2	-3.465862
1636	261.562500	261.666667	F#4	45	80	0	1	-3.898407
1637	261.666667	262.395833	B4	45	80	0	2	-3.465862
1638	262.395833	262.500000	F#4	45	80	0	1	-3.898407
1639	262.500000	262.916667	B4	45	80	0	2	-3.465862
1640	262.812500	262.916667	D5	45	80	0	4	-2.758588
1641	262.916667	263.333333	C5	126	80	0	3	-2.238713
1642	262.916667	263.333333	C5	126	80	0	3	-4.378151
1643	263.333333	264.166667	C5	127	80	0	3	-4.378151
1644	264.166667	264.583333	C5	126	80	0	3	-4.378151
1645	264.479167	264.583333	D5	126	80	0	4	-2.883688
1646	264.583333	264.895833	C5	99	80	0	3	-2.238713
1647	264.583333	264.843750	C5	99	80	0	3	-4.378151
1648	264.843750	264.895833	B4	99	80	0	2	-2.287533
1649	264.895833	265.000000	B4	99	80	0	2	-4.554564
1650	264.895833	265.000000	C5	99	80	0	3	-2.675961
1651	265.000000	265.312500	B4	99	80	0	2	-2.287533
1652	265.000000	265.260417	B4	99	80	0	2	-4.554564
1653	265.260417	265.312500	A4	99	80	0	1	-2.609267
1654	265.312500	265.416667	A4	99	80	0	2	-4.712397
1655	265.312500	265.416667	B4	99	80	0	3	-2.675961
1656	265.416667	265.729167	A4	99	80	0	2	-2.287533
1657	265.416667	265.677083	A4	99	80	0	2	-4.554564
1658	265.677083	265.729167	G4	99	80	0	1	-2.609267
1659	265.729167	265.833333	G4	99	80	0	3	-5.268790
1660	265.729167	265.833333	A4	99	80	0	4	-2.883688
1661	265.833333	266.145833	G4	99	80	0	3	-2.238713
1662	265.833333	266.093750	G4	99	80	0	3	-4.378151
1663	266.093750	266.250000	F#4	99	80	0	2	-3.151465
1664	266.145833	266.250000	F#4	99	80	0	2	-4.554564
1665	267.916667	268.333333	G4	105	80	0	3	-3.686981
1666	268.333333	269.166667	G4	112	80	0	3	-4.378151
1667	269.166667	269.583333	G4	99	80	0	3	-4.378151
1668	269.479167	269.583333	A4	99	80	0	4	-2.883688
1669	269.583333	269.895833	G4	81	80	0	3	-2.238713
1670	269.583333	269.843750	G4	81	80	0	3	-4.378151
1671	269.843750	269.895833	F#4	81	80	0	2	-3.151465
1672	269.895833	270.000000	F#4	81	80	0	2	-4.554564
1673	269.895833	270.000000	G4	81	80	0	3	-3.686981
1674	270.000000	270.312500	F#4	81	80	0	2	-3.151465
1675	270.000000	270.260417	F#4	81	80	0	2	-4.554564
1676	270.260417	270.312500	E4	81	80	0	1	-3.360143
1677	270.312500	270.416667	E4	81	80	0	1	-4.507997
1678	270.312500	270.416667	F#4	81	80	0	2	-3.246278
1679	270.416667	270.729167	E4	81	80	0	1	-3.360143
1680	270.416667	270.677083	E4	81	80	0	2	-4.712397
1681	270.677083	270.729167	D4	81	80	0	1	-2.609267
1682	270.729167	270.833333	D4	81	80	0	3	-5.268790
1683	270.729167	270.833333	E4	81	80	0	4	-2.883688
1684	270.833333	271.145833	D4	81	80	0	3	-2.238713
1685	270.833333	271.093750	D4	81	80	0	3	-4.378151
1686	271.093750	271.250000	C#4	81	80	0	2	-3.151465
1687	271.145833	271.250000	C#4	81	80	0	2	-4.554564
1688	271.250000	271.666667	C#4	127	80	0	2	-4.554564
1689	271.666667	272.500000	C#4	127	80	0	2	-4.554564
1690	272.500000	273.333333	C#4	127	80	0	2	-4.554564
1691	273.333333	273.541667	C#4	126	80	0	2	-4.554564
1692	273.338542	273.494792	C#4	126	80	0	2	-4.554564
1693	273.494792	273.651042	D#4	126	80	0	3	-2.675961
1694	273.541667	273.750000	D#4	126	80	0	3	-4.378151
1695	273.651042	273.703125	C#4	126	80	0	2	-2.287533
1696	273.703125	273.755208	D#4	126	80	0	3	-2.675961
1697	273.750000	273.869792	E4	126	80	0	4	-3.868143
1698	273.755208	273.875000	E4	126	80	0	4	-4.784491
1699	273.869792	273.989583	D#4	126	80	0	3	-3.226506
1700	273.875000	273.994792	D#4	126	80	0	3	-4.378151
1701	273.989583	274.109375	C#4	126	80	0	2	-2.287533
1702	273.994792	274.114583	C#4	126	80	0	2	-4.554564
1703	274.109375	274.229167	B3	126	80	0	1	-3.360143
1704	274.114583	274.234375	B3	126	80	0	1	-4.507997
1705	274.229167	274.348958	D#4	126	80	0	2	-3.275273
1706	274.234375	274.354167	D#4	126	80	0	2	-4.554564
1707	274.348958	274.468750	C#4	126	80	0	1	-2.609267
1708	274.354167	274.473958	C#4	126	80	0	2	-4.712397
1709	274.468750	274.588542	B3	126	80	0	1	-3.360143
1710	274.473958	274.593750	B3	126	80	0	1	-4.507997
1711	277.927083	278.343750	B3	127	80	0	1	-4.507997
1712	278.343750	279.177083	B3	126	80	0	1	-4.507997
1713	279.177083	280.010417	B3	126	80	0	1	-4.507997
1714	280.010417	280.843750	B4	126	80	0	5	-2.242366
1715	280.843750	281.260417	B4	126	80	0	1	-5.027158
1716	281.156250	281.260417	D5	126	80	0	2	-2.525967
1717	281.260417	281.677083	C5	127	80	0	1	-2.609267
1718	281.260417	281.677083	C5	127	80	0	3	-5.268790
1719	281.677083	282.510417	C5	58	80	0	3	-4.378151
1720	282.510417	282.927083	C5	45	80	0	3	-4.378151
1721	282.822917	282.927083	D5	45	80	0	4	-2.883688
1722	282.927083	283.239583	C5	45	80	0	3	-2.238713
1723	282.927083	283.187500	C5	45	80	0	3	-4.378151
1724	283.187500	283.239583	B4	45	80	0	2	-2.287533
1725	283.239583	283.343750	B4	45	80	0	2	-4.554564
1726	283.239583	283.343750	C5	45	80	0	3	-2.675961
1727	283.343750	283.656250	B4	45	80	0	2	-2.287533
1728	283.343750	283.604167	B4	45	80	0	2	-4.554564
1729	283.604167	283.656250	A4	45	80	0	1	-2.609267
1730	283.656250	283.760417	A4	45	80	0	2	-4.712397
1731	283.656250	283.760417	B4	45	80	0	3	-2.675961
1732	283.760417	284.072917	A4	45	80	0	2	-2.287533
1733	283.760417	284.020833	A4	45	80	0	2	-4.554564
1734	284.020833	284.072917	G4	45	80	0	1	-2.609267
1735	284.072917	284.177083	G4	45	80	0	3	-5.268790
1736	284.072917	284.177083	A4	45	80	0	4	-2.883688
1737	284.177083	284.489583	G4	45	80	0	3	-2.238713
1738	284.177083	284.437500	G4	45	80	0	3	-4.378151
1739	284.437500	284.593750	F#4	45	80	0	2	-3.151465
1740	284.489583	284.593750	F#4	45	80	0	2	-4.554564
1741	286.260417	286.677083	G4	51	80	0	3	-3.686981
1742	286.677083	287.510417	G4	58	80	0	3	-4.378151
1743	287.510417	287.927083	G4	45	80	0	3	-4.378151
1744	287.822917	287.927083	A4	45	80	0	4	-2.883688
1745	287.927083	288.239583	G4	45	80	0	3	-2.238713
1746	287.927083	288.187500	G4	45	80	0	3	-4.378151
1747	288.187500	288.239583	F#4	45	80	0	2	-3.151465
1748	288.239583	288.343750	F#4	45	80	0	2	-4.554564
1749	288.239583	288.343750	G4	45	80	0	3	-3.686981
1750	288.343750	288.656250	F#4	45	80	0	2	-3.151465
1751	288.343750	288.604167	F#4	45	80	0	2	-4.554564
1752	288.604167	288.656250	E4	45	80	0	1	-3.360143
1753	288.656250	288.760417	E4	45	80	0	1	-4.507997
1754	288.656250	288.760417	F#4	45	80	0	2	-3.246278
1755	288.760417	289.072917	E4	45	80	0	1	-3.360143
1756	288.760417	289.020833	E4	45	80	0	2	-4.712397
1757	289.020833	289.072917	D4	45	80	0	1	-2.609267
1758	289.072917	289.177083	D4	45	80	0	3	-5.268790
1759	289.072917	289.177083	E4	45	80	0	4	-2.883688
1760	289.177083	289.489583	D4	45	80	0	3	-2.238713
1761	289.177083	289.437500	D4	45	80	0	3	-4.378151
1762	289.437500	289.593750	C#4	45	80	0	2	-3.151465
1763	289.489583	289.593750	C#4	45	80	0	2	-4.554564
1764	319.604167	320.020833	C#4	51	80	0	2	-4.554564
1765	320.020833	320.854167	C#4	58	80	0	2	-4.554564
1766	320.854167	321.687500	C#4	45	80	0	2	-4.554564
1767	321.687500	321.895833	C#4	45	80	0	2	-4.554564
1768	321.692708	321.848958	C#4	45	80	0	2	-4.554564
1769	321.848958	322.005208	D#4	45	80	0	3	-2.675961
1770	321.895833	322.104167	D#4	45	80	0	3	-4.378151
1771	322.005208	322.057292	C#4	45	80	0	2	-2.287533
1772	322.057292	322.109375	D#4	45	80	0	3	-2.675961
1773	322.104167	322.223958	E4	45	80	0	4	-3.868143
1774	322.109375	322.229167	E4	45	80	0	4	-4.784491
1775	322.223958	322.343750	D#4	45	80	0	3	-3.226506
1776	322.229167	322.348958	D#4	45	80	0	3	-4.378151
1777	322.343750	322.463542	C#4	45	80	0	2	-2.287533
1778	322.348958	322.468750	C#4	45	80	0	2	-4.554564
1779	322.463542	322.583333	B3	45	80	0	1	-3.360143
1780	322.468750	322.588542	B3	45	80	0	1	-4.507997
1781	322.583333	322.703125	D#4	45	80	0	2	-3.275273
1782	322.588542	322.708333	D#4	45	80	0	2	-4.554564
1783	322.703125	322.822917	C#4	45	80	0	1	-2.609267
1784	322.708333	322.828125	C#4	45	80	0	2	-4.712397
1785	322.822917	322.942708	B3	45	80	0	1	-3.360143
1786	322.828125	322.947917	B3	45	80	0	1	-4.507997
1787	322.947917	323.364583	B3	51	80	0	1	-4.507997
1788	323.364583	324.197917	B3	45	80	0	1	-4.507997
1789	324.197917	325.031250	B3	45	80	0	1	-4.507997
1790	325.031250	325.864583	B3	45	80	0	1	-4.507997
1791	325.864583	326.281250	B3	90	80	0	1	-4.507997
1792	325.864583	326.281250	D#4	90	80	0	2	-3.275273
1793	325.864583	326.281250	F#4	90	80	0	4	-2.758588
1794	326.281250	326.722426	B3	90	80	0	1	-3.549056
1795	326.281250	326.722426	C#4	90	80	0	2	-3.246278
1796	326.281250	326.722426	G#4	90	80	0	5	-3.528229
1797	326.722426	327.604779	B3	90	80	0	1	-4.031984
1798	326.722426	327.604779	C#4	90	80	0	2	-3.246278
1799	326.722426	327.604779	G#4	90	80	0	5	-3.528229
1800	327.604779	328.487132	B3	90	80	0	1	-4.031984
1801	327.604779	328.487132	C#4	90	80	0	2	-3.246278
1802	327.604779	328.487132	G#4	90	80	0	5	-3.528229
1803	328.487132	328.928309	B3	90	80	0	1	-4.031984
1804	328.487132	328.928309	C#4	90	80	0	2	-3.246278
1805	328.487132	328.928309	G#4	90	80	0	5	-3.528229
1806	328.928309	329.369485	A#3	90	80	0	1	-3.027253
1807	328.928309	329.369485	C#4	90	80	0	2	-2.525967
1808	328.928309	329.148897	G#4	45	80	0	5	-3.528229
1809	329.148897	329.369485	F#4	45	80	0	4	-2.814339
1810	329.369485	329.810662	A#3	90	80	0	1	-2.969918
1811	329.369485	329.810662	C#4	90	80	0	2	-2.525967
1812	329.369485	329.590074	F#4	45	80	0	4	-2.909306
1813	329.590074	329.810662	E4	45	80	0	3	-3.914844
1814	329.810662	330.251838	B3	90	80	0	1	-2.905888
1815	329.810662	330.251838	D#4	90	80	0	2	-3.275273
1816	330.251838	331.134191	B3	90	80	0	1	-4.134704
1817	330.251838	331.134191	D#4	90	80	0	2	-3.275273
1818	331.134191	332.016544	B3	90	80	0	1	-4.134704
1819	331.134191	332.016544	D#4	90	80	0	2	-3.275273
1820	332.016544	332.457721	B3	90	80	0	1	-4.134704
1821	332.016544	332.402574	B3	90	80	0	1	-4.507997
1822	332.016544	332.457721	D#4	90	80	0	2	-3.275273
1823	332.016544	332.402574	D#4	90	80	0	2	-4.554564
1824	332.016544	332.457721	F#4	90	80	0	4	-2.758588
1825	332.016544	332.402574	F#4	90	80	0	4	-4.784491
1826	332.402574	332.457721	F#4	45	80	0	4	-4.784491
1827	332.457721	332.898897	B3	90	80	0	1	-3.549056
1828	332.457721	332.898897	B3	90	80	0	1	-4.507997
1829	332.457721	332.898897	D#4	90	80	0	2	-3.275273
1830	332.457721	332.898897	D#4	90	80	0	2	-4.554564
1831	332.457721	332.898897	B4	90	80	0	5	-3.857051
1832	332.457721	332.898897	B4	90	80	0	5	-4.495609
1833	332.898897	333.340074	B3	90	80	0	1	-1.922714
1834	332.898897	333.340074	B3	90	80	0	1	-4.507997
1835	332.898897	333.340074	D#4	90	80	0	2	-3.275273
1836	332.898897	333.340074	D#4	90	80	0	2	-4.554564
1837	332.898897	333.340074	F#4	90	80	0	4	-2.758588
1838	332.898897	333.340074	F#4	90	80	0	4	-4.784491
1839	333.340074	333.781250	B3	90	80	0	1	-3.549056
1840	333.340074	333.781250	C#4	90	80	0	2	-3.246278
1841	333.340074	333.781250	G#4	90	80	0	5	-3.528229
1842	333.781250	334.663603	B3	90	80	0	1	-4.031984
1843	333.781250	334.663603	C#4	90	80	0	2	-3.246278
1844	333.781250	334.663603	G#4	90	80	0	5	-3.528229
1845	334.663603	335.545956	B3	90	80	0	1	-4.031984
1846	334.663603	335.545956	C#4	90	80	0	2	-3.246278
1847	334.663603	335.545956	G#4	90	80	0	5	-3.528229
1848	335.545956	335.987132	C#4	90	80	0	1	-3.425130
1849	335.545956	335.987132	G#4	90	80	0	3	-3.751952
1850	335.545956	335.987132	B4	90	80	0	5	-3.635747
1851	335.987132	336.428309	C#4	45	80	0	1	-3.521239
1852	335.987132	336.207721	G#4	90	80	0	2	-3.928858
1853	335.987132	336.207721	B4	90	80	0	4	-3.580467
1854	336.207721	336.428309	F#4	90	80	0	2	-3.901124
1855	336.207721	336.428309	A#4	90	80	0	4	-2.758588
1856	336.428309	336.869485	E4	90	80	0	1	-3.845468
1857	336.428309	336.869485	F#4	90	80	0	2	-3.246278
1858	336.428309	336.648897	A#4	45	80	0	3	-3.012122
1859	336.648897	336.869485	C#5	45	80	0	5	-2.681011
1860	336.869485	337.310662	D#4	90	80	0	1	-3.027253
1861	336.869485	337.310662	F#4	90	80	0	2	-2.525967
1862	336.869485	337.310662	B4	90	80	0	4	-3.927704
1863	337.310662	338.193015	D#4	90	80	0	1	-3.577835
1864	337.310662	338.193015	F#4	90	80	0	2	-2.525967
1865	337.310662	338.193015	B4	90	80	0	4	-3.927704
1866	338.193015	339.075368	D#4	90	80	0	1	-3.577835
1867	338.193015	339.075368	F#4	90	80	0	2	-2.525967
1868	338.193015	339.075368	B4	90	80	0	4	-3.927704
1869	339.075368	339.516544	D#4	90	80	0	1	-3.577835
1870	339.075368	339.516544	F#4	90	80	0	3	-3.473158
1871	339.075368	339.516544	B4	90	80	0	5	-3.340065
1872	339.516544	339.957721	C#4	90	80	0	1	-3.521239
1873	339.516544	339.957721	E4	90	80	0	2	-3.493146
1874	339.957721	340.398897	C#4	90	80	0	1	-3.967913
1875	339.957721	340.398897	E4	90	80	0	2	-3.493146
1876	339.957721	340.398897	B4	90	80	0	5	-3.528229
1877	340.398897	340.840074	B3	90	80	0	1	-1.922714
1878	340.398897	340.840074	D#4	90	80	0	2	-3.275273
1879	340.398897	340.840074	F#4	90	80	0	4	-2.758588
1880	340.840074	341.722426	B3	90	80	0	1	-3.549056
1881	340.840074	341.722426	D#4	90	80	0	2	-3.275273
1882	340.840074	341.722426	F#4	90	80	0	4	-2.758588
1883	341.722426	342.604779	B3	90	80	0	1	-3.549056
1884	341.722426	342.604779	D#4	90	80	0	2	-3.275273
1885	341.722426	342.604779	F#4	90	80	0	4	-2.758588
1886	342.604779	343.045956	B3	90	80	0	1	-3.549056
1887	342.604779	343.045956	D#4	90	80	0	2	-3.275273
1888	342.604779	343.045956	F#4	90	80	0	4	-2.758588
1889	343.045956	343.487132	A#3	90	80	0	1	-2.969918
1890	343.045956	343.487132	C#4	90	80	0	2	-2.525967
1891	343.487132	343.928309	A#3	90	80	0	1	-3.157580
1892	343.487132	343.928309	C#4	90	80	0	2	-2.525967
1893	343.487132	343.928309	F#4	90	80	0	5	-3.228870
1894	343.928309	344.369485	D#4	45	80	0	3	-3.509161
1895	344.369485	345.251838	D#4	45	80	0	3	-4.378151
1896	345.251838	346.134191	D#4	45	80	0	3	-4.378151
1897	346.134191	346.575368	D#4	45	80	0	3	-4.378151
1898	346.575368	347.016544	C#4	45	80	0	2	-2.287533
1899	347.016544	347.457721	C#4	45	80	0	2	-4.554564
