//Version: PianoFingering_v170101
1	0.000000	0.125000	A2	90	80	0	1	-0.925785
2	0.000000	0.125000	C#3	90	80	0	2	-3.275273
3	0.000000	0.125000	B2	90	80	1	-2	-2.178510
4	0.000000	0.125000	D3	90	80	1	-1	-2.415329
5	0.125000	0.250000	B2	90	80	0	1	-3.360143
6	0.125000	0.250000	D3	90	80	0	2	-2.525967
7	0.125000	0.250000	C#3	90	80	1	-2	-3.720116
8	0.125000	0.250000	E3	90	80	1	-1	-2.464298
9	0.250000	0.375000	C#3	90	80	0	1	-4.846711
10	0.250000	0.375000	E3	90	80	0	2	-3.493146
11	0.250000	0.375000	D3	90	80	1	-2	-2.745489
12	0.250000	0.375000	F#3	90	80	1	-1	-3.194227
13	0.375000	0.500000	D3	90	80	0	1	-2.609267
14	0.375000	0.500000	F#3	90	80	0	2	-3.275273
15	0.375000	0.500000	E3	90	80	1	-2	-4.084076
16	0.375000	0.500000	G#3	90	80	1	-1	-3.194227
17	0.500000	0.625000	E3	90	80	0	1	-3.360143
18	0.500000	0.625000	G#3	90	80	0	3	-3.998423
19	0.500000	0.625000	F#3	90	80	1	-2	-2.745489
20	0.500000	0.625000	A3	90	80	1	-1	-2.464298
21	0.625000	0.750000	F#3	90	80	0	2	-2.287533
22	0.625000	0.750000	A3	90	80	0	3	-3.265372
23	0.625000	0.750000	G#3	90	80	1	-2	-3.720116
24	0.625000	0.750000	B3	90	80	1	-1	-2.464298
25	0.750000	0.875000	G#3	90	80	0	2	-3.151465
26	0.750000	0.875000	B3	90	80	0	3	-3.265372
27	0.750000	0.875000	A3	90	80	1	-2	-2.745489
28	0.750000	0.875000	C#4	90	80	1	-1	-3.194227
29	0.875000	1.000000	A3	90	80	0	2	-2.287533
30	0.875000	1.000000	C#4	90	80	0	4	-3.522723
31	0.875000	1.000000	B3	90	80	1	-2	-4.084076
32	0.875000	1.000000	D4	90	80	1	-1	-2.415329
33	1.000000	1.250000	B3	90	80	0	3	-3.914844
34	1.000000	1.250000	D4	90	80	0	5	-2.681011
35	1.000000	1.250000	C#4	90	80	1	-2	-3.720116
36	1.000000	1.250000	E4	90	80	1	-1	-2.464298
37	2.000000	2.125000	C#3	90	80	0	1	-4.270482
38	2.000000	2.125000	E3	90	80	0	2	-3.493146
39	2.000000	2.125000	D3	90	80	1	-5	-3.842215
40	2.000000	2.125000	F#3	90	80	1	-3	-3.351805
41	2.125000	2.250000	D3	90	80	0	1	-2.609267
42	2.125000	2.250000	F#3	90	80	0	2	-3.275273
43	2.125000	2.250000	E3	90	80	1	-4	-4.404178
44	2.125000	2.250000	G#3	90	80	1	-2	-3.159098
45	2.250000	2.375000	E3	90	80	0	1	-3.360143
46	2.250000	2.375000	G#3	90	80	0	3	-3.998423
47	2.250000	2.375000	F#3	90	80	1	-3	-2.891080
48	2.250000	2.375000	A3	90	80	1	-1	-3.288065
49	2.375000	2.500000	F#3	90	80	0	2	-2.287533
50	2.375000	2.500000	A3	90	80	0	3	-3.265372
51	2.375000	2.500000	G#3	90	80	1	-2	-3.720116
52	2.375000	2.500000	B3	90	80	1	-1	-2.464298
53	2.500000	2.625000	G#3	90	80	0	2	-3.151465
54	2.500000	2.625000	B3	90	80	0	3	-3.265372
55	2.500000	2.625000	A3	90	80	1	-2	-2.745489
56	2.500000	2.625000	C#4	90	80	1	-1	-3.194227
57	2.625000	2.750000	A3	90	80	0	2	-2.287533
58	2.625000	2.750000	C#4	90	80	0	4	-3.522723
59	2.625000	2.750000	B3	90	80	1	-2	-4.084076
60	2.625000	2.750000	D4	90	80	1	-1	-2.415329
61	2.750000	2.875000	B3	90	80	0	2	-4.043146
62	2.750000	2.875000	D4	90	80	0	3	-3.012122
63	2.750000	2.875000	C#4	90	80	1	-2	-3.720116
64	2.750000	2.875000	E4	90	80	1	-1	-2.464298
65	2.875000	3.000000	C#4	90	80	0	2	-3.151465
66	2.875000	3.000000	E4	90	80	0	4	-3.580467
67	2.875000	3.000000	D4	90	80	1	-2	-2.745489
68	2.875000	3.000000	F#4	90	80	1	-1	-3.194227
69	3.000000	3.250000	D4	90	80	0	3	-2.238713
70	3.000000	3.250000	F#4	90	80	0	5	-3.549127
71	3.000000	3.250000	E4	90	80	1	-2	-4.084076
72	3.000000	3.250000	G#4	90	80	1	-1	-3.194227
73	4.000000	4.125000	E3	90	80	0	1	-4.990776
74	4.000000	4.125000	G#3	90	80	0	3	-3.998423
75	4.000000	4.125000	F#3	90	80	1	-5	-3.842215
76	4.000000	4.125000	A3	90	80	1	-3	-4.282909
77	4.125000	4.250000	F#3	90	80	0	2	-2.287533
78	4.125000	4.250000	A3	90	80	0	3	-3.265372
79	4.125000	4.250000	G#3	90	80	1	-2	-6.480701
80	4.125000	4.250000	B3	90	80	1	-1	-2.464298
81	4.250000	4.375000	G#3	90	80	0	2	-3.151465
82	4.250000	4.375000	B3	90	80	0	3	-3.265372
83	4.250000	4.375000	A3	90	80	1	-2	-2.745489
84	4.250000	4.375000	C#4	90	80	1	-1	-3.194227
85	4.375000	4.500000	A3	90	80	0	2	-2.287533
86	4.375000	4.500000	C#4	90	80	0	4	-3.522723
87	4.375000	4.500000	B3	90	80	1	-2	-4.084076
88	4.375000	4.500000	D4	90	80	1	-1	-2.415329
89	4.500000	4.625000	B3	90	80	0	2	-4.043146
90	4.500000	4.625000	D4	90	80	0	3	-3.012122
91	4.500000	4.625000	C#4	90	80	1	-2	-3.720116
92	4.500000	4.625000	E4	90	80	1	-1	-2.464298
93	4.625000	4.750000	C#4	90	80	0	2	-3.151465
94	4.625000	4.750000	E4	90	80	0	3	-3.265372
95	4.625000	4.750000	D4	90	80	1	-2	-2.745489
96	4.625000	4.750000	F#4	90	80	1	-1	-3.194227
97	4.750000	4.875000	D4	90	80	0	2	-2.287533
98	4.750000	4.875000	F#4	90	80	0	4	-3.522723
99	4.750000	4.875000	E4	90	80	1	-2	-4.084076
100	4.750000	4.875000	G#4	90	80	1	-1	-3.194227
101	4.875000	5.000000	E4	90	80	0	2	-4.043146
102	4.875000	5.000000	G#4	90	80	0	4	-3.522723
103	4.875000	5.000000	F#4	90	80	1	-2	-2.745489
104	4.875000	5.000000	A4	90	80	1	-1	-2.464298
105	5.000000	5.250000	F#4	90	80	0	3	-2.238713
106	5.000000	5.250000	A4	90	80	0	5	-3.635747
107	5.000000	5.250000	G#4	90	80	1	-2	-3.720116
108	5.000000	5.250000	B4	90	80	1	-1	-2.464298
109	6.000000	6.125000	G#3	90	80	0	1	-4.270482
110	6.000000	6.125000	B3	90	80	0	2	-3.493146
111	6.000000	6.125000	A3	90	80	1	-5	-3.842215
112	6.000000	6.125000	C#4	90	80	1	-3	-3.351805
113	6.125000	6.250000	A3	90	80	0	1	-2.609267
114	6.125000	6.250000	C#4	90	80	0	2	-3.275273
115	6.125000	6.250000	B3	90	80	1	-4	-4.404178
116	6.125000	6.250000	D4	90	80	1	-2	-2.359478
117	6.250000	6.375000	B3	90	80	0	1	-3.360143
118	6.250000	6.375000	D4	90	80	0	2	-2.525967
119	6.250000	6.375000	C#4	90	80	1	-3	-3.848567
120	6.250000	6.375000	E4	90	80	1	-1	-3.288065
121	6.375000	6.500000	C#4	90	80	0	1	-4.846711
122	6.375000	6.500000	E4	90	80	0	2	-3.493146
123	6.375000	6.500000	D4	90	80	1	-2	-2.745489
124	6.375000	6.500000	F#4	90	80	1	-1	-3.194227
125	6.500000	6.625000	D4	90	80	0	1	-2.609267
126	6.500000	6.625000	F#4	90	80	0	2	-3.275273
127	6.500000	6.625000	E4	90	80	1	-2	-4.084076
128	6.500000	6.625000	G#4	90	80	1	-1	-3.194227
129	6.625000	6.750000	E4	90	80	0	1	-3.360143
130	6.625000	6.750000	G#4	90	80	0	3	-3.998423
131	6.625000	6.750000	F#4	90	80	1	-2	-2.745489
132	6.625000	6.750000	A4	90	80	1	-1	-2.464298
133	6.750000	6.875000	F#4	90	80	0	2	-2.287533
134	6.750000	6.875000	A4	90	80	0	3	-3.265372
135	6.750000	6.875000	G#4	90	80	1	-2	-3.720116
136	6.750000	6.875000	B4	90	80	1	-1	-2.464298
137	6.875000	7.000000	G#4	90	80	0	2	-3.151465
138	6.875000	7.000000	B4	90	80	0	4	-3.580467
139	6.875000	7.000000	A4	90	80	1	-2	-2.745489
140	6.875000	7.000000	C#5	90	80	1	-1	-3.194227
141	7.000000	7.250000	A4	90	80	0	3	-2.238713
142	7.000000	7.250000	C#5	90	80	0	5	-3.549127
143	7.000000	7.250000	B4	90	80	1	-2	-4.084076
144	7.000000	7.250000	D5	90	80	1	-1	-2.415329
145	8.000000	8.125000	B3	90	80	0	1	-4.990776
146	8.000000	8.125000	D4	90	80	0	2	-2.525967
147	8.000000	8.125000	C#4	90	80	1	-4	-5.698181
148	8.000000	8.125000	E4	90	80	1	-2	-3.571868
149	8.125000	8.250000	C#4	90	80	0	1	-4.846711
150	8.125000	8.250000	E4	90	80	0	2	-3.493146
151	8.125000	8.250000	D4	90	80	1	-3	-2.891080
152	8.125000	8.250000	F#4	90	80	1	-1	-4.184715
153	8.250000	8.375000	D4	90	80	0	1	-2.609267
154	8.250000	8.375000	F#4	90	80	0	2	-3.275273
155	8.250000	8.375000	E4	90	80	1	-2	-4.084076
156	8.250000	8.375000	G#4	90	80	1	-1	-3.194227
157	8.375000	8.500000	E4	90	80	0	1	-3.360143
158	8.375000	8.500000	G#4	90	80	0	3	-3.998423
159	8.375000	8.500000	F#4	90	80	1	-2	-2.745489
160	8.375000	8.500000	A4	90	80	1	-1	-2.464298
161	8.500000	8.625000	F#4	90	80	0	2	-2.287533
162	8.500000	8.625000	A4	90	80	0	3	-3.265372
163	8.500000	8.625000	G#4	90	80	1	-2	-3.720116
164	8.500000	8.625000	B4	90	80	1	-1	-2.464298
165	8.625000	8.750000	G#4	90	80	0	2	-3.151465
166	8.625000	8.750000	B4	90	80	0	3	-3.265372
167	8.625000	8.750000	A4	90	80	1	-2	-2.745489
168	8.625000	8.750000	C#5	90	80	1	-1	-3.194227
169	8.750000	8.875000	A4	90	80	0	2	-2.287533
170	8.750000	8.875000	C#5	90	80	0	4	-3.522723
171	8.750000	8.875000	B4	90	80	1	-2	-4.084076
172	8.750000	8.875000	D5	90	80	1	-1	-2.415329
173	8.875000	9.000000	B4	90	80	0	2	-4.043146
174	8.875000	9.000000	D5	90	80	0	4	-2.758588
175	8.875000	9.000000	C#5	90	80	1	-2	-3.720116
176	8.875000	9.000000	E5	90	80	1	-1	-2.464298
177	9.000000	9.250000	C#5	90	80	0	3	-3.226506
178	9.000000	9.250000	E5	90	80	0	5	-3.635747
179	9.000000	9.250000	D5	90	80	1	-2	-2.745489
180	9.000000	9.250000	F#5	90	80	1	-1	-3.194227
181	10.000000	10.125000	D4	90	80	0	1	-3.460971
182	10.000000	10.125000	F#4	90	80	0	2	-3.275273
183	10.000000	10.125000	E4	90	80	1	-5	-5.012184
184	10.000000	10.125000	G#4	90	80	1	-3	-3.351805
185	10.125000	10.250000	E4	90	80	0	1	-3.360143
186	10.125000	10.250000	G#4	90	80	0	3	-3.998423
187	10.125000	10.250000	F#4	90	80	1	-4	-3.061136
188	10.125000	10.250000	A4	90	80	1	-2	-3.571868
189	10.250000	10.375000	F#4	90	80	0	2	-2.287533
190	10.250000	10.375000	A4	90	80	0	3	-3.265372
191	10.250000	10.375000	G#4	90	80	1	-3	-3.848567
192	10.250000	10.375000	B4	90	80	1	-1	-3.288065
193	10.375000	10.500000	G#4	90	80	0	2	-3.151465
194	10.375000	10.500000	B4	90	80	0	3	-3.265372
195	10.375000	10.500000	A4	90	80	1	-2	-2.745489
196	10.375000	10.500000	C#5	90	80	1	-1	-3.194227
197	10.500000	10.625000	A4	90	80	0	2	-2.287533
198	10.500000	10.625000	C#5	90	80	0	4	-3.522723
199	10.500000	10.625000	B4	90	80	1	-2	-4.084076
200	10.500000	10.625000	D5	90	80	1	-1	-2.415329
201	10.625000	10.750000	B4	90	80	0	2	-4.043146
202	10.625000	10.750000	D5	90	80	0	3	-3.012122
203	10.625000	10.750000	C#5	90	80	1	-2	-3.720116
204	10.625000	10.750000	E5	90	80	1	-1	-2.464298
205	10.750000	10.875000	C#5	90	80	0	2	-3.151465
206	10.750000	10.875000	E5	90	80	0	3	-3.265372
207	10.750000	10.875000	D5	90	80	1	-2	-2.745489
208	10.750000	10.875000	F#5	90	80	1	-1	-3.194227
209	10.875000	11.000000	D5	90	80	0	2	-2.287533
210	10.875000	11.000000	F#5	90	80	0	4	-3.522723
211	10.875000	11.000000	E5	90	80	1	-2	-4.084076
212	10.875000	11.000000	G#5	90	80	1	-1	-3.194227
213	11.000000	11.250000	E5	90	80	0	3	-3.914844
214	11.000000	11.250000	G#5	90	80	0	5	-3.549127
215	11.000000	11.250000	F#5	90	80	1	-2	-2.745489
216	11.000000	11.250000	A5	90	80	1	-1	-2.464298
217	12.000000	12.125000	F#4	90	80	0	1	-3.460971
218	12.000000	12.125000	A4	90	80	0	2	-3.493146
219	12.000000	12.125000	G#4	90	80	1	-5	-4.553252
220	12.000000	12.125000	B4	90	80	1	-3	-4.282909
221	12.125000	12.250000	G#4	90	80	0	1	-4.846711
222	12.125000	12.250000	B4	90	80	0	2	-3.493146
223	12.125000	12.250000	A4	90	80	1	-4	-3.061136
224	12.125000	12.250000	C#5	90	80	1	-2	-3.159098
225	12.250000	12.375000	A4	90	80	0	1	-2.609267
226	12.250000	12.375000	C#5	90	80	0	2	-3.275273
227	12.250000	12.375000	B4	90	80	1	-3	-4.407505
228	12.250000	12.375000	D5	90	80	1	-1	-2.967507
229	12.375000	12.500000	B4	90	80	0	1	-3.360143
230	12.375000	12.500000	D5	90	80	0	3	-3.473158
231	12.375000	12.500000	C#5	90	80	1	-2	-3.720116
232	12.375000	12.500000	E5	90	80	1	-1	-2.464298
233	12.500000	12.625000	C#5	90	80	0	2	-3.151465
234	12.500000	12.625000	E5	90	80	0	3	-3.265372
235	12.500000	12.625000	D5	90	80	1	-2	-2.745489
236	12.500000	12.625000	F#5	90	80	1	-1	-3.194227
237	12.625000	12.750000	D5	90	80	0	2	-2.287533
238	12.625000	12.750000	F#5	90	80	0	4	-3.522723
239	12.625000	12.750000	E5	90	80	1	-2	-4.084076
240	12.625000	12.750000	G#5	90	80	1	-1	-3.194227
241	12.750000	12.875000	E5	90	80	0	2	-4.043146
242	12.750000	12.875000	G#5	90	80	0	4	-3.522723
243	12.750000	12.875000	F#5	90	80	1	-2	-2.745489
244	12.750000	12.875000	A5	90	80	1	-1	-2.464298
245	12.875000	13.000000	F#5	90	80	0	3	-2.238713
246	12.875000	13.000000	A5	90	80	0	4	-4.111873
247	12.875000	13.000000	G#5	90	80	1	-2	-3.720116
248	12.875000	13.000000	B5	90	80	1	-1	-2.464298
249	13.000000	13.250000	G#5	90	80	0	3	-3.226506
250	13.000000	13.250000	B5	90	80	0	5	-3.635747
251	14.000000	14.125000	A2	90	80	0	1	-6.163296
252	14.000000	14.125000	C#3	90	80	0	2	-3.275273
253	14.000000	14.125000	B2	90	80	1	-4	-6.022524
254	14.000000	14.125000	D3	90	80	1	-2	-2.359478
255	14.125000	14.250000	B2	90	80	0	1	-3.360143
256	14.125000	14.250000	D3	90	80	0	2	-2.525967
257	14.125000	14.250000	C#3	90	80	1	-3	-3.848567
258	14.125000	14.250000	E3	90	80	1	-1	-3.288065
259	14.250000	14.375000	C#3	90	80	0	1	-4.846711
260	14.250000	14.375000	E3	90	80	0	2	-3.493146
261	14.250000	14.375000	D3	90	80	1	-2	-2.745489
262	14.250000	14.375000	F#3	90	80	1	-1	-3.194227
263	14.375000	14.500000	D3	90	80	0	1	-2.609267
264	14.375000	14.500000	F#3	90	80	0	2	-3.275273
265	14.375000	14.500000	E3	90	80	1	-2	-4.084076
266	14.375000	14.500000	G#3	90	80	1	-1	-3.194227
267	14.500000	14.625000	E3	90	80	0	1	-3.360143
268	14.500000	14.625000	G#3	90	80	0	3	-3.998423
269	14.500000	14.625000	F#3	90	80	1	-2	-2.745489
270	14.500000	14.625000	A3	90	80	1	-1	-2.464298
271	14.625000	14.750000	F#3	90	80	0	2	-2.287533
272	14.625000	14.750000	A3	90	80	0	3	-3.265372
273	14.625000	14.750000	G#3	90	80	1	-2	-3.720116
274	14.625000	14.750000	B3	90	80	1	-1	-2.464298
275	14.750000	14.875000	G#3	90	80	0	2	-3.151465
276	14.750000	14.875000	B3	90	80	0	3	-3.265372
277	14.750000	14.875000	A3	90	80	1	-2	-2.745489
278	14.750000	14.875000	C#4	90	80	1	-1	-3.194227
279	14.875000	15.000000	A3	90	80	0	2	-2.287533
280	14.875000	15.000000	C#4	90	80	0	4	-3.522723
281	14.875000	15.000000	B3	90	80	1	-2	-4.084076
282	14.875000	15.000000	D4	90	80	1	-1	-2.415329
283	15.000000	15.250000	B3	90	80	0	3	-3.914844
284	15.000000	15.250000	D4	90	80	0	5	-2.681011
285	15.000000	15.250000	C#4	90	80	1	-2	-3.720116
286	15.000000	15.250000	E4	90	80	1	-1	-2.464298
287	16.000000	16.125000	C#3	90	80	0	1	-4.270482
288	16.000000	16.125000	E3	90	80	0	2	-3.493146
289	16.000000	16.125000	D3	90	80	1	-5	-3.842215
290	16.000000	16.125000	F#3	90	80	1	-3	-3.351805
291	16.125000	16.250000	D3	90	80	0	1	-2.609267
292	16.125000	16.250000	F#3	90	80	0	2	-3.275273
293	16.125000	16.250000	E3	90	80	1	-4	-4.404178
294	16.125000	16.250000	G#3	90	80	1	-2	-3.159098
295	16.250000	16.375000	E3	90	80	0	1	-3.360143
296	16.250000	16.375000	G#3	90	80	0	3	-3.998423
297	16.250000	16.375000	F#3	90	80	1	-3	-2.891080
298	16.250000	16.375000	A3	90	80	1	-1	-3.288065
299	16.375000	16.500000	F#3	90	80	0	2	-2.287533
300	16.375000	16.500000	A3	90	80	0	3	-3.265372
301	16.375000	16.500000	G#3	90	80	1	-2	-3.720116
302	16.375000	16.500000	B3	90	80	1	-1	-2.464298
303	16.500000	16.625000	G#3	90	80	0	2	-3.151465
304	16.500000	16.625000	B3	90	80	0	3	-3.265372
305	16.500000	16.625000	A3	90	80	1	-2	-2.745489
306	16.500000	16.625000	C#4	90	80	1	-1	-3.194227
307	16.625000	16.750000	A3	90	80	0	2	-2.287533
308	16.625000	16.750000	C#4	90	80	0	4	-3.522723
309	16.625000	16.750000	B3	90	80	1	-2	-4.084076
310	16.625000	16.750000	D4	90	80	1	-1	-2.415329
311	16.750000	16.875000	B3	90	80	0	2	-4.043146
312	16.750000	16.875000	D4	90	80	0	3	-3.012122
313	16.750000	16.875000	C#4	90	80	1	-2	-3.720116
314	16.750000	16.875000	E4	90	80	1	-1	-2.464298
315	16.875000	17.000000	C#4	90	80	0	2	-3.151465
316	16.875000	17.000000	E4	90	80	0	4	-3.580467
317	16.875000	17.000000	D4	90	80	1	-2	-2.745489
318	16.875000	17.000000	F#4	90	80	1	-1	-3.194227
319	17.000000	17.250000	D4	90	80	0	3	-2.238713
320	17.000000	17.250000	F#4	90	80	0	5	-3.549127
321	17.000000	17.250000	E4	90	80	1	-2	-4.084076
322	17.000000	17.250000	G#4	90	80	1	-1	-3.194227
323	18.000000	18.125000	E3	90	80	0	1	-4.990776
324	18.000000	18.125000	G#3	90	80	0	3	-3.998423
325	18.000000	18.125000	F#3	90	80	1	-5	-3.842215
326	18.000000	18.125000	A3	90	80	1	-3	-4.282909
327	18.125000	18.250000	F#3	90	80	0	2	-2.287533
328	18.125000	18.250000	A3	90	80	0	3	-3.265372
329	18.125000	18.250000	G#3	90	80	1	-2	-6.480701
330	18.125000	18.250000	B3	90	80	1	-1	-2.464298
331	18.250000	18.375000	G#3	90	80	0	2	-3.151465
332	18.250000	18.375000	B3	90	80	0	3	-3.265372
333	18.250000	18.375000	A3	90	80	1	-2	-2.745489
334	18.250000	18.375000	C#4	90	80	1	-1	-3.194227
335	18.375000	18.500000	A3	90	80	0	2	-2.287533
336	18.375000	18.500000	C#4	90	80	0	4	-3.522723
337	18.375000	18.500000	B3	90	80	1	-2	-4.084076
338	18.375000	18.500000	D4	90	80	1	-1	-2.415329
339	18.500000	18.625000	B3	90	80	0	2	-4.043146
340	18.500000	18.625000	D4	90	80	0	3	-3.012122
341	18.500000	18.625000	C#4	90	80	1	-2	-3.720116
342	18.500000	18.625000	E4	90	80	1	-1	-2.464298
343	18.625000	18.750000	C#4	90	80	0	2	-3.151465
344	18.625000	18.750000	E4	90	80	0	3	-3.265372
345	18.625000	18.750000	D4	90	80	1	-2	-2.745489
346	18.625000	18.750000	F#4	90	80	1	-1	-3.194227
347	18.750000	18.875000	D4	90	80	0	2	-2.287533
348	18.750000	18.875000	F#4	90	80	0	4	-3.522723
349	18.750000	18.875000	E4	90	80	1	-2	-4.084076
350	18.750000	18.875000	G#4	90	80	1	-1	-3.194227
351	18.875000	19.000000	E4	90	80	0	2	-4.043146
352	18.875000	19.000000	G#4	90	80	0	4	-3.522723
353	18.875000	19.000000	F#4	90	80	1	-2	-2.745489
354	18.875000	19.000000	A4	90	80	1	-1	-2.464298
355	19.000000	19.250000	F#4	90	80	0	3	-2.238713
356	19.000000	19.250000	A4	90	80	0	5	-3.635747
357	19.000000	19.250000	G#4	90	80	1	-2	-3.720116
358	19.000000	19.250000	B4	90	80	1	-1	-2.464298
359	20.000000	20.125000	G#3	90	80	0	1	-4.270482
360	20.000000	20.125000	B3	90	80	0	2	-3.493146
361	20.000000	20.125000	A3	90	80	1	-5	-3.842215
362	20.000000	20.125000	C#4	90	80	1	-3	-3.351805
363	20.125000	20.250000	A3	90	80	0	1	-2.609267
364	20.125000	20.250000	C#4	90	80	0	2	-3.275273
365	20.125000	20.250000	B3	90	80	1	-4	-4.404178
366	20.125000	20.250000	D4	90	80	1	-2	-2.359478
367	20.250000	20.375000	B3	90	80	0	1	-3.360143
368	20.250000	20.375000	D4	90	80	0	2	-2.525967
369	20.250000	20.375000	C#4	90	80	1	-3	-3.848567
370	20.250000	20.375000	E4	90	80	1	-1	-3.288065
371	20.375000	20.500000	C#4	90	80	0	1	-4.846711
372	20.375000	20.500000	E4	90	80	0	2	-3.493146
373	20.375000	20.500000	D4	90	80	1	-2	-2.745489
374	20.375000	20.500000	F#4	90	80	1	-1	-3.194227
375	20.500000	20.625000	D4	90	80	0	1	-2.609267
376	20.500000	20.625000	F#4	90	80	0	2	-3.275273
377	20.500000	20.625000	E4	90	80	1	-2	-4.084076
378	20.500000	20.625000	G#4	90	80	1	-1	-3.194227
379	20.625000	20.750000	E4	90	80	0	1	-3.360143
380	20.625000	20.750000	G#4	90	80	0	3	-3.998423
381	20.625000	20.750000	F#4	90	80	1	-2	-2.745489
382	20.625000	20.750000	A4	90	80	1	-1	-2.464298
383	20.750000	20.875000	F#4	90	80	0	2	-2.287533
384	20.750000	20.875000	A4	90	80	0	3	-3.265372
385	20.750000	20.875000	G#4	90	80	1	-2	-3.720116
386	20.750000	20.875000	B4	90	80	1	-1	-2.464298
387	20.875000	21.000000	G#4	90	80	0	2	-3.151465
388	20.875000	21.000000	B4	90	80	0	4	-3.580467
389	20.875000	21.000000	A4	90	80	1	-2	-2.745489
390	20.875000	21.000000	C#5	90	80	1	-1	-3.194227
391	21.000000	21.250000	A4	90	80	0	3	-2.238713
392	21.000000	21.250000	C#5	90	80	0	5	-3.549127
393	21.000000	21.250000	B4	90	80	1	-2	-4.084076
394	21.000000	21.250000	D5	90	80	1	-1	-2.415329
395	22.000000	22.125000	B3	90	80	0	1	-4.990776
396	22.000000	22.125000	D4	90	80	0	2	-2.525967
397	22.000000	22.125000	C#4	90	80	1	-4	-5.698181
398	22.000000	22.125000	E4	90	80	1	-2	-3.571868
399	22.125000	22.250000	C#4	90	80	0	1	-4.846711
400	22.125000	22.250000	E4	90	80	0	2	-3.493146
401	22.125000	22.250000	D4	90	80	1	-3	-2.891080
402	22.125000	22.250000	F#4	90	80	1	-1	-4.184715
403	22.250000	22.375000	D4	90	80	0	1	-2.609267
404	22.250000	22.375000	F#4	90	80	0	2	-3.275273
405	22.250000	22.375000	E4	90	80	1	-2	-4.084076
406	22.250000	22.375000	G#4	90	80	1	-1	-3.194227
407	22.375000	22.500000	E4	90	80	0	1	-3.360143
408	22.375000	22.500000	G#4	90	80	0	3	-3.998423
409	22.375000	22.500000	F#4	90	80	1	-2	-2.745489
410	22.375000	22.500000	A4	90	80	1	-1	-2.464298
411	22.500000	22.625000	F#4	90	80	0	2	-2.287533
412	22.500000	22.625000	A4	90	80	0	3	-3.265372
413	22.500000	22.625000	G#4	90	80	1	-2	-3.720116
414	22.500000	22.625000	B4	90	80	1	-1	-2.464298
415	22.625000	22.750000	G#4	90	80	0	2	-3.151465
416	22.625000	22.750000	B4	90	80	0	3	-3.265372
417	22.625000	22.750000	A4	90	80	1	-2	-2.745489
418	22.625000	22.750000	C#5	90	80	1	-1	-3.194227
419	22.750000	22.875000	A4	90	80	0	2	-2.287533
420	22.750000	22.875000	C#5	90	80	0	4	-3.522723
421	22.750000	22.875000	B4	90	80	1	-2	-4.084076
422	22.750000	22.875000	D5	90	80	1	-1	-2.415329
423	22.875000	23.000000	B4	90	80	0	2	-4.043146
424	22.875000	23.000000	D5	90	80	0	4	-2.758588
425	22.875000	23.000000	C#5	90	80	1	-2	-3.720116
426	22.875000	23.000000	E5	90	80	1	-1	-2.464298
427	23.000000	23.250000	C#5	90	80	0	3	-3.226506
428	23.000000	23.250000	E5	90	80	0	5	-3.635747
429	23.000000	23.250000	D5	90	80	1	-2	-2.745489
430	23.000000	23.250000	F#5	90	80	1	-1	-3.194227
431	24.000000	24.125000	D4	90	80	0	1	-3.460971
432	24.000000	24.125000	F#4	90	80	0	2	-3.275273
433	24.000000	24.125000	E4	90	80	1	-5	-5.012184
434	24.000000	24.125000	G#4	90	80	1	-3	-3.351805
435	24.125000	24.250000	E4	90	80	0	1	-3.360143
436	24.125000	24.250000	G#4	90	80	0	3	-3.998423
437	24.125000	24.250000	F#4	90	80	1	-4	-3.061136
438	24.125000	24.250000	A4	90	80	1	-2	-3.571868
439	24.250000	24.375000	F#4	90	80	0	2	-2.287533
440	24.250000	24.375000	A4	90	80	0	3	-3.265372
441	24.250000	24.375000	G#4	90	80	1	-3	-3.848567
442	24.250000	24.375000	B4	90	80	1	-1	-3.288065
443	24.375000	24.500000	G#4	90	80	0	2	-3.151465
444	24.375000	24.500000	B4	90	80	0	3	-3.265372
445	24.375000	24.500000	A4	90	80	1	-2	-2.745489
446	24.375000	24.500000	C#5	90	80	1	-1	-3.194227
447	24.500000	24.625000	A4	90	80	0	2	-2.287533
448	24.500000	24.625000	C#5	90	80	0	4	-3.522723
449	24.500000	24.625000	B4	90	80	1	-2	-4.084076
450	24.500000	24.625000	D5	90	80	1	-1	-2.415329
451	24.625000	24.750000	B4	90	80	0	2	-4.043146
452	24.625000	24.750000	D5	90	80	0	3	-3.012122
453	24.625000	24.750000	C#5	90	80	1	-2	-3.720116
454	24.625000	24.750000	E5	90	80	1	-1	-2.464298
455	24.750000	24.875000	C#5	90	80	0	2	-3.151465
456	24.750000	24.875000	E5	90	80	0	3	-3.265372
457	24.750000	24.875000	D5	90	80	1	-2	-2.745489
458	24.750000	24.875000	F#5	90	80	1	-1	-3.194227
459	24.875000	25.000000	D5	90	80	0	2	-2.287533
460	24.875000	25.000000	F#5	90	80	0	4	-3.522723
461	24.875000	25.000000	E5	90	80	1	-2	-4.084076
462	24.875000	25.000000	G#5	90	80	1	-1	-3.194227
463	25.000000	25.250000	E5	90	80	0	3	-3.914844
464	25.000000	25.250000	G#5	90	80	0	5	-3.549127
465	25.000000	25.250000	F#5	90	80	1	-2	-2.745489
466	25.000000	25.250000	A5	90	80	1	-1	-2.464298
467	26.000000	26.125000	F#4	90	80	0	1	-3.460971
468	26.000000	26.125000	A4	90	80	0	2	-3.493146
469	26.000000	26.125000	G#4	90	80	1	-5	-4.553252
470	26.000000	26.125000	B4	90	80	1	-3	-4.282909
471	26.125000	26.250000	G#4	90	80	0	1	-4.846711
472	26.125000	26.250000	B4	90	80	0	2	-3.493146
473	26.125000	26.250000	A4	90	80	1	-4	-3.061136
474	26.125000	26.250000	C#5	90	80	1	-2	-3.159098
475	26.250000	26.375000	A4	90	80	0	1	-2.609267
476	26.250000	26.375000	C#5	90	80	0	2	-3.275273
477	26.250000	26.375000	B4	90	80	1	-3	-4.407505
478	26.250000	26.375000	D5	90	80	1	-1	-2.967507
479	26.375000	26.500000	B4	90	80	0	1	-3.360143
480	26.375000	26.500000	D5	90	80	0	2	-2.525967
481	26.375000	26.500000	C#5	90	80	1	-2	-3.720116
482	26.375000	26.500000	E5	90	80	1	-1	-2.464298
483	26.500000	26.625000	C#5	90	80	0	1	-4.846711
484	26.500000	26.625000	E5	90	80	0	2	-3.493146
485	26.500000	26.625000	D5	90	80	1	-2	-2.745489
486	26.500000	26.625000	F#5	90	80	1	-1	-3.194227
487	26.625000	26.750000	D5	90	80	0	1	-2.609267
488	26.625000	26.750000	F#5	90	80	0	2	-3.275273
489	26.625000	26.750000	E5	90	80	1	-2	-4.084076
490	26.625000	26.750000	G#5	90	80	1	-1	-3.194227
491	26.750000	26.875000	E5	90	80	0	1	-3.360143
492	26.750000	26.875000	G#5	90	80	0	3	-3.998423
493	26.750000	26.875000	F#5	90	80	1	-2	-2.745489
494	26.750000	26.875000	A5	90	80	1	-1	-2.464298
495	26.875000	27.000000	F#5	90	80	0	2	-2.287533
496	26.875000	27.000000	A5	90	80	0	3	-3.265372
497	26.875000	27.000000	G#5	90	80	1	-2	-3.720116
498	26.875000	27.000000	B5	90	80	1	-1	-2.464298
499	27.000000	27.250000	G#5	90	80	0	2	-3.151465
500	27.000000	27.250000	B5	90	80	0	3	-3.265372
501	28.000000	28.125000	A5	90	80	0	2	-2.287533
502	28.000000	28.125000	C#6	90	80	0	4	-3.522723
503	28.000000	28.125000	G#5	90	80	1	-2	-3.299403
504	28.000000	28.125000	B5	90	80	1	-1	-2.464298
505	28.125000	28.250000	G#5	90	80	0	2	-3.266530
506	28.125000	28.250000	B5	90	80	0	4	-3.580467
507	28.125000	28.250000	F#5	90	80	1	-2	-4.444474
508	28.125000	28.250000	A5	90	80	1	-1	-2.464298
509	28.250000	28.375000	F#5	90	80	0	2	-3.901124
510	28.250000	28.375000	A5	90	80	0	4	-3.580467
511	28.250000	28.375000	E5	90	80	1	-2	-3.456527
512	28.250000	28.375000	G#5	90	80	1	-1	-3.194227
513	28.375000	28.500000	E5	90	80	0	2	-3.266530
514	28.375000	28.500000	G#5	90	80	0	4	-3.522723
515	28.375000	28.500000	D5	90	80	1	-2	-5.875271
516	28.375000	28.500000	F#5	90	80	1	-1	-3.194227
517	28.500000	28.625000	D5	90	80	0	1	-3.845468
518	28.500000	28.625000	F#5	90	80	0	2	-3.275273
519	28.500000	28.625000	C#5	90	80	1	-2	-3.456527
520	28.500000	28.625000	E5	90	80	1	-1	-2.464298
521	28.625000	28.750000	C#5	90	80	0	1	-3.434905
522	28.625000	28.750000	E5	90	80	0	2	-3.493146
523	28.625000	28.750000	B4	90	80	1	-2	-3.456527
524	28.625000	28.750000	D5	90	80	1	-1	-2.415329
525	28.750000	28.875000	B4	90	80	0	1	-3.434905
526	28.750000	28.875000	D5	90	80	0	2	-2.525967
527	28.750000	28.875000	A4	90	80	1	-2	-3.456527
528	28.750000	28.875000	C#5	90	80	1	-1	-3.194227
529	28.875000	29.000000	A4	90	80	0	1	-3.434905
530	28.875000	29.000000	C#5	90	80	0	2	-3.275273
531	28.875000	29.000000	G#4	90	80	1	-2	-3.456527
532	28.875000	29.000000	B4	90	80	1	-1	-2.464298
533	29.000000	29.250000	G#4	90	80	0	1	-3.434905
534	29.000000	29.250000	B4	90	80	0	2	-3.493146
535	29.000000	29.250000	F#4	90	80	1	-2	-4.444474
536	29.000000	29.250000	A4	90	80	1	-1	-2.464298
537	30.000000	30.125000	F#5	90	80	0	4	-7.148284
538	30.000000	30.125000	A5	90	80	0	5	-3.871087
539	30.000000	30.125000	E5	90	80	1	-2	-6.730551
540	30.000000	30.125000	G#5	90	80	1	-1	-3.194227
541	30.125000	30.250000	E5	90	80	0	2	-3.071676
542	30.125000	30.250000	G#5	90	80	0	4	-3.522723
543	30.125000	30.250000	D5	90	80	1	-2	-5.875271
544	30.125000	30.250000	F#5	90	80	1	-1	-3.194227
545	30.250000	30.375000	D5	90	80	0	1	-3.845468
546	30.250000	30.375000	F#5	90	80	0	2	-3.275273
547	30.250000	30.375000	C#5	90	80	1	-2	-3.456527
548	30.250000	30.375000	E5	90	80	1	-1	-2.464298
549	30.375000	30.500000	C#5	90	80	0	1	-3.434905
550	30.375000	30.500000	E5	90	80	0	2	-3.493146
551	30.375000	30.500000	B4	90	80	1	-2	-3.456527
552	30.375000	30.500000	D5	90	80	1	-1	-2.415329
553	30.500000	30.625000	B4	90	80	0	1	-3.434905
554	30.500000	30.625000	D5	90	80	0	2	-2.525967
555	30.500000	30.625000	A4	90	80	1	-2	-3.456527
556	30.500000	30.625000	C#5	90	80	1	-1	-3.194227
557	30.625000	30.750000	A4	90	80	0	1	-3.434905
558	30.625000	30.750000	C#5	90	80	0	2	-3.275273
559	30.625000	30.750000	G#4	90	80	1	-2	-3.456527
560	30.625000	30.750000	B4	90	80	1	-1	-2.464298
561	30.750000	30.875000	G#4	90	80	0	1	-3.434905
562	30.750000	30.875000	B4	90	80	0	2	-3.493146
563	30.750000	30.875000	F#4	90	80	1	-2	-4.444474
564	30.750000	30.875000	A4	90	80	1	-1	-2.464298
565	30.875000	31.000000	F#4	90	80	0	1	-3.898407
566	30.875000	31.000000	A4	90	80	0	2	-3.493146
567	30.875000	31.000000	E4	90	80	1	-4	-4.223116
568	30.875000	31.000000	G#4	90	80	1	-2	-3.159098
569	31.000000	31.250000	E4	90	80	0	1	-3.434905
570	31.000000	31.250000	G#4	90	80	0	2	-3.275273
571	31.000000	31.250000	D4	90	80	1	-5	-5.017302
572	31.000000	31.250000	F#4	90	80	1	-4	-4.565377
573	32.000000	32.125000	D5	90	80	0	4	-5.030376
574	32.000000	32.125000	F#5	90	80	0	5	-4.855940
575	32.000000	32.125000	C#5	90	80	1	-2	-3.734418
576	32.000000	32.125000	E5	90	80	1	-1	-2.464298
577	32.125000	32.250000	C#5	90	80	0	2	-3.071676
578	32.125000	32.250000	E5	90	80	0	4	-3.580467
579	32.125000	32.250000	B4	90	80	1	-2	-3.456527
580	32.125000	32.250000	D5	90	80	1	-1	-2.415329
581	32.250000	32.375000	B4	90	80	0	2	-3.266530
582	32.250000	32.375000	D5	90	80	0	4	-2.758588
583	32.250000	32.375000	A4	90	80	1	-2	-3.456527
584	32.250000	32.375000	C#5	90	80	1	-1	-3.194227
585	32.375000	32.500000	A4	90	80	0	2	-3.266530
586	32.375000	32.500000	C#5	90	80	0	4	-3.522723
587	32.375000	32.500000	G#4	90	80	1	-2	-3.456527
588	32.375000	32.500000	B4	90	80	1	-1	-2.464298
589	32.500000	32.625000	G#4	90	80	0	2	-3.266530
590	32.500000	32.625000	B4	90	80	0	4	-3.580467
591	32.500000	32.625000	F#4	90	80	1	-2	-4.444474
592	32.500000	32.625000	A4	90	80	1	-1	-2.464298
593	32.625000	32.750000	F#4	90	80	0	2	-3.901124
594	32.625000	32.750000	A4	90	80	0	4	-3.580467
595	32.625000	32.750000	E4	90	80	1	-2	-3.456527
596	32.625000	32.750000	G#4	90	80	1	-1	-3.194227
597	32.750000	32.875000	E4	90	80	0	2	-3.266530
598	32.750000	32.875000	G#4	90	80	0	4	-3.522723
599	32.750000	32.875000	D4	90	80	1	-2	-5.875271
600	32.750000	32.875000	F#4	90	80	1	-1	-3.194227
601	32.875000	33.000000	D4	90	80	0	1	-3.845468
602	32.875000	33.000000	F#4	90	80	0	2	-3.275273
603	32.875000	33.000000	C#4	90	80	1	-3	-3.831713
604	32.875000	33.000000	E4	90	80	1	-2	-2.872099
605	33.000000	33.250000	C#4	90	80	0	1	-3.434905
606	33.000000	33.250000	E4	90	80	0	2	-3.493146
607	33.000000	33.250000	B3	90	80	1	-5	-3.713619
608	33.000000	33.250000	D4	90	80	1	-4	-4.139458
609	34.000000	34.125000	B4	90	80	0	4	-4.859095
610	34.000000	34.125000	D5	90	80	0	5	-3.402079
611	34.000000	34.125000	A4	90	80	1	-2	-3.734418
612	34.000000	34.125000	C#5	90	80	1	-1	-3.194227
613	34.125000	34.250000	A4	90	80	0	2	-3.071676
614	34.125000	34.250000	C#5	90	80	0	4	-3.522723
615	34.125000	34.250000	G#4	90	80	1	-2	-3.456527
616	34.125000	34.250000	B4	90	80	1	-1	-2.464298
617	34.250000	34.375000	G#4	90	80	0	2	-3.266530
618	34.250000	34.375000	B4	90	80	0	4	-3.580467
619	34.250000	34.375000	F#4	90	80	1	-2	-4.444474
620	34.250000	34.375000	A4	90	80	1	-1	-2.464298
621	34.375000	34.500000	F#4	90	80	0	2	-3.901124
622	34.375000	34.500000	A4	90	80	0	4	-3.580467
623	34.375000	34.500000	E4	90	80	1	-2	-3.456527
624	34.375000	34.500000	G#4	90	80	1	-1	-3.194227
625	34.500000	34.625000	E4	90	80	0	2	-3.266530
626	34.500000	34.625000	G#4	90	80	0	4	-3.522723
627	34.500000	34.625000	D4	90	80	1	-2	-5.875271
628	34.500000	34.625000	F#4	90	80	1	-1	-3.194227
629	34.625000	34.750000	D4	90	80	0	1	-3.845468
630	34.625000	34.750000	F#4	90	80	0	2	-3.275273
631	34.625000	34.750000	C#4	90	80	1	-2	-3.456527
632	34.625000	34.750000	E4	90	80	1	-1	-2.464298
633	34.750000	34.875000	C#4	90	80	0	1	-3.434905
634	34.750000	34.875000	E4	90	80	0	2	-3.493146
635	34.750000	34.875000	B3	90	80	1	-2	-3.456527
636	34.750000	34.875000	D4	90	80	1	-1	-2.415329
637	34.875000	35.000000	B3	90	80	0	1	-3.434905
638	34.875000	35.000000	D4	90	80	0	2	-2.525967
639	34.875000	35.000000	A3	90	80	1	-2	-3.456527
640	34.875000	35.000000	C#4	90	80	1	-1	-3.194227
641	35.000000	35.250000	A3	90	80	0	1	-3.434905
642	35.000000	35.250000	C#4	90	80	0	2	-3.275273
643	35.000000	35.250000	G#3	90	80	1	-2	-3.456527
644	35.000000	35.250000	B3	90	80	1	-1	-2.464298
645	36.000000	36.125000	G#4	90	80	0	4	-4.859095
646	36.000000	36.125000	B4	90	80	0	5	-3.871087
647	36.000000	36.125000	F#4	90	80	1	-2	-8.605581
648	36.000000	36.125000	A4	90	80	1	-1	-2.464298
649	36.125000	36.250000	F#4	90	80	0	3	-4.491606
650	36.125000	36.250000	A4	90	80	0	5	-3.635747
651	36.125000	36.250000	E4	90	80	1	-2	-3.456527
652	36.125000	36.250000	G#4	90	80	1	-1	-3.194227
653	36.250000	36.375000	E4	90	80	0	2	-3.071676
654	36.250000	36.375000	G#4	90	80	0	4	-3.522723
655	36.250000	36.375000	D4	90	80	1	-2	-5.875271
656	36.250000	36.375000	F#4	90	80	1	-1	-3.194227
657	36.375000	36.500000	D4	90	80	0	1	-3.845468
658	36.375000	36.500000	F#4	90	80	0	2	-3.275273
659	36.375000	36.500000	C#4	90	80	1	-2	-3.456527
660	36.375000	36.500000	E4	90	80	1	-1	-2.464298
661	36.500000	36.625000	C#4	90	80	0	1	-3.434905
662	36.500000	36.625000	E4	90	80	0	2	-3.493146
663	36.500000	36.625000	B3	90	80	1	-2	-3.456527
664	36.500000	36.625000	D4	90	80	1	-1	-2.415329
665	36.625000	36.750000	B3	90	80	0	1	-3.434905
666	36.625000	36.750000	D4	90	80	0	2	-2.525967
667	36.625000	36.750000	A3	90	80	1	-2	-3.456527
668	36.625000	36.750000	C#4	90	80	1	-1	-3.194227
669	36.750000	36.875000	A3	90	80	0	1	-3.434905
670	36.750000	36.875000	C#4	90	80	0	2	-3.275273
671	36.750000	36.875000	G#3	90	80	1	-2	-3.456527
672	36.750000	36.875000	B3	90	80	1	-1	-2.464298
673	36.875000	37.000000	G#3	90	80	0	1	-3.434905
674	36.875000	37.000000	B3	90	80	0	2	-3.493146
675	36.875000	37.000000	F#3	90	80	1	-3	-4.924354
676	36.875000	37.000000	A3	90	80	1	-2	-2.872099
677	37.000000	37.250000	F#3	90	80	0	1	-3.898407
678	37.000000	37.250000	A3	90	80	0	2	-3.493146
679	37.000000	37.250000	E3	90	80	1	-5	-3.713619
680	37.000000	37.250000	G#3	90	80	1	-4	-4.565377
681	38.000000	38.125000	E4	90	80	0	3	-6.082358
682	38.000000	38.125000	G#4	90	80	0	5	-3.549127
683	38.000000	38.125000	D4	90	80	1	-2	-4.383116
684	38.000000	38.125000	F#4	90	80	1	-1	-3.194227
685	38.125000	38.250000	D4	90	80	0	2	-4.646957
686	38.125000	38.250000	F#4	90	80	0	4	-3.522723
687	38.125000	38.250000	C#4	90	80	1	-2	-3.456527
688	38.125000	38.250000	E4	90	80	1	-1	-2.464298
689	38.250000	38.375000	C#4	90	80	0	2	-3.266530
690	38.250000	38.375000	E4	90	80	0	4	-3.580467
691	38.250000	38.375000	B3	90	80	1	-2	-3.456527
692	38.250000	38.375000	D4	90	80	1	-1	-2.415329
693	38.375000	38.500000	B3	90	80	0	2	-3.266530
694	38.375000	38.500000	D4	90	80	0	4	-2.758588
695	38.375000	38.500000	A3	90	80	1	-2	-3.456527
696	38.375000	38.500000	C#4	90	80	1	-1	-3.194227
697	38.500000	38.625000	A3	90	80	0	2	-3.266530
698	38.500000	38.625000	C#4	90	80	0	4	-3.522723
699	38.500000	38.625000	G#3	90	80	1	-2	-3.456527
700	38.500000	38.625000	B3	90	80	1	-1	-2.464298
701	38.625000	38.750000	G#3	90	80	0	2	-3.266530
702	38.625000	38.750000	B3	90	80	0	4	-3.580467
703	38.625000	38.750000	F#3	90	80	1	-2	-4.444474
704	38.625000	38.750000	A3	90	80	1	-1	-2.464298
705	38.750000	38.875000	F#3	90	80	0	2	-3.901124
706	38.750000	38.875000	A3	90	80	0	4	-3.580467
707	38.750000	38.875000	E3	90	80	1	-2	-3.456527
708	38.750000	38.875000	G#3	90	80	1	-1	-3.194227
709	38.875000	39.000000	E3	90	80	0	2	-3.266530
710	38.875000	39.000000	G#3	90	80	0	4	-3.522723
711	38.875000	39.000000	D3	90	80	1	-4	-6.237620
712	38.875000	39.000000	F#3	90	80	1	-2	-3.159098
713	39.000000	39.250000	D3	90	80	0	1	-3.845468
714	39.000000	39.250000	F#3	90	80	0	2	-3.275273
715	39.000000	39.250000	C#3	90	80	1	-5	-3.713619
716	39.000000	39.250000	E3	90	80	1	-4	-4.523458
717	40.000000	40.125000	C#4	90	80	0	4	-4.859095
718	40.000000	40.125000	E4	90	80	0	5	-3.871087
719	40.000000	40.125000	B3	90	80	1	-2	-3.734418
720	40.000000	40.125000	D4	90	80	1	-1	-2.415329
721	40.125000	40.250000	B3	90	80	0	2	-3.071676
722	40.125000	40.250000	D4	90	80	0	4	-2.758588
723	40.125000	40.250000	A3	90	80	1	-2	-3.456527
724	40.125000	40.250000	C#4	90	80	1	-1	-3.194227
725	40.250000	40.375000	A3	90	80	0	2	-3.266530
726	40.250000	40.375000	C#4	90	80	0	4	-3.522723
727	40.250000	40.375000	G#3	90	80	1	-2	-3.456527
728	40.250000	40.375000	B3	90	80	1	-1	-2.464298
729	40.375000	40.500000	G#3	90	80	0	2	-3.266530
730	40.375000	40.500000	B3	90	80	0	4	-3.580467
731	40.375000	40.500000	F#3	90	80	1	-2	-4.444474
732	40.375000	40.500000	A3	90	80	1	-1	-2.464298
733	40.500000	40.625000	F#3	90	80	0	2	-3.901124
734	40.500000	40.625000	A3	90	80	0	4	-3.580467
735	40.500000	40.625000	E3	90	80	1	-2	-3.456527
736	40.500000	40.625000	G#3	90	80	1	-1	-3.194227
737	40.625000	40.750000	E3	90	80	0	2	-3.266530
738	40.625000	40.750000	G#3	90	80	0	4	-3.522723
739	40.625000	40.750000	D3	90	80	1	-2	-5.875271
740	40.625000	40.750000	F#3	90	80	1	-1	-3.194227
741	40.750000	40.875000	D3	90	80	0	1	-3.845468
742	40.750000	40.875000	F#3	90	80	0	2	-3.275273
743	40.750000	40.875000	C#3	90	80	1	-3	-3.831713
744	40.750000	40.875000	E3	90	80	1	-2	-2.872099
745	40.875000	41.000000	C#3	90	80	0	1	-3.434905
746	40.875000	41.000000	E3	90	80	0	2	-3.493146
747	40.875000	41.000000	B2	90	80	1	-5	-3.713619
748	40.875000	41.000000	D3	90	80	1	-3	-3.170876
749	41.000000	41.250000	B2	90	80	0	1	-3.434905
750	41.000000	41.250000	D3	90	80	0	2	-2.525967
751	42.000000	42.125000	A5	90	80	0	3	-15.136964
752	42.000000	42.125000	C#6	90	80	0	5	-3.549127
753	42.000000	42.125000	G#5	90	80	1	-2	-6.480701
754	42.000000	42.125000	B5	90	80	1	-1	-2.464298
755	42.125000	42.250000	G#5	90	80	0	2	-3.071676
756	42.125000	42.250000	B5	90	80	0	4	-3.580467
757	42.125000	42.250000	F#5	90	80	1	-2	-4.444474
758	42.125000	42.250000	A5	90	80	1	-1	-2.464298
759	42.250000	42.375000	F#5	90	80	0	2	-3.901124
760	42.250000	42.375000	A5	90	80	0	4	-3.580467
761	42.250000	42.375000	E5	90	80	1	-2	-3.456527
762	42.250000	42.375000	G#5	90	80	1	-1	-3.194227
763	42.375000	42.500000	E5	90	80	0	2	-3.266530
764	42.375000	42.500000	G#5	90	80	0	4	-3.522723
765	42.375000	42.500000	D5	90	80	1	-2	-5.875271
766	42.375000	42.500000	F#5	90	80	1	-1	-3.194227
767	42.500000	42.625000	D5	90	80	0	1	-3.845468
768	42.500000	42.625000	F#5	90	80	0	2	-3.275273
769	42.500000	42.625000	C#5	90	80	1	-2	-3.456527
770	42.500000	42.625000	E5	90	80	1	-1	-2.464298
771	42.625000	42.750000	C#5	90	80	0	1	-3.434905
772	42.625000	42.750000	E5	90	80	0	2	-3.493146
773	42.625000	42.750000	B4	90	80	1	-2	-3.456527
774	42.625000	42.750000	D5	90	80	1	-1	-2.415329
775	42.750000	42.875000	B4	90	80	0	1	-3.434905
776	42.750000	42.875000	D5	90	80	0	2	-2.525967
777	42.750000	42.875000	A4	90	80	1	-2	-3.456527
778	42.750000	42.875000	C#5	90	80	1	-1	-3.194227
779	42.875000	43.000000	A4	90	80	0	1	-3.434905
780	42.875000	43.000000	C#5	90	80	0	2	-3.275273
781	42.875000	43.000000	G#4	90	80	1	-2	-3.456527
782	42.875000	43.000000	B4	90	80	1	-1	-2.464298
783	43.000000	43.250000	G#4	90	80	0	1	-3.434905
784	43.000000	43.250000	B4	90	80	0	2	-3.493146
785	43.000000	43.250000	F#4	90	80	1	-2	-4.444474
786	43.000000	43.250000	A4	90	80	1	-1	-2.464298
787	44.000000	44.125000	F#5	90	80	0	4	-7.148284
788	44.000000	44.125000	A5	90	80	0	5	-3.871087
789	44.000000	44.125000	E5	90	80	1	-2	-6.730551
790	44.000000	44.125000	G#5	90	80	1	-1	-3.194227
791	44.125000	44.250000	E5	90	80	0	2	-3.071676
792	44.125000	44.250000	G#5	90	80	0	4	-3.522723
793	44.125000	44.250000	D5	90	80	1	-2	-5.875271
794	44.125000	44.250000	F#5	90	80	1	-1	-3.194227
795	44.250000	44.375000	D5	90	80	0	1	-3.845468
796	44.250000	44.375000	F#5	90	80	0	2	-3.275273
797	44.250000	44.375000	C#5	90	80	1	-2	-3.456527
798	44.250000	44.375000	E5	90	80	1	-1	-2.464298
799	44.375000	44.500000	C#5	90	80	0	1	-3.434905
800	44.375000	44.500000	E5	90	80	0	2	-3.493146
801	44.375000	44.500000	B4	90	80	1	-2	-3.456527
802	44.375000	44.500000	D5	90	80	1	-1	-2.415329
803	44.500000	44.625000	B4	90	80	0	1	-3.434905
804	44.500000	44.625000	D5	90	80	0	2	-2.525967
805	44.500000	44.625000	A4	90	80	1	-2	-3.456527
806	44.500000	44.625000	C#5	90	80	1	-1	-3.194227
807	44.625000	44.750000	A4	90	80	0	1	-3.434905
808	44.625000	44.750000	C#5	90	80	0	2	-3.275273
809	44.625000	44.750000	G#4	90	80	1	-2	-3.456527
810	44.625000	44.750000	B4	90	80	1	-1	-2.464298
811	44.750000	44.875000	G#4	90	80	0	1	-3.434905
812	44.750000	44.875000	B4	90	80	0	2	-3.493146
813	44.750000	44.875000	F#4	90	80	1	-2	-4.444474
814	44.750000	44.875000	A4	90	80	1	-1	-2.464298
815	44.875000	45.000000	F#4	90	80	0	1	-3.898407
816	44.875000	45.000000	A4	90	80	0	2	-3.493146
817	44.875000	45.000000	E4	90	80	1	-4	-4.223116
818	44.875000	45.000000	G#4	90	80	1	-2	-3.159098
819	45.000000	45.250000	E4	90	80	0	1	-3.434905
820	45.000000	45.250000	G#4	90	80	0	2	-3.275273
821	45.000000	45.250000	D4	90	80	1	-5	-5.017302
822	45.000000	45.250000	F#4	90	80	1	-4	-4.565377
823	46.000000	46.125000	D5	90	80	0	4	-5.030376
824	46.000000	46.125000	F#5	90	80	0	5	-4.855940
825	46.000000	46.125000	C#5	90	80	1	-2	-3.734418
826	46.000000	46.125000	E5	90	80	1	-1	-2.464298
827	46.125000	46.250000	C#5	90	80	0	2	-3.071676
828	46.125000	46.250000	E5	90	80	0	4	-3.580467
829	46.125000	46.250000	B4	90	80	1	-2	-3.456527
830	46.125000	46.250000	D5	90	80	1	-1	-2.415329
831	46.250000	46.375000	B4	90	80	0	2	-3.266530
832	46.250000	46.375000	D5	90	80	0	4	-2.758588
833	46.250000	46.375000	A4	90	80	1	-2	-3.456527
834	46.250000	46.375000	C#5	90	80	1	-1	-3.194227
835	46.375000	46.500000	A4	90	80	0	2	-3.266530
836	46.375000	46.500000	C#5	90	80	0	4	-3.522723
837	46.375000	46.500000	G#4	90	80	1	-2	-3.456527
838	46.375000	46.500000	B4	90	80	1	-1	-2.464298
839	46.500000	46.625000	G#4	90	80	0	2	-3.266530
840	46.500000	46.625000	B4	90	80	0	4	-3.580467
841	46.500000	46.625000	F#4	90	80	1	-2	-4.444474
842	46.500000	46.625000	A4	90	80	1	-1	-2.464298
843	46.625000	46.750000	F#4	90	80	0	2	-3.901124
844	46.625000	46.750000	A4	90	80	0	4	-3.580467
845	46.625000	46.750000	E4	90	80	1	-2	-3.456527
846	46.625000	46.750000	G#4	90	80	1	-1	-3.194227
847	46.750000	46.875000	E4	90	80	0	2	-3.266530
848	46.750000	46.875000	G#4	90	80	0	4	-3.522723
849	46.750000	46.875000	D4	90	80	1	-2	-5.875271
850	46.750000	46.875000	F#4	90	80	1	-1	-3.194227
851	46.875000	47.000000	D4	90	80	0	1	-3.845468
852	46.875000	47.000000	F#4	90	80	0	2	-3.275273
853	46.875000	47.000000	C#4	90	80	1	-3	-3.831713
854	46.875000	47.000000	E4	90	80	1	-2	-2.872099
855	47.000000	47.250000	C#4	90	80	0	1	-3.434905
856	47.000000	47.250000	E4	90	80	0	2	-3.493146
857	47.000000	47.250000	B3	90	80	1	-5	-3.713619
858	47.000000	47.250000	D4	90	80	1	-4	-4.139458
859	48.000000	48.125000	B4	90	80	0	4	-4.859095
860	48.000000	48.125000	D5	90	80	0	5	-3.402079
861	48.000000	48.125000	A4	90	80	1	-2	-3.734418
862	48.000000	48.125000	C#5	90	80	1	-1	-3.194227
863	48.125000	48.250000	A4	90	80	0	2	-3.071676
864	48.125000	48.250000	C#5	90	80	0	4	-3.522723
865	48.125000	48.250000	G#4	90	80	1	-2	-3.456527
866	48.125000	48.250000	B4	90	80	1	-1	-2.464298
867	48.250000	48.375000	G#4	90	80	0	2	-3.266530
868	48.250000	48.375000	B4	90	80	0	4	-3.580467
869	48.250000	48.375000	F#4	90	80	1	-2	-4.444474
870	48.250000	48.375000	A4	90	80	1	-1	-2.464298
871	48.375000	48.500000	F#4	90	80	0	2	-3.901124
872	48.375000	48.500000	A4	90	80	0	4	-3.580467
873	48.375000	48.500000	E4	90	80	1	-2	-3.456527
874	48.375000	48.500000	G#4	90	80	1	-1	-3.194227
875	48.500000	48.625000	E4	90	80	0	2	-3.266530
876	48.500000	48.625000	G#4	90	80	0	4	-3.522723
877	48.500000	48.625000	D4	90	80	1	-2	-5.875271
878	48.500000	48.625000	F#4	90	80	1	-1	-3.194227
879	48.625000	48.750000	D4	90	80	0	1	-3.845468
880	48.625000	48.750000	F#4	90	80	0	2	-3.275273
881	48.625000	48.750000	C#4	90	80	1	-2	-3.456527
882	48.625000	48.750000	E4	90	80	1	-1	-2.464298
883	48.750000	48.875000	C#4	90	80	0	1	-3.434905
884	48.750000	48.875000	E4	90	80	0	2	-3.493146
885	48.750000	48.875000	B3	90	80	1	-2	-3.456527
886	48.750000	48.875000	D4	90	80	1	-1	-2.415329
887	48.875000	49.000000	B3	90	80	0	1	-3.434905
888	48.875000	49.000000	D4	90	80	0	2	-2.525967
889	48.875000	49.000000	A3	90	80	1	-2	-3.456527
890	48.875000	49.000000	C#4	90	80	1	-1	-3.194227
891	49.000000	49.250000	A3	90	80	0	1	-3.434905
892	49.000000	49.250000	C#4	90	80	0	2	-3.275273
893	49.000000	49.250000	G#3	90	80	1	-2	-3.456527
894	49.000000	49.250000	B3	90	80	1	-1	-2.464298
895	50.000000	50.125000	G#4	90	80	0	4	-4.859095
896	50.000000	50.125000	B4	90	80	0	5	-3.871087
897	50.000000	50.125000	F#4	90	80	1	-2	-8.605581
898	50.000000	50.125000	A4	90	80	1	-1	-2.464298
899	50.125000	50.250000	F#4	90	80	0	3	-4.491606
900	50.125000	50.250000	A4	90	80	0	5	-3.635747
901	50.125000	50.250000	E4	90	80	1	-2	-3.456527
902	50.125000	50.250000	G#4	90	80	1	-1	-3.194227
903	50.250000	50.375000	E4	90	80	0	2	-3.071676
904	50.250000	50.375000	G#4	90	80	0	4	-3.522723
905	50.250000	50.375000	D4	90	80	1	-2	-5.875271
906	50.250000	50.375000	F#4	90	80	1	-1	-3.194227
907	50.375000	50.500000	D4	90	80	0	1	-3.845468
908	50.375000	50.500000	F#4	90	80	0	2	-3.275273
909	50.375000	50.500000	C#4	90	80	1	-2	-3.456527
910	50.375000	50.500000	E4	90	80	1	-1	-2.464298
911	50.500000	50.625000	C#4	90	80	0	1	-3.434905
912	50.500000	50.625000	E4	90	80	0	2	-3.493146
913	50.500000	50.625000	B3	90	80	1	-2	-3.456527
914	50.500000	50.625000	D4	90	80	1	-1	-2.415329
915	50.625000	50.750000	B3	90	80	0	1	-3.434905
916	50.625000	50.750000	D4	90	80	0	2	-2.525967
917	50.625000	50.750000	A3	90	80	1	-2	-3.456527
918	50.625000	50.750000	C#4	90	80	1	-1	-3.194227
919	50.750000	50.875000	A3	90	80	0	1	-3.434905
920	50.750000	50.875000	C#4	90	80	0	2	-3.275273
921	50.750000	50.875000	G#3	90	80	1	-2	-3.456527
922	50.750000	50.875000	B3	90	80	1	-1	-2.464298
923	50.875000	51.000000	G#3	90	80	0	1	-3.434905
924	50.875000	51.000000	B3	90	80	0	2	-3.493146
925	50.875000	51.000000	F#3	90	80	1	-3	-4.924354
926	50.875000	51.000000	A3	90	80	1	-2	-2.872099
927	51.000000	51.250000	F#3	90	80	0	1	-3.898407
928	51.000000	51.250000	A3	90	80	0	2	-3.493146
929	51.000000	51.250000	E3	90	80	1	-5	-3.713619
930	51.000000	51.250000	G#3	90	80	1	-4	-4.565377
931	52.000000	52.125000	E4	90	80	0	3	-6.082358
932	52.000000	52.125000	G#4	90	80	0	5	-3.549127
933	52.000000	52.125000	D4	90	80	1	-2	-4.383116
934	52.000000	52.125000	F#4	90	80	1	-1	-3.194227
935	52.125000	52.250000	D4	90	80	0	2	-4.646957
936	52.125000	52.250000	F#4	90	80	0	4	-3.522723
937	52.125000	52.250000	C#4	90	80	1	-2	-3.456527
938	52.125000	52.250000	E4	90	80	1	-1	-2.464298
939	52.250000	52.375000	C#4	90	80	0	2	-3.266530
940	52.250000	52.375000	E4	90	80	0	4	-3.580467
941	52.250000	52.375000	B3	90	80	1	-2	-3.456527
942	52.250000	52.375000	D4	90	80	1	-1	-2.415329
943	52.375000	52.500000	B3	90	80	0	2	-3.266530
944	52.375000	52.500000	D4	90	80	0	4	-2.758588
945	52.375000	52.500000	A3	90	80	1	-2	-3.456527
946	52.375000	52.500000	C#4	90	80	1	-1	-3.194227
947	52.500000	52.625000	A3	90	80	0	2	-3.266530
948	52.500000	52.625000	C#4	90	80	0	4	-3.522723
949	52.500000	52.625000	G#3	90	80	1	-2	-3.456527
950	52.500000	52.625000	B3	90	80	1	-1	-2.464298
951	52.625000	52.750000	G#3	90	80	0	2	-3.266530
952	52.625000	52.750000	B3	90	80	0	4	-3.580467
953	52.625000	52.750000	F#3	90	80	1	-2	-4.444474
954	52.625000	52.750000	A3	90	80	1	-1	-2.464298
955	52.750000	52.875000	F#3	90	80	0	2	-3.901124
956	52.750000	52.875000	A3	90	80	0	4	-3.580467
957	52.750000	52.875000	E3	90	80	1	-2	-3.456527
958	52.750000	52.875000	G#3	90	80	1	-1	-3.194227
959	52.875000	53.000000	E3	90	80	0	2	-3.266530
960	52.875000	53.000000	G#3	90	80	0	4	-3.522723
961	52.875000	53.000000	D3	90	80	1	-4	-6.237620
962	52.875000	53.000000	F#3	90	80	1	-2	-3.159098
963	53.000000	53.250000	D3	90	80	0	1	-3.845468
964	53.000000	53.250000	F#3	90	80	0	2	-3.275273
965	53.000000	53.250000	C#3	90	80	1	-5	-3.713619
966	53.000000	53.250000	E3	90	80	1	-4	-4.523458
967	54.000000	54.125000	C#4	90	80	0	4	-4.859095
968	54.000000	54.125000	E4	90	80	0	5	-3.871087
969	54.000000	54.125000	B3	90	80	1	-2	-3.734418
970	54.000000	54.125000	D4	90	80	1	-1	-2.415329
971	54.125000	54.250000	B3	90	80	0	2	-3.071676
972	54.125000	54.250000	D4	90	80	0	4	-2.758588
973	54.125000	54.250000	A3	90	80	1	-2	-3.456527
974	54.125000	54.250000	C#4	90	80	1	-1	-3.194227
975	54.250000	54.375000	A3	90	80	0	2	-3.266530
976	54.250000	54.375000	C#4	90	80	0	4	-3.522723
977	54.250000	54.375000	G#3	90	80	1	-2	-3.456527
978	54.250000	54.375000	B3	90	80	1	-1	-2.464298
979	54.375000	54.500000	G#3	90	80	0	2	-3.266530
980	54.375000	54.500000	B3	90	80	0	4	-3.580467
981	54.375000	54.500000	F#3	90	80	1	-2	-4.444474
982	54.375000	54.500000	A3	90	80	1	-1	-2.464298
983	54.500000	54.625000	F#3	90	80	0	2	-3.901124
984	54.500000	54.625000	A3	90	80	0	4	-3.580467
985	54.500000	54.625000	E3	90	80	1	-2	-3.456527
986	54.500000	54.625000	G#3	90	80	1	-1	-3.194227
987	54.625000	54.750000	E3	90	80	0	2	-3.266530
988	54.625000	54.750000	G#3	90	80	0	4	-3.522723
989	54.625000	54.750000	D3	90	80	1	-2	-5.875271
990	54.625000	54.750000	F#3	90	80	1	-1	-3.194227
991	54.750000	54.875000	D3	90	80	0	1	-3.845468
992	54.750000	54.875000	F#3	90	80	0	2	-3.275273
993	54.750000	54.875000	C#3	90	80	1	-2	-3.456527
994	54.750000	54.875000	E3	90	80	1	-1	-2.464298
995	54.875000	55.000000	C#3	90	80	0	1	-3.434905
996	54.875000	55.000000	E3	90	80	0	2	-3.493146
997	54.875000	55.000000	B2	90	80	1	-2	-3.456527
998	54.875000	55.000000	D3	90	80	1	-1	-2.415329
999	55.000000	55.250000	B2	90	80	0	1	-3.434905
1000	55.000000	55.250000	D3	90	80	0	2	-2.525967
