//Version: PianoFingering_v170101
1	0.000000	0.500000	E4	90	80	0	1	-0.925785
2	0.000000	0.500000	G#4	90	80	0	2	-3.275273
3	0.000000	0.500000	C#5	90	80	0	5	-3.228870
4	0.000000	0.500000	C#2	63	80	1	-5	-0.504576
5	0.750000	1.000000	C#4	90	80	0	1	-1.922714
6	0.750000	1.000000	G#4	90	80	0	3	-3.751952
7	0.750000	1.000000	B4	90	80	0	5	-3.635747
8	0.750000	1.000000	C#3	63	80	1	-2	-5.035265
9	1.000000	1.500000	C#4	90	80	0	1	-3.521239
10	1.000000	1.500000	F#4	90	80	0	2	-2.963617
11	1.000000	1.500000	A4	90	80	0	4	-3.580467
12	1.000000	1.500000	F#3	63	80	1	-1	-2.320150
13	1.750000	2.000000	C#4	90	80	0	1	-3.577835
14	1.750000	2.000000	E4	90	80	0	2	-3.493146
15	1.750000	2.000000	G#4	90	80	0	4	-3.522723
16	1.750000	2.000000	C#3	63	80	1	-2	-3.456527
17	2.000000	2.500000	C#4	90	80	0	1	-2.857522
18	2.000000	2.500000	E4	90	80	0	2	-3.493146
19	2.000000	2.500000	F##4	90	80	0	4	-2.758588
20	2.000000	2.500000	A2	63	80	1	-1	-6.695584
21	2.500000	3.000000	B#3	90	80	0	1	-2.857522
22	2.500000	3.000000	D#4	90	80	0	2	-3.246278
23	2.500000	3.000000	G#4	90	80	0	4	-2.909306
24	2.500000	3.000000	G#2	63	80	1	-2	-3.720116
25	4.000000	4.500000	E4	90	80	0	1	-4.866697
26	4.000000	4.500000	G#4	90	80	0	2	-3.275273
27	4.000000	4.500000	C#5	90	80	0	5	-3.228870
28	4.000000	4.500000	C#2	45	80	1	-5	-3.155341
29	4.750000	5.000000	C#4	90	80	0	1	-1.922714
30	4.750000	5.000000	G#4	90	80	0	3	-3.751952
31	4.750000	5.000000	B4	90	80	0	5	-3.635747
32	4.750000	5.000000	C#3	45	80	1	-2	-5.035265
33	5.000000	5.500000	C#4	90	80	0	1	-3.521239
34	5.000000	5.500000	F#4	90	80	0	2	-2.963617
35	5.000000	5.500000	A4	90	80	0	4	-3.580467
36	5.000000	5.500000	F#3	45	80	1	-1	-2.320150
37	5.750000	6.000000	C#4	90	80	0	1	-3.577835
38	5.750000	6.000000	E4	90	80	0	2	-3.493146
39	5.750000	6.000000	G#4	90	80	0	4	-3.522723
40	5.750000	6.000000	C#3	45	80	1	-2	-3.456527
41	6.000000	6.500000	C#4	90	80	0	1	-2.857522
42	6.000000	6.500000	E4	90	80	0	2	-3.493146
43	6.000000	6.500000	F##4	90	80	0	4	-2.758588
44	6.000000	6.500000	A2	45	80	1	-4	-4.761119
45	6.500000	7.000000	B#3	90	80	0	1	-2.857522
46	6.500000	7.000000	D#4	90	80	0	2	-3.246278
47	6.500000	7.000000	G#4	90	80	0	4	-2.909306
48	6.500000	7.000000	G#2	45	80	1	-5	-5.527356
49	8.000000	9.000000	G#5	45	80	0	3	-7.355404
50	8.000000	8.250000	C#3	45	80	1	-5	-5.427640
51	8.250000	8.500000	G#3	45	80	1	-3	-3.416097
52	8.500000	8.750000	E4	45	80	1	-1	-3.687814
53	8.750000	9.000000	C#4	45	80	1	-2	-3.299403
54	9.000000	10.000000	F#5	45	80	0	2	-2.287533
55	9.000000	9.250000	C#3	45	80	1	-5	-4.896649
56	9.250000	9.500000	A3	45	80	1	-2	-4.203307
57	9.500000	9.750000	D#4	45	80	1	-1	-5.267467
58	9.750000	10.000000	C#4	45	80	1	-2	-2.745489
59	10.000000	11.000000	G#5	45	80	0	3	-2.675961
60	10.000000	10.250000	C#3	45	80	1	-5	-4.896649
61	10.250000	10.500000	G#3	45	80	1	-3	-3.416097
62	10.500000	10.750000	E4	45	80	1	-1	-3.687814
63	10.750000	11.000000	C#4	45	80	1	-2	-3.299403
64	11.000000	12.000000	C#5	45	80	0	1	-3.310457
65	11.000000	11.250000	C#3	45	80	1	-5	-4.896649
66	11.250000	11.500000	G#3	45	80	1	-3	-3.416097
67	11.500000	11.750000	E4	45	80	1	-1	-3.687814
68	11.750000	12.000000	C#4	45	80	1	-2	-3.299403
69	12.000000	13.375000	C#6	45	80	0	5	-2.242366
70	12.000000	12.250000	C#3	45	80	1	-5	-4.896649
71	12.250000	12.500000	G#3	45	80	1	-3	-3.416097
72	12.500000	12.750000	E#4	45	80	1	-1	-4.531747
73	12.750000	13.000000	C#4	45	80	1	-2	-4.444474
74	13.000000	13.250000	C#3	45	80	1	-5	-4.896649
75	13.250000	13.500000	G#3	45	80	1	-3	-3.416097
76	13.375000	13.500000	B5	45	80	0	4	-4.503222
77	13.500000	13.666667	C#6	45	80	0	5	-4.070264
78	13.500000	13.750000	E#4	45	80	1	-1	-4.531747
79	13.666667	13.833333	B5	45	80	0	4	-4.503222
80	13.750000	14.000000	C#4	45	80	1	-2	-4.444474
81	13.833333	14.000000	A5	45	80	0	3	-2.238713
82	14.000000	15.000000	A5	58	80	0	3	-4.378151
83	14.000000	14.250000	D#3	45	80	1	-5	-5.361122
84	14.250000	14.500000	A3	45	80	1	-3	-5.278707
85	14.500000	14.750000	F#4	45	80	1	-1	-4.469532
86	14.750000	15.000000	C#4	45	80	1	-2	-3.456527
87	15.000000	15.250000	D#3	45	80	1	-5	-5.361122
88	15.250000	15.500000	A3	45	80	1	-3	-5.278707
89	15.500000	15.750000	F#4	45	80	1	-1	-4.469532
90	15.750000	16.000000	C#4	45	80	1	-2	-3.456527
91	16.000000	17.000000	G#5	45	80	0	2	-3.151465
92	16.000000	16.250000	B#2	45	80	1	-5	-7.627411
93	16.250000	16.500000	G#3	45	80	1	-4	-5.762335
94	16.500000	16.750000	F#4	45	80	1	-1	-4.427076
95	16.750000	17.000000	D#4	45	80	1	-2	-3.291596
96	17.000000	18.000000	D#5	45	80	0	1	-3.434905
97	17.000000	17.250000	B#2	45	80	1	-5	-7.236706
98	17.250000	17.500000	G#3	45	80	1	-4	-5.762335
99	17.500000	17.750000	F#4	45	80	1	-1	-4.427076
100	17.750000	18.000000	D#4	45	80	1	-2	-3.291596
101	18.000000	19.000000	E5	45	80	0	2	-5.579477
102	18.000000	18.250000	C#3	45	80	1	-5	-5.751967
103	18.250000	18.500000	G#3	45	80	1	-3	-3.416097
104	18.500000	18.750000	E4	45	80	1	-1	-3.687814
105	18.750000	19.000000	C#4	45	80	1	-2	-3.299403
106	19.000000	19.500000	F#5	45	80	0	4	-4.064995
107	19.000000	19.250000	A2	45	80	1	-5	-6.744398
108	19.250000	19.500000	D#3	45	80	1	-5	-7.597455
109	19.500000	20.000000	C#5	45	80	0	2	-3.266530
110	19.500000	19.750000	C#4	45	80	1	-1	-3.610078
111	19.750000	20.000000	F#3	45	80	1	-4	-3.752799
112	20.000000	21.500000	D#5	45	80	0	3	-2.675961
113	20.000000	20.250000	G#2	45	80	1	-5	-6.195431
114	20.250000	20.500000	D#3	45	80	1	-4	-4.864358
115	20.500000	21.000000	C#4	45	80	1	-1	-4.427076
116	20.750000	21.000000	D#3	45	80	1	-5	-3.181034
117	21.000000	21.250000	G#2	45	80	1	-5	-6.147898
118	21.250000	21.500000	D#3	45	80	1	-3	-3.416097
119	21.500000	21.750000	D#5	45	80	0	3	-4.378151
120	21.500000	21.750000	B#3	45	80	1	-1	-4.531747
121	21.500000	21.750000	B#3	45	80	1	-1	-4.426668
122	21.750000	22.000000	C#5	45	80	0	2	-2.287533
123	21.750000	22.000000	A#3	45	80	1	-2	-3.299403
124	21.750000	22.000000	A#3	45	80	1	-1	-4.535716
125	22.000000	23.000000	D#5	45	80	0	3	-2.675961
126	22.000000	22.250000	G#2	45	80	1	-5	-3.842215
127	22.250000	22.500000	D#3	45	80	1	-3	-3.416097
128	22.500000	23.000000	B#3	45	80	1	-1	-4.531747
129	22.750000	23.000000	G#3	45	80	1	-2	-4.444474
130	23.000000	23.250000	G#2	45	80	1	-5	-4.896649
131	23.250000	23.500000	D#3	45	80	1	-3	-3.416097
132	23.500000	24.000000	G#4	63	80	0	1	-3.310457
133	23.500000	23.750000	B#3	63	80	1	-1	-4.531747
134	23.750000	24.000000	F#3	63	80	1	-2	-5.099885
135	24.000000	25.000000	G#5	63	80	0	5	-2.242366
136	24.000000	24.250000	C#3	63	80	1	-5	-3.713619
137	24.250000	24.750000	G#3	63	80	1	-3	-3.416097
138	24.500000	24.750000	E4	63	80	1	-1	-3.687814
139	24.750000	25.000000	C#4	63	80	1	-2	-3.299403
140	25.000000	26.000000	F#5	63	80	0	4	-2.814339
141	25.000000	25.250000	C#3	63	80	1	-5	-4.896649
142	25.250000	25.750000	F#3	63	80	1	-3	-3.463793
143	25.500000	25.750000	D#4	63	80	1	-1	-4.439870
144	25.750000	26.000000	C#4	63	80	1	-2	-2.745489
145	26.000000	27.000000	G#5	63	80	0	5	-2.706622
146	26.000000	26.250000	C#3	63	80	1	-5	-4.896649
147	26.250000	26.750000	G#3	63	80	1	-3	-3.416097
148	26.500000	26.750000	E4	63	80	1	-1	-3.687814
149	26.750000	27.000000	C#4	63	80	1	-2	-3.299403
150	27.000000	27.500000	C#5	63	80	0	1	-3.425130
151	27.000000	27.250000	C#3	63	80	1	-5	-4.896649
152	27.250000	27.500000	G#3	63	80	1	-3	-3.416097
153	27.500000	28.000000	C#6	63	80	0	5	-2.242366
154	27.500000	27.750000	E4	63	80	1	-1	-3.687814
155	27.750000	28.000000	C#4	63	80	1	-2	-3.299403
156	28.000000	28.166667	C#7	63	80	0	4	-8.213823
157	28.000000	28.250000	C#3	63	80	1	-5	-4.896649
158	28.166667	28.333333	D7	63	80	0	5	-3.684684
159	28.250000	28.500000	G#3	63	80	1	-3	-3.416097
160	28.333333	28.500000	B6	63	80	0	3	-3.509161
161	28.500000	28.666667	A6	63	80	0	2	-2.287533
162	28.500000	28.750000	E#4	63	80	1	-1	-4.531747
163	28.666667	28.833333	G#6	63	80	0	1	-4.846711
164	28.750000	29.000000	B3	63	80	1	-2	-4.659581
165	28.833333	29.000000	F#6	63	80	0	3	-4.737465
166	29.000000	29.125000	E#6	63	80	0	2	-2.803601
167	29.000000	29.250000	C#3	63	80	1	-5	-5.408155
168	29.125000	29.250000	D6	63	80	0	1	-3.157580
169	29.250000	29.333333	C#6	63	80	0	3	-4.859211
170	29.250000	29.500000	G#3	63	80	1	-3	-3.416097
171	29.333333	29.416667	B5	63	80	0	2	-3.286699
172	29.416667	29.500000	A5	63	80	0	1	-2.609267
173	29.500000	29.583333	G#5	63	80	0	4	-6.559871
174	29.500000	29.750000	E#4	63	80	1	-1	-4.531747
175	29.583333	29.666667	F#5	63	80	0	3	-2.238713
176	29.666667	29.750000	E#5	63	80	0	2	-2.803601
177	29.750000	29.833333	D5	63	80	0	1	-3.157580
178	29.750000	30.000000	B3	63	80	1	-2	-4.659581
179	29.833333	29.916667	C#5	63	80	0	2	-4.284147
180	29.916667	30.000000	B4	63	80	0	1	-3.360143
181	30.000000	31.500000	A4	63	80	0	3	-4.737465
182	30.000000	30.250000	F#3	63	80	1	-4	-4.647576
183	30.250000	30.500000	A3	63	80	1	-3	-4.235223
184	30.500000	30.750000	F#4	63	80	1	-1	-4.469532
185	30.750000	31.000000	C#4	63	80	1	-2	-3.456527
186	31.000000	31.250000	A3	63	80	1	-1	-6.695584
187	31.250000	31.500000	F#3	63	80	1	-2	-3.299403
188	31.500000	31.750000	A3	63	80	1	-1	-2.464298
189	31.750000	32.000000	C#3	63	80	1	-2	-6.294886
190	32.000000	33.000000	D4	63	80	0	1	-3.310457
191	32.000000	32.250000	F#2	63	80	1	-5	-3.155341
192	32.250000	32.500000	D3	63	80	1	-2	-4.203307
193	32.500000	32.750000	A3	63	80	1	-1	-4.047397
194	32.750000	33.000000	F#3	63	80	1	-2	-3.299403
195	33.000000	33.750000	D5	63	80	0	4	-3.867317
196	33.000000	33.250000	F#2	63	80	1	-5	-4.896649
197	33.250000	33.500000	D3	63	80	1	-2	-4.203307
198	33.500000	33.750000	A3	63	80	1	-1	-4.047397
199	33.750000	34.000000	C#5	63	80	0	3	-3.226506
200	33.750000	34.000000	F#3	63	80	1	-2	-3.299403
201	34.000000	34.750000	B#4	63	80	0	2	-2.803601
202	34.000000	34.250000	F#2	63	80	1	-5	-4.896649
203	34.250000	34.500000	D#3	63	80	1	-2	-4.349399
204	34.500000	34.750000	A3	63	80	1	-1	-4.366821
205	34.750000	34.812500	B4	63	80	0	1	-2.609267
206	34.750000	35.000000	F#3	63	80	1	-2	-3.299403
207	34.812500	34.875000	C5	63	80	0	2	-2.867384
208	34.875000	34.937500	C#5	63	80	0	3	-3.190537
209	34.937500	35.000000	D#5	63	80	0	4	-2.883688
210	35.000000	35.500000	E5	63	80	0	5	-3.684684
211	35.000000	35.250000	F##2	63	80	1	-5	-5.509717
212	35.250000	35.500000	E3	63	80	1	-4	-6.359022
213	35.500000	35.750000	D#5	63	80	0	4	-3.640665
214	35.500000	35.750000	C#4	63	80	1	-1	-4.244654
215	35.750000	36.000000	C#5	63	80	0	3	-2.238713
216	35.750000	36.000000	A3	63	80	1	-2	-4.597368
217	36.000000	36.250000	G#4	126	80	0	2	-5.150975
218	36.000000	36.250000	G#2	126	80	1	-5	-6.959460
219	36.250000	36.500000	E3	126	80	1	-4	-6.683330
220	36.500000	37.500000	A4	127	80	0	3	-3.686981
221	36.500000	36.750000	C#4	126	80	1	-1	-4.244654
222	36.750000	37.000000	G#3	126	80	1	-2	-3.456527
223	37.000000	37.250000	G#2	126	80	1	-5	-4.896649
224	37.250000	37.500000	D#3	126	80	1	-3	-3.416097
225	37.500000	38.000000	G#4	126	80	0	2	-3.151465
226	37.500000	37.750000	B#3	126	80	1	-1	-4.531747
227	37.750000	38.000000	F#3	126	80	1	-2	-5.099885
228	38.000000	39.000000	C#4	127	80	0	1	-4.740672
229	38.000000	38.250000	C#3	126	80	1	-5	-3.713619
230	38.250000	38.500000	G#3	126	80	1	-2	-2.554480
231	38.500000	38.750000	E3	126	80	1	-1	-6.695584
232	38.750000	39.000000	D#3	126	80	1	-2	-3.720116
233	39.000000	39.250000	C#3	126	80	1	-3	-2.891080
234	39.250000	39.500000	E3	126	80	1	-1	-3.288065
235	39.500000	39.750000	D#3	126	80	1	-2	-3.720116
236	39.750000	40.000000	C#3	126	80	1	-3	-2.891080
237	40.000000	40.500000	E4	45	80	0	2	-3.493146
238	40.000000	40.250000	A2	45	80	1	-5	-3.859206
239	40.250000	40.500000	E3	45	80	1	-3	-3.416097
240	40.500000	40.625000	F#4	45	80	0	3	-3.409656
241	40.500000	40.750000	C#4	45	80	1	-1	-4.469532
242	40.625000	40.750000	G#4	45	80	0	4	-2.883688
243	40.750000	40.875000	A4	45	80	0	1	-5.276270
244	40.750000	41.000000	A3	45	80	1	-2	-4.597368
245	40.875000	41.000000	B4	45	80	0	2	-2.867384
246	41.000000	41.166667	C#5	45	80	0	3	-3.409656
247	41.000000	41.250000	A2	45	80	1	-5	-4.896649
248	41.166667	41.333333	D5	45	80	0	4	-3.868143
249	41.250000	41.500000	E3	45	80	1	-4	-4.864358
250	41.333333	41.500000	C#5	45	80	0	3	-3.226506
251	41.500000	42.000000	B4	45	80	0	2	-3.286699
252	41.500000	41.750000	D4	45	80	1	-1	-4.427076
253	41.750000	42.000000	G#3	45	80	1	-2	-5.099885
254	42.000000	42.250000	E5	45	80	0	5	-3.228870
255	42.000000	42.250000	A2	45	80	1	-5	-5.509717
256	42.250000	42.375000	D5	45	80	0	4	-2.814339
257	42.250000	42.500000	E3	45	80	1	-3	-3.416097
258	42.375000	42.500000	C#5	45	80	0	3	-3.226506
259	42.500000	42.750000	B4	45	80	0	2	-3.286699
260	42.500000	42.750000	C#4	45	80	1	-1	-4.469532
261	42.750000	43.000000	A4	45	80	0	1	-2.609267
262	42.750000	43.000000	A3	45	80	1	-2	-4.597368
263	43.000000	43.166667	C#5	45	80	0	2	-3.275273
264	43.000000	43.250000	A2	45	80	1	-5	-4.896649
265	43.166667	43.333333	D5	45	80	0	3	-3.686981
266	43.250000	43.500000	E3	45	80	1	-4	-4.864358
267	43.333333	43.500000	C#5	45	80	0	2	-3.151465
268	43.500000	44.000000	B4	45	80	0	1	-3.360143
269	43.500000	43.750000	D4	45	80	1	-1	-4.427076
270	43.750000	44.000000	G#3	45	80	1	-2	-5.099885
271	44.000000	44.500000	D5	90	80	0	2	-2.525967
272	44.000000	44.500000	E5	90	80	0	3	-2.675961
273	44.000000	44.250000	A2	45	80	1	-5	-5.509717
274	44.250000	44.500000	E3	45	80	1	-5	-5.954471
275	44.500000	44.875000	D5	90	80	0	2	-2.287533
276	44.500000	44.875000	E5	90	80	0	3	-2.675961
277	44.500000	44.750000	E4	45	80	1	-1	-1.202832
278	44.750000	45.000000	G#3	45	80	1	-2	-6.294886
279	44.875000	45.000000	D5	90	80	0	2	-2.287533
280	44.875000	45.000000	E5	90	80	0	3	-2.675961
281	45.000000	45.500000	C#5	90	80	0	2	-3.032881
282	45.000000	45.500000	E5	90	80	0	3	-3.265372
283	45.000000	45.250000	A2	45	80	1	-5	-5.509717
284	45.250000	45.500000	E3	45	80	1	-5	-5.954471
285	45.500000	46.000000	E5	90	80	0	2	-4.935872
286	45.500000	46.000000	C#6	90	80	0	5	-4.989350
287	45.500000	45.750000	E4	45	80	1	-1	-1.202832
288	45.750000	46.000000	A3	45	80	1	-5	-3.242781
289	46.000000	46.375000	D5	90	80	0	1	-3.885272
290	46.000000	46.375000	B5	90	80	0	5	-3.707830
291	46.000000	46.250000	A2	45	80	1	-5	-5.870600
292	46.250000	46.500000	E3	45	80	1	-5	-5.954471
293	46.375000	46.500000	C#5	90	80	0	1	-3.521239
294	46.375000	46.500000	A5	90	80	0	4	-4.832705
295	46.500000	46.875000	D5	90	80	0	1	-2.857522
296	46.500000	46.875000	B5	90	80	0	5	-3.707830
297	46.500000	46.750000	E4	45	80	1	-1	-1.202832
298	46.750000	47.000000	G#3	45	80	1	-2	-6.294886
299	46.875000	47.000000	E5	90	80	0	2	-3.263552
300	46.875000	47.000000	C#6	90	80	0	5	-4.989350
301	47.000000	48.000000	C#5	90	80	0	1	-1.922714
302	47.000000	48.000000	A5	90	80	0	5	-4.655217
303	47.000000	47.250000	A2	45	80	1	-5	-5.509717
304	47.250000	47.500000	E3	45	80	1	-3	-3.416097
305	47.500000	47.750000	C#4	45	80	1	-1	-4.469532
306	47.750000	48.000000	A3	45	80	1	-2	-4.597368
307	48.000000	48.250000	C#4	45	80	0	1	-6.440580
308	48.000000	48.250000	F#2	45	80	1	-5	-6.177855
309	48.250000	48.375000	D#4	45	80	0	2	-2.867384
310	48.250000	48.500000	C#3	45	80	1	-3	-3.416097
311	48.375000	48.500000	E#4	45	80	0	1	-5.162135
312	48.500000	48.750000	F#4	45	80	0	2	-3.900292
313	48.500000	48.750000	A3	45	80	1	-1	-3.687814
314	48.750000	49.000000	G#4	45	80	0	3	-2.675961
315	48.750000	49.000000	F#3	45	80	1	-2	-3.299403
316	49.000000	49.166667	A4	45	80	0	4	-3.868143
317	49.000000	49.250000	F#2	45	80	1	-5	-4.896649
318	49.166667	49.333333	B4	45	80	0	5	-2.706622
319	49.250000	49.500000	C#3	45	80	1	-3	-3.416097
320	49.333333	49.500000	A4	45	80	0	4	-2.814339
321	49.500000	50.000000	G#4	45	80	0	3	-3.226506
322	49.500000	49.750000	B3	45	80	1	-1	-4.531747
323	49.750000	50.000000	E#3	45	80	1	-2	-3.456527
324	50.000000	50.250000	C#5	45	80	0	5	-3.128600
325	50.000000	50.250000	F#2	45	80	1	-5	-6.076302
326	50.250000	50.375000	B4	45	80	0	4	-4.503222
327	50.250000	50.500000	C#3	45	80	1	-3	-3.416097
328	50.375000	50.500000	A4	45	80	0	3	-2.238713
329	50.500000	50.750000	G#4	45	80	0	2	-3.151465
330	50.500000	50.750000	B3	45	80	1	-1	-4.531747
331	50.750000	51.000000	C#4	45	80	0	1	-4.740672
332	50.750000	51.000000	E#3	45	80	1	-2	-3.456527
333	51.000000	51.166667	A4	45	80	0	3	-5.327229
334	51.000000	51.250000	F#2	45	80	1	-5	-6.076302
335	51.166667	51.333333	B4	45	80	0	4	-2.883688
336	51.250000	51.500000	C#3	45	80	1	-3	-3.416097
337	51.333333	51.500000	A4	45	80	0	3	-2.238713
338	51.500000	52.000000	F#4	45	80	0	2	-3.032881
339	51.500000	51.750000	A3	45	80	1	-1	-3.687814
340	51.750000	52.000000	F#3	45	80	1	-2	-3.299403
341	52.000000	52.500000	F#4	90	80	0	2	-4.554564
342	52.000000	52.500000	G#4	90	80	0	3	-2.675961
343	52.000000	52.250000	G#2	63	80	1	-5	-5.361122
344	52.250000	52.500000	D#3	63	80	1	-3	-3.416097
345	52.500000	52.875000	F#4	90	80	0	2	-2.287533
346	52.500000	52.875000	G#4	90	80	0	3	-2.675961
347	52.500000	52.750000	B#3	63	80	1	-1	-4.531747
348	52.750000	53.000000	G#3	63	80	1	-2	-4.444474
349	52.875000	53.000000	F#4	90	80	0	2	-2.287533
350	52.875000	53.000000	G#4	90	80	0	3	-2.675961
351	53.000000	53.500000	E4	90	80	0	1	-3.996553
352	53.000000	53.500000	G#4	90	80	0	2	-3.275273
353	53.000000	53.250000	C#3	63	80	1	-5	-3.155341
354	53.250000	53.500000	E3	63	80	1	-3	-4.282909
355	53.500000	54.000000	G#4	90	80	0	2	-4.554564
356	53.500000	54.000000	E5	90	80	0	5	-3.857051
357	53.500000	53.750000	C#4	63	80	1	-1	-4.469532
358	53.750000	54.000000	G#3	63	80	1	-2	-3.456527
359	54.000000	54.375000	F#4	90	80	0	1	-3.521239
360	54.000000	54.375000	D#5	90	80	0	5	-3.707830
361	54.000000	54.250000	G#2	63	80	1	-5	-4.896649
362	54.250000	54.500000	D#3	63	80	1	-3	-3.416097
363	54.375000	54.500000	E4	90	80	0	1	-3.885272
364	54.375000	54.500000	C#5	90	80	0	4	-4.568866
365	54.500000	54.875000	F#4	90	80	0	1	-2.857522
366	54.500000	54.875000	D#5	90	80	0	5	-3.707830
367	54.500000	54.750000	B#3	63	80	1	-1	-4.531747
368	54.750000	55.000000	G#3	63	80	1	-2	-4.444474
369	54.875000	55.000000	G#4	90	80	0	2	-3.263552
370	54.875000	55.000000	E5	90	80	0	5	-3.857051
371	55.000000	56.000000	E4	90	80	0	1	-1.922714
372	55.000000	56.000000	C#5	90	80	0	4	-4.568866
373	55.000000	55.250000	D#3	63	80	1	-4	-4.045906
374	55.250000	55.500000	E3	63	80	1	-3	-4.267903
375	55.500000	55.750000	C#4	63	80	1	-1	-4.469532
376	55.750000	56.000000	G#3	63	80	1	-2	-3.456527
377	56.000000	56.500000	C#5	126	80	0	3	-5.185589
378	56.000000	56.250000	A2	126	80	1	-5	-5.509717
379	56.250000	56.500000	D#3	126	80	1	-5	-7.597455
380	56.500000	56.750000	B#4	126	80	0	2	-2.803601
381	56.500000	56.750000	C#4	126	80	1	-1	-3.610078
382	56.750000	57.000000	C#5	126	80	0	3	-3.190537
383	56.750000	57.000000	F##3	126	80	1	-2	-5.875271
384	57.000000	57.750000	E5	126	80	0	5	-3.635747
385	57.000000	57.250000	G#2	126	80	1	-5	-6.076302
386	57.250000	57.500000	D#3	126	80	1	-3	-3.416097
387	57.500000	57.750000	B#3	126	80	1	-1	-4.531747
388	57.750000	58.000000	D#5	126	80	0	4	-3.640665
389	57.750000	58.000000	G#3	126	80	1	-2	-4.444474
390	58.000000	58.375000	D#4	45	80	0	1	-3.627794
391	58.000000	58.250000	A2	45	80	1	-5	-5.509717
392	58.250000	58.500000	D#3	45	80	1	-5	-7.597455
393	58.375000	58.500000	C#5	45	80	0	4	-4.869085
394	58.500000	58.750000	C#5	51	80	0	3	-5.185589
395	58.500000	58.750000	D#4	45	80	1	-1	-1.202832
396	58.750000	59.000000	C#5	51	80	0	3	-4.378151
397	58.750000	59.000000	F##3	45	80	1	-3	-5.904641
398	59.000000	59.250000	B#4	45	80	0	2	-2.803601
399	59.000000	59.250000	G#2	45	80	1	-5	-6.301508
400	59.250000	60.000000	D#5	58	80	0	3	-3.409656
401	59.250000	59.500000	D#3	45	80	1	-3	-3.416097
402	59.500000	59.750000	B#3	45	80	1	-1	-4.531747
403	59.750000	60.000000	G#3	45	80	1	-2	-4.444474
404	60.000000	60.166667	G#4	45	80	0	1	-3.310457
405	60.000000	60.250000	C##3	45	80	1	-5	-5.017302
406	60.166667	60.333333	A#4	45	80	0	4	-5.307440
407	60.250000	60.500000	E#3	45	80	1	-3	-3.170876
408	60.333333	60.500000	G#4	45	80	0	3	-2.238713
409	60.500000	60.750000	F##4	45	80	0	2	-2.803601
410	60.500000	60.750000	B3	45	80	1	-1	-2.717521
411	60.750000	61.000000	E#4	45	80	0	1	-2.609267
412	60.750000	61.000000	G#3	45	80	1	-2	-3.299403
413	61.000000	61.750000	E#4	45	80	0	3	-5.268790
414	61.000000	61.250000	D#3	45	80	1	-4	-4.045906
415	61.250000	61.500000	G#3	45	80	1	-2	-2.507290
416	61.500000	61.750000	B#3	45	80	1	-1	-3.262923
417	61.750000	62.000000	D#4	45	80	0	2	-3.032881
418	61.750000	62.000000	G##3	45	80	1	-2	-3.291596
419	62.000000	62.375000	D#4	45	80	0	1	-4.802885
420	62.000000	62.250000	D#3	45	80	1	-5	-6.076302
421	62.250000	62.500000	A#3	45	80	1	-3	-3.416097
422	62.375000	62.500000	C#5	45	80	0	5	-4.284649
423	62.500000	62.875000	E#4	45	80	0	1	-3.738292
424	62.500000	62.750000	C#4	45	80	1	-2	-3.046717
425	62.750000	63.000000	D#4	45	80	1	-1	-2.578439
426	62.875000	63.000000	F##4	45	80	0	2	-2.867384
427	63.000000	63.250000	G#4	45	80	0	1	-6.745114
428	63.000000	63.166667	G#2	45	80	1	-5	-4.212346
429	63.166667	63.333333	D#3	45	80	1	-3	-3.416097
430	63.333333	63.500000	G#3	45	80	1	-2	-3.936874
431	63.375000	63.500000	G#5	45	80	0	5	-2.242366
432	63.500000	64.250000	B#4	45	80	0	1	-3.738292
433	63.500000	64.250000	B#3	45	80	1	-1	-3.262923
434	64.250000	64.500000	C#5	45	80	0	4	-5.465822
435	64.250000	64.500000	G#3	45	80	1	-2	-4.444474
436	64.500000	66.500000	D#5	63	80	0	5	-2.706622
437	64.500000	65.000000	A2	63	80	1	-5	-5.509717
438	65.000000	65.166667	D#3	63	80	1	-3	-5.669550
439	65.166667	65.333333	F##3	63	80	1	-2	-4.126498
440	65.333333	65.500000	D#4	63	80	1	-1	-6.027486
441	65.500000	66.000000	C#4	63	80	1	-2	-2.745489
442	66.000000	66.166667	G#2	63	80	1	-5	-5.564816
443	66.166667	66.333333	D#3	63	80	1	-3	-3.416097
444	66.333333	66.500000	G#3	63	80	1	-2	-3.936874
445	66.500000	67.250000	B#3	76	80	1	-1	-3.262923
446	67.250000	67.500000	G#3	63	80	1	-2	-4.444474
447	67.500000	68.000000	D#2	63	80	1	-5	-5.564816
448	68.000000	68.166667	D#3	63	80	1	-4	-4.924626
449	68.166667	68.333333	F##3	63	80	1	-2	-2.871001
450	68.333333	68.500000	B#3	63	80	1	-1	-2.320150
451	68.500000	69.000000	C#5	63	80	0	4	-2.814339
452	68.500000	69.000000	A#3	63	80	1	-2	-3.299403
453	69.000000	71.000000	D#5	63	80	0	5	-2.706622
454	69.000000	69.166667	G#2	63	80	1	-5	-5.751967
455	69.166667	69.333333	D#3	63	80	1	-3	-3.416097
456	69.333333	69.500000	G#3	63	80	1	-2	-3.936874
457	69.500000	70.250000	B#3	76	80	1	-1	-3.262923
458	70.250000	70.500000	G#3	63	80	1	-2	-4.444474
459	70.500000	71.000000	A2	63	80	1	-5	-5.509717
460	71.000000	71.166667	D#3	63	80	1	-3	-5.669550
461	71.166667	71.333333	F##3	63	80	1	-2	-4.126498
462	71.333333	71.500000	D#4	63	80	1	-1	-6.027486
463	71.500000	72.000000	C#4	63	80	1	-2	-2.745489
464	72.000000	72.166667	G#2	63	80	1	-5	-5.564816
465	72.166667	72.333333	D#3	63	80	1	-3	-3.416097
466	72.333333	72.500000	G#3	63	80	1	-2	-3.936874
467	72.500000	73.250000	B#3	63	80	1	-1	-3.262923
468	73.250000	73.500000	G#3	63	80	1	-2	-4.444474
469	73.500000	74.000000	D#2	63	80	1	-5	-5.564816
470	74.000000	74.166667	D#3	63	80	1	-4	-4.924626
471	74.166667	74.333333	F##3	63	80	1	-2	-2.871001
472	74.333333	74.500000	B#3	63	80	1	-1	-2.320150
473	74.500000	75.000000	C#4	63	80	0	1	-3.460971
474	74.500000	75.000000	A#3	63	80	1	-2	-3.299403
475	75.000000	77.000000	D#4	63	80	0	2	-2.867384
476	75.000000	75.166667	G#2	63	80	1	-5	-5.751967
477	75.166667	75.333333	D#3	63	80	1	-3	-3.416097
478	75.333333	75.500000	G#3	63	80	1	-2	-3.936874
479	75.500000	76.250000	B#3	63	80	1	-1	-3.262923
480	76.250000	76.500000	G#3	63	80	1	-2	-4.444474
481	76.500000	77.000000	D#2	63	80	1	-5	-5.564816
482	77.000000	77.166667	D#3	63	80	1	-4	-4.924626
483	77.166667	77.333333	F##3	63	80	1	-2	-2.871001
484	77.333333	77.500000	B#3	63	80	1	-1	-2.320150
485	77.500000	78.000000	A#3	63	80	1	-2	-3.299403
486	78.000000	78.166667	G#2	63	80	1	-5	-5.751967
487	78.166667	78.333333	D#3	63	80	1	-3	-3.416097
488	78.333333	78.500000	G#3	63	80	1	-2	-3.936874
489	78.500000	79.250000	B#3	63	80	1	-1	-3.262923
490	79.250000	79.500000	G#3	63	80	1	-2	-4.444474
491	79.500000	80.000000	D#2	63	80	1	-5	-5.564816
492	80.000000	80.166667	D#3	63	80	1	-4	-4.924626
493	80.166667	80.333333	F##3	63	80	1	-2	-2.871001
494	80.333333	80.500000	B#3	63	80	1	-1	-2.320150
495	80.500000	81.000000	A#3	63	80	1	-2	-3.299403
496	81.000000	81.500000	G#1	63	80	1	-5	-6.177855
497	81.166667	81.333333	D#3	63	80	1	-4	-5.094177
498	81.333333	81.500000	B#3	63	80	1	-1	-4.387723
499	81.500000	81.666667	G#3	63	80	1	-2	-4.444474
500	81.666667	81.833333	B#3	63	80	1	-1	-3.262923
501	81.833333	82.000000	D#4	63	80	0	2	-4.554564
502	82.000000	82.166667	B#4	63	80	0	5	-4.457166
503	82.166667	82.333333	G#4	63	80	0	1	-6.049767
504	82.333333	82.500000	B#4	63	80	0	2	-3.465862
505	82.500000	82.666667	D#5	63	80	0	3	-3.409656
506	82.666667	82.833333	G#5	63	80	0	1	-5.548003
507	82.833333	83.000000	B#5	63	80	0	2	-3.465862
508	83.000000	84.000000	G#6	63	80	0	5	-4.848026
509	84.500000	85.000000	G#4	63	80	0	1	-6.163296
510	85.000000	86.000000	G#5	63	80	0	5	-2.242366
511	85.000000	85.250000	C#3	63	80	1	-5	-4.582913
512	85.250000	85.500000	G#3	63	80	1	-3	-3.416097
513	85.500000	85.750000	E4	63	80	1	-1	-3.687814
514	85.750000	86.000000	C#4	63	80	1	-2	-3.299403
515	86.000000	87.000000	F#5	63	80	0	4	-2.814339
516	86.000000	86.250000	C#3	63	80	1	-5	-4.896649
517	86.250000	86.500000	A3	63	80	1	-2	-4.203307
518	86.500000	86.750000	D#4	63	80	1	-1	-5.267467
519	86.750000	87.000000	C#4	63	80	1	-2	-2.745489
520	87.000000	88.000000	G#5	63	80	0	5	-2.706622
521	87.000000	87.250000	C#3	63	80	1	-5	-4.896649
522	87.250000	87.500000	G#3	63	80	1	-3	-3.416097
523	87.500000	87.750000	E4	63	80	1	-1	-3.687814
524	87.750000	88.000000	C#4	63	80	1	-2	-3.299403
525	88.000000	88.500000	C#5	63	80	0	1	-3.425130
526	88.000000	88.250000	A2	63	80	1	-5	-6.744398
527	88.250000	88.500000	G#3	63	80	1	-1	-5.964413
528	88.500000	89.000000	C#6	63	80	0	5	-2.242366
529	88.500000	88.750000	E4	63	80	1	-4	-6.237620
530	88.750000	89.000000	C#4	63	80	1	-1	-6.154130
531	89.000000	89.166667	C#7	126	80	0	4	-8.213823
532	89.000000	89.250000	C#3	126	80	1	-5	-2.314770
533	89.166667	89.333333	D7	126	80	0	5	-3.684684
534	89.250000	89.500000	G#3	126	80	1	-3	-3.416097
535	89.333333	89.500000	B6	126	80	0	3	-3.509161
536	89.500000	89.666667	A6	126	80	0	2	-2.287533
537	89.500000	89.750000	E#4	126	80	1	-1	-4.531747
538	89.666667	89.833333	G#6	126	80	0	1	-4.846711
539	89.750000	90.000000	B3	126	80	1	-2	-4.659581
540	89.833333	90.000000	F#6	126	80	0	3	-4.737465
541	90.000000	90.125000	E#6	126	80	0	2	-2.803601
542	90.000000	90.250000	C#3	126	80	1	-5	-5.408155
543	90.125000	90.250000	D6	126	80	0	1	-3.157580
544	90.250000	90.333333	C#6	126	80	0	3	-4.859211
545	90.250000	90.500000	G#3	126	80	1	-3	-3.416097
546	90.333333	90.416667	B5	126	80	0	2	-3.286699
547	90.416667	90.500000	A5	126	80	0	1	-2.609267
548	90.500000	90.583333	G#5	126	80	0	4	-6.559871
549	90.500000	90.750000	E#4	126	80	1	-1	-4.531747
550	90.583333	90.666667	F#5	126	80	0	3	-2.238713
551	90.666667	90.750000	E#5	126	80	0	2	-2.803601
552	90.750000	90.833333	D5	126	80	0	1	-3.157580
553	90.750000	91.000000	B3	126	80	1	-2	-4.659581
554	90.833333	90.916667	C#5	126	80	0	3	-4.859211
555	90.916667	91.000000	B4	126	80	0	2	-3.286699
556	91.000000	92.000000	A4	63	80	0	1	-2.609267
557	91.000000	91.250000	F#2	63	80	1	-5	-5.273430
558	91.250000	91.500000	C#3	63	80	1	-3	-3.416097
559	91.500000	91.750000	A3	63	80	1	-1	-3.687814
560	91.750000	92.000000	F#3	63	80	1	-2	-3.299403
561	92.000000	93.000000	A5	63	80	0	5	-2.242366
562	92.000000	92.250000	F#2	63	80	1	-5	-4.896649
563	92.250000	92.500000	C#3	63	80	1	-3	-3.416097
564	92.500000	92.750000	A3	63	80	1	-1	-3.687814
565	92.750000	93.000000	F#3	63	80	1	-2	-3.299403
566	93.000000	94.000000	G#5	63	80	0	4	-3.640665
567	93.000000	93.250000	B#2	63	80	1	-5	-5.017302
568	93.250000	93.500000	F#3	63	80	1	-3	-5.669550
569	93.500000	93.750000	D#4	63	80	1	-1	-4.439870
570	93.750000	94.000000	G#3	63	80	1	-2	-4.659581
571	94.000000	95.000000	D#5	63	80	0	2	-3.266530
572	94.000000	94.250000	B#2	63	80	1	-5	-4.626444
573	94.250000	94.500000	F#3	63	80	1	-3	-5.669550
574	94.500000	94.750000	D#4	63	80	1	-1	-4.439870
575	94.750000	95.000000	G#3	63	80	1	-2	-4.659581
576	95.000000	96.000000	E5	63	80	0	3	-3.686981
577	95.000000	95.250000	C#3	63	80	1	-5	-3.155341
578	95.250000	95.500000	E3	63	80	1	-3	-4.282909
579	95.500000	95.750000	C#4	63	80	1	-1	-4.469532
580	95.750000	96.000000	G#3	63	80	1	-2	-3.456527
581	96.000000	96.500000	F#5	69	80	0	5	-3.990232
582	96.000000	96.250000	A2	63	80	1	-5	-5.509717
583	96.250000	96.500000	D#3	63	80	1	-5	-7.597455
584	96.500000	97.000000	C#5	69	80	0	2	-3.071676
585	96.500000	96.750000	C#4	63	80	1	-1	-3.610078
586	96.750000	97.000000	F#3	63	80	1	-4	-3.752799
587	97.000000	97.166667	D#5	63	80	0	3	-2.675961
588	97.000000	97.250000	G#2	63	80	1	-5	-6.195431
589	97.166667	97.333333	E5	63	80	0	4	-3.868143
590	97.250000	97.500000	D#3	63	80	1	-4	-4.864358
591	97.333333	97.500000	D#5	63	80	0	3	-3.226506
592	97.500000	97.666667	C##5	63	80	0	2	-2.803601
593	97.500000	97.750000	C#4	63	80	1	-1	-4.427076
594	97.666667	97.833333	D#5	63	80	0	3	-3.190537
595	97.750000	98.000000	F#3	63	80	1	-4	-3.752799
596	97.833333	98.000000	E5	63	80	0	1	-4.595018
597	98.000000	98.083333	F#5	63	80	0	2	-3.246278
598	98.000000	98.250000	G#2	63	80	1	-5	-6.195431
599	98.083333	98.166667	G#5	63	80	0	3	-2.675961
600	98.166667	98.250000	A5	63	80	0	1	-4.595018
601	98.250000	98.375000	A#5	63	80	0	2	-3.900292
602	98.250000	98.500000	D#3	63	80	1	-3	-3.416097
603	98.375000	98.500000	B5	63	80	0	1	-4.072488
604	98.500000	98.583333	B#5	63	80	0	2	-2.867384
605	98.500000	98.750000	B#3	63	80	1	-1	-4.531747
606	98.583333	98.666667	C#6	63	80	0	3	-3.190537
607	98.666667	98.750000	C##6	63	80	0	1	-4.595018
608	98.750000	98.833333	D#6	63	80	0	2	-3.900292
609	98.750000	99.000000	G#3	63	80	1	-2	-4.444474
610	98.833333	98.916667	E6	63	80	0	1	-4.072488
611	98.916667	99.000000	F#6	63	80	0	2	-3.246278
612	99.000000	100.000000	E6	63	80	0	1	-3.360143
613	99.000000	99.250000	F##2	63	80	1	-5	-7.627411
614	99.250000	99.500000	E3	63	80	1	-4	-6.359022
615	99.500000	99.750000	C#4	63	80	1	-1	-4.244654
616	99.750000	100.000000	A#3	63	80	1	-2	-3.291596
617	100.000000	100.500000	D#6	63	80	0	4	-6.559871
618	100.000000	100.250000	F##2	63	80	1	-5	-7.236706
619	100.250000	100.500000	D#3	63	80	1	-4	-5.762335
620	100.500000	101.000000	C#6	63	80	0	3	-2.238713
621	100.500000	100.750000	C#4	63	80	1	-1	-4.427076
622	100.750000	101.000000	A#3	63	80	1	-2	-3.291596
623	101.000000	101.500000	B#5	63	80	0	2	-2.803601
624	101.000000	101.250000	G#2	63	80	1	-5	-5.751967
625	101.250000	101.500000	D#3	63	80	1	-3	-3.416097
626	101.500000	102.000000	A5	63	80	0	1	-3.157580
627	101.500000	101.750000	B#3	63	80	1	-1	-4.531747
628	101.750000	102.000000	F#3	63	80	1	-2	-5.099885
629	102.000000	102.500000	G#5	63	80	0	2	-4.284147
630	102.000000	102.250000	B#2	63	80	1	-5	-5.017302
631	102.250000	102.500000	F#3	63	80	1	-3	-5.669550
632	102.500000	103.000000	D#5	63	80	0	1	-3.434905
633	102.500000	102.750000	D#4	63	80	1	-1	-4.439870
634	102.750000	103.000000	G#3	63	80	1	-2	-4.659581
635	103.000000	103.500000	E5	63	80	0	2	-5.579477
636	103.000000	103.250000	C#3	63	80	1	-5	-3.155341
637	103.250000	103.500000	E3	63	80	1	-3	-4.282909
638	103.500000	103.750000	F#5	63	80	0	3	-3.409656
639	103.500000	103.750000	C#4	63	80	1	-1	-4.469532
640	103.750000	104.000000	G#5	63	80	0	4	-2.883688
641	103.750000	104.000000	G#3	63	80	1	-2	-3.456527
642	104.000000	104.500000	F#5	63	80	0	3	-2.238713
643	104.000000	104.250000	A2	63	80	1	-5	-5.509717
644	104.250000	104.500000	D#3	63	80	1	-5	-7.597455
645	104.500000	105.000000	C#5	63	80	0	1	-2.905888
646	104.500000	104.750000	C#4	63	80	1	-1	-3.610078
647	104.750000	105.000000	F#3	63	80	1	-4	-3.752799
648	105.000000	107.000000	D#5	63	80	0	2	-2.867384
649	105.000000	105.250000	G#2	63	80	1	-5	-6.195431
650	105.250000	105.500000	D#3	63	80	1	-4	-4.864358
651	105.500000	105.750000	C#4	63	80	1	-1	-4.427076
652	105.750000	106.000000	F#3	63	80	1	-4	-3.752799
653	106.000000	106.250000	G#2	63	80	1	-5	-6.195431
654	106.250000	106.500000	D#3	63	80	1	-3	-3.416097
655	106.500000	106.750000	B#3	63	80	1	-1	-4.531747
656	106.750000	107.000000	F#3	63	80	1	-2	-5.099885
657	107.000000	108.000000	C#5	63	80	0	1	-2.609267
658	107.000000	107.250000	C#3	63	80	1	-5	-3.713619
659	107.250000	107.500000	G#3	63	80	1	-3	-3.416097
660	107.500000	107.750000	E4	63	80	1	-1	-3.687814
661	107.750000	108.000000	C#4	63	80	1	-2	-3.299403
662	108.000000	108.055208	D#5	63	80	0	2	-2.867384
663	108.000000	108.250000	C#3	63	80	1	-5	-4.896649
664	108.055208	108.110417	E5	63	80	0	1	-4.072488
665	108.110417	108.165625	F#5	63	80	0	2	-3.246278
666	108.165625	108.220833	G#5	63	80	0	3	-2.675961
667	108.220833	108.276042	A5	63	80	0	1	-4.595018
668	108.250000	108.500000	F#3	63	80	1	-3	-3.463793
669	108.276042	108.331250	B5	63	80	0	2	-2.867384
670	108.331250	108.386458	C#6	63	80	0	3	-3.409656
671	108.386458	108.441667	D#6	63	80	0	4	-2.883688
672	108.441667	108.496875	C#6	63	80	0	3	-2.238713
673	108.496875	108.552083	B5	63	80	0	2	-3.286699
674	108.500000	108.750000	D#4	63	80	1	-1	-4.439870
675	108.552083	108.607292	A5	69	80	0	1	-2.609267
676	108.607292	108.662500	G#5	69	80	0	3	-4.859211
677	108.662500	108.717708	F#5	69	80	0	2	-2.287533
678	108.717708	108.772917	E5	69	80	0	1	-3.360143
679	108.750000	109.000000	C#4	63	80	1	-2	-2.745489
680	108.772917	108.828125	D#5	69	80	0	3	-4.859211
681	108.828125	108.883333	C#5	69	80	0	2	-2.287533
682	108.883333	108.938542	B4	69	80	0	1	-3.360143
683	108.938542	108.993750	A4	69	80	0	3	-4.737465
684	109.000000	110.000000	G#4	63	80	0	2	-3.151465
685	109.000000	109.250000	C#3	63	80	1	-5	-4.896649
686	109.250000	109.500000	G#3	63	80	1	-3	-3.416097
687	109.500000	109.750000	E4	63	80	1	-1	-3.687814
688	109.750000	110.000000	C#4	63	80	1	-2	-3.299403
689	110.000000	110.028125	A4	76	80	0	1	-4.072488
690	110.000000	110.250000	C#3	63	80	1	-5	-4.896649
691	110.028125	110.056250	B4	63	80	0	2	-2.867384
692	110.056250	110.084375	C#5	63	80	0	3	-3.409656
693	110.084375	110.112500	D#5	63	80	0	4	-2.883688
694	110.112500	110.140625	E5	63	80	0	1	-10.276270
695	110.140625	110.168750	F#5	63	80	0	2	-3.246278
696	110.168750	110.196875	G#5	63	80	0	3	-2.675961
697	110.196875	110.225000	A5	63	80	0	4	-3.868143
698	110.225000	110.253125	B5	63	80	0	5	-2.706622
699	110.250000	110.500000	F#3	63	80	1	-3	-3.463793
700	110.253125	110.281250	C#6	63	80	0	1	-12.108616
701	110.281250	110.309375	D#6	63	80	0	2	-2.867384
702	110.309375	110.337500	E6	63	80	0	3	-3.686981
703	110.337500	110.365625	F#6	63	80	0	4	-4.476680
704	110.365625	110.393750	G#6	63	80	0	5	-2.706622
705	110.393750	110.421875	A6	63	80	0	1	-11.616309
706	110.421875	110.450000	B6	63	80	0	2	-2.867384
707	110.450000	110.478125	C#7	63	80	0	3	-3.409656
708	110.478125	110.506250	D#7	63	80	0	4	-2.883688
709	110.500000	110.750000	D#4	63	80	1	-1	-4.439870
710	110.506250	110.534375	C#7	63	80	0	3	-2.238713
711	110.534375	110.562500	B6	63	80	0	2	-3.286699
712	110.562500	110.590625	A6	63	80	0	1	-2.609267
713	110.590625	110.618750	G#6	63	80	0	3	-9.859211
714	110.618750	110.646875	F#6	63	80	0	2	-2.287533
715	110.646875	110.675000	E6	63	80	0	1	-3.360143
716	110.675000	110.703125	D#6	63	80	0	4	-11.559871
717	110.703125	110.731250	C#6	63	80	0	3	-2.238713
718	110.731250	110.759375	B5	63	80	0	2	-3.286699
719	110.750000	111.000000	C#4	63	80	1	-2	-2.745489
720	110.759375	110.787500	A5	63	80	0	1	-2.609267
721	110.787500	110.815625	G#5	63	80	0	3	-9.859211
722	110.815625	110.843750	F#5	63	80	0	2	-2.287533
723	110.843750	110.871875	E5	63	80	0	1	-3.360143
724	110.871875	110.900000	D#5	63	80	0	4	-11.559871
725	110.900000	110.928125	C#5	63	80	0	3	-2.238713
726	110.928125	110.956250	B4	63	80	0	2	-3.286699
727	110.956250	110.984375	A4	63	80	0	1	-2.609267
728	111.000000	112.000000	G#4	63	80	0	2	-4.284147
729	111.000000	111.250000	C#3	63	80	1	-5	-4.896649
730	111.250000	111.500000	G#3	63	80	1	-3	-3.416097
731	111.500000	111.750000	E4	63	80	1	-1	-3.687814
732	111.750000	112.000000	C#4	63	80	1	-2	-3.299403
733	112.000000	112.090625	A4	63	80	0	1	-4.072488
734	112.000000	112.250000	C#3	63	80	1	-5	-4.896649
735	112.090625	112.181250	B4	63	80	0	2	-2.867384
736	112.181250	112.271875	C#5	63	80	0	3	-3.409656
737	112.250000	112.500000	F#3	63	80	1	-3	-3.463793
738	112.271875	112.362500	D#5	63	80	0	4	-2.883688
739	112.362500	112.453125	E5	63	80	0	1	-5.276270
740	112.453125	112.543750	F#5	63	80	0	2	-3.246278
741	112.500000	112.750000	D#4	63	80	1	-1	-4.439870
742	112.543750	112.634375	E5	69	80	0	1	-3.360143
743	112.634375	112.725000	D#5	69	80	0	3	-4.859211
744	112.725000	112.815625	C#5	69	80	0	2	-2.287533
745	112.750000	113.000000	C#4	63	80	1	-2	-2.745489
746	112.815625	112.906250	B4	69	80	0	1	-3.360143
747	112.906250	112.996875	A4	69	80	0	3	-4.737465
748	113.000000	117.000000	G#4	45	80	0	2	-3.151465
749	113.000000	113.250000	C#3	45	80	1	-5	-4.896649
750	113.250000	113.500000	G#3	45	80	1	-3	-3.416097
751	113.500000	114.000000	E4	45	80	1	-1	-3.687814
752	113.500000	113.750000	E4	45	80	1	-1	-4.426668
753	113.750000	114.000000	C#4	45	80	1	-2	-3.299403
754	114.000000	114.250000	C#3	45	80	1	-5	-4.896649
755	114.250000	114.500000	F#3	45	80	1	-3	-3.463793
756	114.500000	115.000000	D#4	45	80	1	-1	-4.439870
757	114.500000	114.750000	D#4	45	80	1	-2	-4.675782
758	114.750000	115.000000	C#4	45	80	1	-1	-4.644141
759	115.000000	115.250000	C#3	45	80	1	-5	-2.314770
760	115.250000	115.500000	G#3	45	80	1	-3	-3.416097
761	115.500000	116.000000	E4	45	80	1	-1	-3.687814
762	115.500000	115.750000	E4	45	80	1	-1	-4.426668
763	115.750000	116.000000	C#4	45	80	1	-2	-3.299403
764	116.000000	116.250000	C#3	45	80	1	-5	-4.896649
765	116.250000	116.500000	F#3	45	80	1	-3	-3.463793
766	116.500000	117.000000	D#4	45	80	1	-1	-4.439870
767	116.500000	116.750000	D#4	45	80	1	-2	-4.675782
768	116.750000	117.000000	C#4	45	80	1	-1	-4.644141
769	117.000000	117.750000	G#4	45	80	0	1	-4.802885
770	117.000000	117.250000	C#3	45	80	1	-5	-2.314770
771	117.250000	117.500000	G#3	45	80	1	-3	-3.416097
772	117.500000	118.000000	E#4	45	80	1	-1	-4.531747
773	117.500000	117.750000	E#4	45	80	1	-1	-4.426668
774	117.750000	118.000000	C#5	45	80	0	2	-2.963617
775	117.750000	118.000000	C#4	45	80	1	-2	-4.444474
776	118.000000	118.250000	E#5	45	80	0	1	-5.799694
777	118.000000	118.250000	G#3	45	80	1	-3	-5.147120
778	118.250000	118.500000	G#5	45	80	0	2	-3.246278
779	118.250000	118.500000	E#3	45	80	1	-4	-4.404178
780	118.500000	118.750000	C#6	45	80	0	4	-2.909306
781	118.500000	118.750000	C#3	45	80	1	-1	-6.431375
782	118.750000	119.000000	E#6	45	80	0	1	-6.948157
783	118.750000	119.000000	G#2	45	80	1	-2	-3.456527
784	119.000000	121.000000	C#7	45	80	0	4	-4.298356
785	119.000000	121.000000	C#2	45	80	1	-5	-3.155341
