//Version: PianoFingering_v170101
1	0.000000	0.576923	B-5	126	80	0	5	-1.850019
2	0.000000	0.250000	A-2	127	80	1	-5	-0.504576
3	0.250000	0.500000	E-3	90	80	1	-5	-5.954471
4	0.250000	0.500000	B-3	90	80	1	-3	-3.416097
5	0.250000	0.500000	G4	90	80	1	-1	-4.531747
6	0.500000	0.750000	E-3	90	80	1	-5	-5.753604
7	0.500000	0.750000	B-3	90	80	1	-3	-3.416097
8	0.500000	0.750000	G4	90	80	1	-1	-4.531747
9	0.576923	0.971660	B-4	90	80	0	1	-1.922714
10	0.576923	0.971660	G5	90	80	0	2	-6.524929
11	0.576923	0.971660	E-6	90	80	0	5	-4.848026
12	0.750000	1.000000	E-3	90	80	1	-5	-5.753604
13	0.750000	1.000000	B-3	90	80	1	-3	-3.416097
14	0.750000	1.000000	G4	90	80	1	-1	-4.531747
15	0.971660	1.366397	B-4	90	80	0	1	-4.498352
16	0.971660	1.366397	G5	90	80	0	4	-4.946245
17	0.971660	1.366397	B-5	90	80	0	5	-4.070264
18	1.000000	1.250000	E-3	90	80	1	-5	-5.753604
19	1.000000	1.250000	B-3	90	80	1	-3	-3.416097
20	1.000000	1.250000	G4	90	80	1	-1	-4.531747
21	1.250000	1.500000	E-3	90	80	1	-5	-5.753604
22	1.250000	1.500000	B-3	90	80	1	-3	-3.416097
23	1.250000	1.500000	G4	90	80	1	-1	-4.531747
24	1.366397	1.761134	B-4	90	80	0	1	-1.922714
25	1.366397	1.761134	G5	90	80	0	4	-4.946245
26	1.366397	1.761134	A5	90	80	0	5	-2.706622
27	1.500000	1.750000	D3	90	80	1	-5	-3.781310
28	1.500000	1.750000	B-3	90	80	1	-4	-5.762335
29	1.500000	1.750000	A-4	90	80	1	-1	-4.427076
30	1.750000	2.000000	D3	90	80	1	-5	-7.040401
31	1.750000	2.000000	B-3	90	80	1	-4	-5.762335
32	1.750000	2.000000	A-4	90	80	1	-1	-4.427076
33	1.761134	2.155870	B-4	90	80	0	1	-4.221033
34	1.761134	2.155870	G5	90	80	0	4	-4.946245
35	1.761134	2.155870	B-5	90	80	0	5	-4.070264
36	2.000000	2.250000	D3	90	80	1	-5	-7.040401
37	2.000000	2.250000	B-3	90	80	1	-4	-5.762335
38	2.000000	2.250000	A-4	90	80	1	-1	-4.427076
39	2.155870	2.550607	B-4	90	80	0	1	-1.922714
40	2.155870	2.550607	G5	90	80	0	3	-5.995391
41	2.155870	2.550607	C6	90	80	0	5	-3.128600
42	2.250000	2.500000	D3	90	80	1	-5	-7.040401
43	2.250000	2.500000	B-3	90	80	1	-4	-5.762335
44	2.250000	2.500000	A-4	90	80	1	-1	-4.427076
45	2.500000	2.750000	D3	90	80	1	-5	-7.040401
46	2.500000	2.750000	B-3	90	80	1	-4	-5.762335
47	2.500000	2.750000	A-4	90	80	1	-1	-4.427076
48	2.550607	2.945344	B-4	90	80	0	1	-4.588094
49	2.550607	2.945344	G5	90	80	0	4	-4.946245
50	2.550607	2.945344	B-5	90	80	0	5	-4.070264
51	2.750000	3.000000	D3	90	80	1	-5	-7.040401
52	2.750000	3.000000	B-3	90	80	1	-4	-5.762335
53	2.750000	3.000000	A-4	90	80	1	-1	-4.427076
54	2.945344	3.340081	B-4	90	80	0	1	-1.922714
55	2.945344	3.340081	A-5	90	80	0	2	-7.583777
56	2.945344	3.340081	F6	90	80	0	5	-4.457166
57	3.000000	3.250000	E-3	90	80	1	-5	-3.781310
58	3.000000	3.250000	B-3	90	80	1	-3	-3.416097
59	3.000000	3.250000	G4	90	80	1	-1	-4.531747
60	3.250000	3.500000	F3	90	80	1	-5	-3.842215
61	3.250000	3.500000	B-3	90	80	1	-4	-4.565377
62	3.250000	3.500000	D4	90	80	1	-2	-2.871001
63	3.250000	3.500000	A-4	90	80	1	-1	-5.267467
64	3.340081	3.734818	B-4	90	80	0	1	-6.440580
65	3.340081	3.734818	A-5	90	80	0	4	-4.869085
66	3.340081	3.734818	B-5	90	80	0	5	-2.706622
67	3.500000	3.750000	G3	90	80	1	-5	-4.645128
68	3.500000	3.750000	B-3	90	80	1	-4	-4.807638
69	3.500000	3.750000	E-4	90	80	1	-2	-2.507290
70	3.500000	3.750000	G4	90	80	1	-1	-3.262923
71	3.734818	4.129555	B-4	90	80	0	1	-1.922714
72	3.734818	4.129555	A-5	90	80	0	4	-4.869085
73	3.734818	4.129555	A5	90	80	0	5	-3.684684
74	3.750000	4.000000	G2	90	80	1	-5	-5.451251
75	3.750000	4.000000	E-3	90	80	1	-3	-5.375180
76	3.750000	4.000000	B3	90	80	1	-1	-3.687814
77	4.000000	4.250000	A-2	90	80	1	-5	-4.510402
78	4.000000	4.250000	E-3	90	80	1	-3	-3.416097
79	4.000000	4.250000	C4	90	80	1	-1	-4.531747
80	4.129555	4.524291	B-4	90	80	0	1	-4.221033
81	4.129555	4.524291	A-5	90	80	0	4	-4.869085
82	4.129555	4.524291	B-5	90	80	0	5	-2.706622
83	4.250000	4.500000	A2	90	80	1	-5	-4.233080
84	4.250000	4.500000	F3	90	80	1	-4	-6.359022
85	4.250000	4.500000	E-4	90	80	1	-1	-4.244654
86	4.500000	4.750000	B-2	90	80	1	-5	-3.781310
87	4.500000	4.750000	G3	90	80	1	-4	-7.175636
88	4.500000	4.750000	E-4	90	80	1	-1	-4.009808
89	4.524291	4.919028	B-4	90	80	0	1	-1.922714
90	4.524291	4.919028	A-5	90	80	0	3	-6.448439
91	4.524291	4.919028	C6	90	80	0	5	-3.340065
92	4.750000	5.000000	B-2	90	80	1	-5	-3.781310
93	4.750000	5.000000	G-3	90	80	1	-3	-6.208970
94	4.750000	5.000000	A3	90	80	1	-2	-2.872099
95	4.750000	5.000000	E-4	90	80	1	-1	-5.267467
96	4.919028	5.313765	B-4	90	80	0	1	-4.588094
97	4.919028	5.313765	A-5	90	80	0	4	-4.869085
98	4.919028	5.313765	B-5	90	80	0	5	-2.706622
99	5.000000	5.250000	B-2	90	80	1	-5	-3.781310
100	5.000000	5.250000	F3	90	80	1	-4	-6.683330
101	5.000000	5.250000	B-3	90	80	1	-2	-3.159098
102	5.000000	5.250000	D4	90	80	1	-1	-3.262923
103	5.250000	5.500000	C3	90	80	1	-5	-3.842215
104	5.250000	5.500000	G3	90	80	1	-3	-3.416097
105	5.250000	5.500000	B-3	90	80	1	-2	-3.407298
106	5.250000	5.500000	E4	90	80	1	-1	-4.366821
107	5.313765	5.708502	B-4	90	80	0	1	-1.922714
108	5.313765	5.708502	G5	90	80	0	2	-6.524929
109	5.313765	5.708502	B-5	90	80	0	3	-3.409656
110	5.313765	5.708502	G6	90	80	0	5	-6.889866
111	5.500000	5.750000	C3	90	80	1	-5	-4.233080
112	5.500000	5.750000	A-3	90	80	1	-3	-5.375180
113	5.500000	5.750000	F4	90	80	1	-1	-4.531747
114	5.708502	6.103239	B-4	90	80	0	1	-7.499323
115	5.708502	6.103239	D5	90	80	0	2	-3.465862
116	5.708502	6.103239	B-5	90	80	0	3	-7.809211
117	5.708502	6.103239	D6	90	80	0	5	-3.340065
118	5.750000	6.000000	C3	90	80	1	-5	-3.781310
119	5.750000	6.000000	G3	90	80	1	-3	-3.416097
120	5.750000	6.000000	C4	90	80	1	-2	-3.936874
121	5.750000	6.000000	G4	90	80	1	-1	-4.047397
122	6.000000	6.250000	F2	127	80	1	-5	-4.456078
123	6.103239	6.497976	B-4	90	80	0	1	-5.436724
124	6.103239	6.497976	E-5	90	80	0	2	-2.963617
125	6.103239	6.497976	B-5	90	80	0	3	-6.082358
126	6.103239	6.497976	E-6	90	80	0	5	-3.128600
127	6.250000	6.500000	F3	90	80	1	-5	-5.534856
128	6.250000	6.500000	C4	90	80	1	-3	-3.416097
129	6.250000	6.500000	A-4	90	80	1	-1	-4.707497
130	6.497976	6.892713	B4	90	80	0	1	-5.695314
131	6.497976	6.892713	E-5	90	80	0	2	-3.275273
132	6.497976	6.892713	D6	90	80	0	5	-7.159378
133	6.500000	6.750000	F3	90	80	1	-5	-5.012184
134	6.500000	6.750000	C4	90	80	1	-3	-3.416097
135	6.500000	6.750000	A-4	90	80	1	-1	-4.707497
136	6.750000	7.000000	F3	90	80	1	-5	-5.012184
137	6.750000	7.000000	C4	90	80	1	-3	-3.416097
138	6.750000	7.000000	A-4	90	80	1	-1	-4.707497
139	6.892713	7.287449	C5	90	80	0	1	-3.460971
140	6.892713	7.287449	E-5	90	80	0	2	-3.246278
141	6.892713	7.287449	C6	90	80	0	5	-4.457166
142	7.000000	7.250000	F3	90	80	1	-5	-5.012184
143	7.000000	7.250000	C4	90	80	1	-3	-3.416097
144	7.000000	7.250000	A-4	90	80	1	-1	-4.707497
145	7.250000	7.500000	F3	90	80	1	-5	-5.012184
146	7.250000	7.500000	C4	90	80	1	-3	-3.416097
147	7.250000	7.500000	A-4	90	80	1	-1	-4.707497
148	7.287449	7.682186	C5	90	80	0	1	-1.922714
149	7.287449	7.682186	F5	90	80	0	2	-2.963617
150	7.287449	7.682186	F6	90	80	0	5	-5.608073
151	7.500000	7.750000	E3	90	80	1	-5	-5.345987
152	7.500000	7.750000	B-3	90	80	1	-3	-5.669550
153	7.500000	7.750000	C4	90	80	1	-2	-2.872099
154	7.500000	7.750000	G4	90	80	1	-1	-4.047397
155	7.682186	8.076923	B-4	90	80	0	1	-6.440580
156	7.682186	8.076923	G5	90	80	0	2	-6.524929
157	7.682186	8.076923	E-6	90	80	0	5	-4.848026
158	7.750000	8.000000	E3	90	80	1	-5	-4.233080
159	7.750000	8.000000	B-3	90	80	1	-3	-5.669550
160	7.750000	8.000000	C4	90	80	1	-2	-2.872099
161	7.750000	8.000000	G4	90	80	1	-1	-4.047397
162	8.000000	8.250000	E3	90	80	1	-5	-4.233080
163	8.000000	8.250000	B-3	90	80	1	-3	-5.669550
164	8.000000	8.250000	C4	90	80	1	-2	-2.872099
165	8.000000	8.250000	G4	90	80	1	-1	-4.047397
166	8.076923	8.471660	C5	90	80	0	1	-4.990776
167	8.076923	8.471660	G-5	90	80	0	2	-5.017340
168	8.076923	8.471660	A5	90	80	0	3	-3.265372
169	8.076923	8.471660	E-6	90	80	0	5	-5.123457
170	8.250000	8.500000	E3	90	80	1	-5	-4.233080
171	8.250000	8.500000	B-3	90	80	1	-3	-5.669550
172	8.250000	8.500000	C4	90	80	1	-2	-2.872099
173	8.250000	8.500000	G4	90	80	1	-1	-4.047397
174	8.471660	8.866397	B-4	90	80	0	1	-4.498352
175	8.471660	8.866397	F5	90	80	0	2	-6.099041
176	8.471660	8.866397	B-5	90	80	0	3	-4.632489
177	8.471660	8.866397	D6	90	80	0	5	-3.340065
178	8.500000	8.750000	E3	90	80	1	-5	-4.233080
179	8.500000	8.750000	B-3	90	80	1	-3	-5.669550
180	8.500000	8.750000	C4	90	80	1	-2	-2.872099
181	8.500000	8.750000	G4	90	80	1	-1	-4.047397
182	8.750000	9.000000	E3	90	80	1	-5	-4.233080
183	8.750000	9.000000	B-3	90	80	1	-3	-5.669550
184	8.750000	9.000000	C4	90	80	1	-2	-2.872099
185	8.750000	9.000000	G4	90	80	1	-1	-4.047397
186	8.866397	9.261134	B-4	90	80	0	1	-5.436724
187	8.866397	9.261134	E5	90	80	0	2	-5.302163
188	8.866397	9.261134	G5	90	80	0	3	-3.012122
189	8.866397	9.261134	D-6	90	80	0	5	-5.123457
190	9.000000	9.250000	F3	90	80	1	-5	-3.842215
191	9.000000	9.250000	A-3	90	80	1	-4	-4.807638
192	9.000000	9.250000	C4	90	80	1	-2	-2.871001
193	9.000000	9.250000	A-4	90	80	1	-1	-6.027486
194	9.250000	9.500000	G3	90	80	1	-5	-4.645128
195	9.250000	9.500000	B-3	90	80	1	-4	-4.807638
196	9.250000	9.500000	E-4	90	80	1	-2	-2.507290
197	9.250000	9.500000	B-4	90	80	1	-1	-4.047397
198	9.261134	9.655870	A-4	90	80	0	1	-4.498352
199	9.261134	9.655870	F5	90	80	0	2	-6.524929
200	9.261134	9.655870	A-5	90	80	0	3	-3.409656
201	9.261134	9.655870	C6	90	80	0	5	-3.340065
202	9.500000	9.750000	A-3	90	80	1	-5	-3.842215
203	9.500000	9.750000	E-4	90	80	1	-3	-3.416097
204	9.500000	9.750000	C5	90	80	1	-1	-4.531747
205	9.655870	10.050607	C5	90	80	0	1	-1.922714
206	9.655870	10.050607	G5	90	80	0	2	-3.928858
207	9.655870	10.050607	B-5	90	80	0	3	-3.409656
208	9.655870	10.050607	E6	90	80	0	5	-5.682377
209	9.750000	10.000000	A-3	90	80	1	-5	-5.753604
210	9.750000	10.000000	F4	90	80	1	-2	-6.336491
211	9.750000	10.000000	C-5	90	80	1	-1	-2.320150
212	10.000000	10.250000	B-3	90	80	1	-5	-4.553252
213	10.000000	10.250000	F4	90	80	1	-2	-4.203307
214	10.000000	10.250000	B-4	90	80	1	-1	-3.194227
215	10.050607	10.445344	C5	90	80	0	1	-4.340619
216	10.050607	10.445344	A-5	90	80	0	2	-7.306529
217	10.050607	10.445344	F6	90	80	0	5	-4.457166
218	10.250000	10.500000	B-3	90	80	1	-5	-2.314770
219	10.250000	10.500000	F4	90	80	1	-2	-4.203307
220	10.250000	10.500000	A-4	90	80	1	-1	-3.101885
221	10.445344	10.840081	C5	90	80	0	1	-4.498352
222	10.445344	10.840081	A-5	90	80	0	3	-5.042408
223	10.445344	10.840081	C6	90	80	0	5	-3.340065
224	10.500000	10.750000	E-4	90	80	1	-2	-3.456527
225	10.500000	10.750000	G4	90	80	1	-1	-3.262923
226	10.750000	11.000000	A3	90	80	1	-5	-3.181034
227	10.750000	11.000000	G-4	90	80	1	-2	-4.731534
228	10.750000	11.000000	C5	90	80	1	-1	-4.366821
229	10.840081	11.234818	B4	90	80	0	1	-3.460971
230	10.840081	11.234818	A-5	90	80	0	4	-4.568866
231	10.840081	11.234818	B5	90	80	0	5	-3.871087
232	11.000000	11.250000	B-3	90	80	1	-5	-4.510402
233	11.000000	11.250000	F4	90	80	1	-2	-4.203307
234	11.000000	11.250000	B-4	90	80	1	-1	-3.194227
235	11.234818	11.629555	C5	90	80	0	1	-3.027253
236	11.234818	11.629555	A-5	90	80	0	3	-5.042408
237	11.234818	11.629555	C6	90	80	0	5	-3.340065
238	11.250000	11.500000	E3	90	80	1	-5	-7.040401
239	11.250000	11.500000	D-4	90	80	1	-2	-4.731534
240	11.250000	11.500000	G4	90	80	1	-1	-4.366821
241	11.500000	11.750000	F3	90	80	1	-5	-3.842215
242	11.500000	11.750000	C4	90	80	1	-2	-2.554480
243	11.500000	11.750000	F4	90	80	1	-1	-2.320150
244	11.629555	12.024291	D-5	90	80	0	1	-4.221033
245	11.629555	12.024291	A-5	90	80	0	3	-3.751952
246	11.629555	12.024291	D-6	90	80	0	5	-3.128600
247	11.750000	12.000000	B-2	90	80	1	-5	-6.587391
248	11.750000	12.000000	F3	90	80	1	-3	-6.486255
249	11.750000	12.000000	A-3	90	80	1	-2	-3.407298
250	11.750000	12.000000	D4	90	80	1	-1	-4.366821
251	12.000000	12.250000	E-2	127	80	1	-5	-7.040401
252	12.024291	12.419028	C5	90	80	0	1	-4.287540
253	12.024291	12.419028	A-5	90	80	0	3	-5.042408
254	12.024291	12.419028	C6	90	80	0	5	-3.340065
255	12.250000	12.500000	E-3	90	80	1	-5	-5.534856
256	12.250000	12.500000	B-3	90	80	1	-3	-3.416097
257	12.250000	12.500000	G4	90	80	1	-1	-4.531747
258	12.419028	12.813765	C5	90	80	0	1	-1.922714
259	12.419028	12.813765	G5	90	80	0	2	-3.928858
260	12.419028	12.813765	B-5	90	80	0	3	-3.409656
261	12.419028	12.813765	G6	90	80	0	5	-6.889866
262	12.500000	12.750000	E-3	90	80	1	-5	-5.753604
263	12.500000	12.750000	B-3	90	80	1	-3	-3.416097
264	12.500000	12.750000	G4	90	80	1	-1	-4.531747
265	12.750000	13.000000	E-3	90	80	1	-5	-5.753604
266	12.750000	13.000000	B-3	90	80	1	-3	-3.416097
267	12.750000	13.000000	G4	90	80	1	-1	-4.531747
268	12.813765	13.208502	C5	90	80	0	1	-5.027158
269	12.813765	13.208502	G5	90	80	0	2	-3.928858
270	12.813765	13.208502	B-5	90	80	0	3	-3.409656
271	12.813765	13.208502	C6	90	80	0	5	-3.635747
272	13.000000	13.250000	E-3	90	80	1	-5	-5.753604
273	13.000000	13.250000	B-3	90	80	1	-3	-3.416097
274	13.000000	13.250000	G4	90	80	1	-1	-4.531747
275	13.208502	13.603239	B4	90	80	0	1	-3.460971
276	13.208502	13.603239	G5	90	80	0	3	-4.659051
277	13.208502	13.603239	B-5	90	80	0	4	-4.476680
278	13.208502	13.603239	B5	90	80	0	5	-3.684684
279	13.250000	13.500000	E-3	90	80	1	-5	-5.753604
280	13.250000	13.500000	B-3	90	80	1	-3	-3.416097
281	13.250000	13.500000	G4	90	80	1	-1	-4.531747
282	13.500000	13.750000	D3	90	80	1	-5	-3.781310
283	13.500000	13.750000	B-3	90	80	1	-4	-5.762335
284	13.500000	13.750000	A-4	90	80	1	-1	-4.427076
285	13.603239	13.997976	C5	90	80	0	1	-3.027253
286	13.603239	13.997976	G5	90	80	0	2	-3.928858
287	13.603239	13.997976	B-5	90	80	0	3	-3.409656
288	13.603239	13.997976	C6	90	80	0	5	-3.635747
289	13.750000	14.000000	D3	90	80	1	-5	-7.040401
290	13.750000	14.000000	B-3	90	80	1	-4	-5.762335
291	13.750000	14.000000	A-4	90	80	1	-1	-4.427076
292	13.997976	14.392713	D-5	90	80	0	1	-4.221033
293	13.997976	14.392713	G5	90	80	0	2	-5.302163
294	13.997976	14.392713	B-5	90	80	0	3	-3.409656
295	13.997976	14.392713	D-6	90	80	0	5	-2.681011
296	14.000000	14.250000	D3	90	80	1	-5	-7.040401
297	14.000000	14.250000	B-3	90	80	1	-4	-5.762335
298	14.000000	14.250000	A-4	90	80	1	-1	-4.427076
299	14.250000	14.500000	D3	90	80	1	-5	-7.040401
300	14.250000	14.500000	B-3	90	80	1	-4	-5.762335
301	14.250000	14.500000	A-4	90	80	1	-1	-4.427076
302	14.392713	14.787449	C5	90	80	0	1	-4.287540
303	14.392713	14.787449	G5	90	80	0	2	-3.928858
304	14.392713	14.787449	B-5	90	80	0	3	-3.409656
305	14.392713	14.787449	C6	90	80	0	5	-3.635747
306	14.500000	14.750000	D3	90	80	1	-5	-7.040401
307	14.500000	14.750000	B-3	90	80	1	-4	-5.762335
308	14.500000	14.750000	A-4	90	80	1	-1	-4.427076
309	14.750000	15.000000	D3	90	80	1	-5	-7.040401
310	14.750000	15.000000	B-3	90	80	1	-4	-5.762335
311	14.750000	15.000000	A-4	90	80	1	-1	-4.427076
312	14.787449	15.182186	C5	90	80	0	1	-1.922714
313	14.787449	15.182186	A-5	90	80	0	1	-7.672902
314	14.787449	15.182186	C6	90	80	0	2	-3.465862
315	14.787449	15.182186	A-6	90	80	0	5	-4.848026
316	15.000000	15.250000	E-3	90	80	1	-5	-3.781310
317	15.000000	15.250000	B-3	90	80	1	-3	-3.416097
318	15.000000	15.250000	G4	90	80	1	-1	-4.531747
319	15.182186	15.576923	E-5	90	80	0	1	-4.498352
320	15.182186	15.576923	B-5	90	80	0	2	-3.928858
321	15.182186	15.576923	E-6	90	80	0	3	-4.897982
322	15.182186	15.576923	G6	90	80	0	5	-3.340065
323	15.250000	15.500000	F3	90	80	1	-5	-3.842215
324	15.250000	15.500000	B-3	90	80	1	-4	-4.565377
325	15.250000	15.500000	D4	90	80	1	-2	-2.871001
326	15.250000	15.500000	A-4	90	80	1	-1	-5.267467
327	15.500000	15.750000	G3	90	80	1	-5	-4.645128
328	15.500000	15.750000	B-3	90	80	1	-4	-4.807638
329	15.500000	15.750000	E-4	90	80	1	-2	-2.507290
330	15.500000	15.750000	G4	90	80	1	-1	-3.262923
331	15.576923	15.971660	F5	90	80	0	1	-3.460971
332	15.576923	15.971660	C6	90	80	0	2	-3.928858
333	15.576923	15.971660	E-6	90	80	0	3	-3.409656
334	15.576923	15.971660	F6	90	80	0	5	-3.635747
335	15.750000	16.000000	G2	90	80	1	-5	-5.451251
336	15.750000	16.000000	E-3	90	80	1	-3	-5.375180
337	15.750000	16.000000	B3	90	80	1	-1	-3.687814
338	15.971660	16.366397	E-5	90	80	0	1	-4.588094
339	15.971660	16.366397	C-6	90	80	0	2	-6.099041
340	15.971660	16.366397	E-6	90	80	0	4	-3.522723
341	15.971660	16.366397	F6	90	80	0	5	-3.871087
342	16.000000	16.250000	A-2	90	80	1	-5	-4.510402
343	16.000000	16.250000	E-3	90	80	1	-3	-3.416097
344	16.000000	16.250000	C4	90	80	1	-1	-4.531747
345	16.250000	16.500000	A2	90	80	1	-5	-4.233080
346	16.250000	16.500000	F3	90	80	1	-4	-6.359022
347	16.250000	16.500000	E-4	90	80	1	-1	-4.244654
348	16.366397	16.761134	D5	90	80	0	1	-4.340619
349	16.366397	16.761134	B-5	90	80	0	3	-5.042408
350	16.366397	16.761134	F6	90	80	0	5	-6.006705
351	16.500000	16.750000	B-2	90	80	1	-5	-3.781310
352	16.500000	16.750000	G3	90	80	1	-4	-7.175636
353	16.500000	16.750000	E-4	90	80	1	-1	-4.009808
354	16.750000	17.000000	B-2	90	80	1	-5	-3.781310
355	16.750000	17.000000	G-3	90	80	1	-3	-6.208970
356	16.750000	17.000000	A3	90	80	1	-2	-2.872099
357	16.750000	17.000000	E-4	90	80	1	-1	-5.267467
358	16.761134	17.155870	D5	90	80	0	1	-4.340619
359	16.761134	17.155870	A-5	90	80	0	2	-5.017340
360	16.761134	17.155870	G6	90	80	0	5	-7.159378
361	17.000000	17.250000	B-2	90	80	1	-5	-3.781310
362	17.000000	17.250000	F3	90	80	1	-4	-6.683330
363	17.000000	17.250000	B-3	90	80	1	-2	-3.159098
364	17.000000	17.250000	D4	90	80	1	-1	-3.262923
365	17.155870	17.550607	E-5	90	80	0	1	-5.436724
366	17.155870	17.550607	G5	90	80	0	2	-3.465862
367	17.155870	17.550607	E-6	90	80	0	5	-4.848026
368	17.250000	17.500000	C3	90	80	1	-5	-3.842215
369	17.250000	17.500000	G3	90	80	1	-3	-3.416097
370	17.250000	17.500000	B-3	90	80	1	-2	-3.407298
371	17.250000	17.500000	E4	90	80	1	-1	-4.366821
372	17.500000	17.750000	C3	90	80	1	-5	-4.233080
373	17.500000	17.750000	A-3	90	80	1	-3	-5.375180
374	17.500000	17.750000	F4	90	80	1	-1	-4.531747
375	17.550607	17.945344	E-5	90	80	0	1	-1.922714
376	17.550607	17.945344	G-5	90	80	0	2	-2.525967
377	17.550607	17.945344	E-6	90	80	0	5	-3.767315
378	17.750000	18.000000	C3	90	80	1	-5	-3.781310
379	17.750000	18.000000	G3	90	80	1	-3	-3.416097
380	17.750000	18.000000	C4	90	80	1	-2	-3.936874
381	17.750000	18.000000	G4	90	80	1	-1	-4.047397
382	17.945344	18.340081	D5	90	80	0	1	-4.287540
383	17.945344	18.340081	F5	90	80	0	2	-2.525967
384	17.945344	18.340081	D6	90	80	0	5	-3.767315
385	18.000000	18.250000	F2	127	80	1	-5	-4.456078
386	18.250000	18.500000	F3	90	80	1	-5	-5.534856
387	18.250000	18.500000	C4	90	80	1	-3	-3.416097
388	18.250000	18.500000	A-4	90	80	1	-1	-4.707497
389	18.340081	18.734818	B-4	90	80	0	1	-5.436724
390	18.340081	18.734818	G5	90	80	0	3	-5.995391
391	18.340081	18.734818	D-6	90	80	0	5	-5.123457
392	18.500000	18.750000	F3	90	80	1	-5	-5.012184
393	18.500000	18.750000	C4	90	80	1	-3	-3.416097
394	18.500000	18.750000	A-4	90	80	1	-1	-4.707497
395	18.734818	19.129555	A-4	90	80	0	1	-4.498352
396	18.734818	19.129555	A-5	90	80	0	4	-3.867317
397	18.734818	19.129555	C6	90	80	0	5	-5.914934
398	18.750000	19.000000	F3	90	80	1	-5	-5.012184
399	18.750000	19.000000	C4	90	80	1	-3	-3.416097
400	18.750000	19.000000	A-4	90	80	1	-1	-4.707497
401	19.000000	19.250000	F3	90	80	1	-5	-5.012184
402	19.000000	19.250000	C4	90	80	1	-3	-3.416097
403	19.000000	19.250000	A-4	90	80	1	-1	-4.707497
404	19.129555	19.524291	A-4	90	80	0	1	-5.436724
405	19.129555	19.524291	F5	90	80	0	2	-6.524929
406	19.129555	19.524291	D6	90	80	0	5	-3.767315
407	19.250000	19.500000	F3	90	80	1	-5	-5.012184
408	19.250000	19.500000	C4	90	80	1	-3	-3.416097
409	19.250000	19.500000	A-4	90	80	1	-1	-4.707497
410	19.500000	19.750000	E3	90	80	1	-5	-5.345987
411	19.500000	19.750000	B-3	90	80	1	-3	-5.669550
412	19.500000	19.750000	C4	90	80	1	-2	-2.872099
413	19.500000	19.750000	G4	90	80	1	-1	-4.047397
414	19.524291	19.919028	G4	90	80	0	1	-5.027158
415	19.524291	19.919028	E-5	90	80	0	1	-7.672902
416	19.524291	19.919028	E-6	90	80	0	5	-2.242366
417	19.750000	20.000000	E3	90	80	1	-5	-4.233080
418	19.750000	20.000000	B-3	90	80	1	-3	-5.669550
419	19.750000	20.000000	C4	90	80	1	-2	-2.872099
420	19.750000	20.000000	G4	90	80	1	-1	-4.047397
421	19.919028	20.313765	B-4	90	80	0	1	-4.498352
422	19.919028	20.313765	E-5	90	80	0	2	-2.963617
423	19.919028	20.313765	B-5	90	80	0	5	-3.528229
424	20.000000	20.250000	E3	90	80	1	-5	-4.233080
425	20.000000	20.250000	B-3	90	80	1	-3	-5.669550
426	20.000000	20.250000	C4	90	80	1	-2	-2.872099
427	20.000000	20.250000	G4	90	80	1	-1	-4.047397
428	20.250000	20.500000	E3	90	80	1	-5	-4.233080
429	20.250000	20.500000	B-3	90	80	1	-3	-5.669550
430	20.250000	20.500000	C4	90	80	1	-2	-2.872099
431	20.250000	20.500000	G4	90	80	1	-1	-4.047397
432	20.313765	20.708502	B-4	90	80	0	1	-1.922714
433	20.313765	20.708502	E-5	90	80	0	2	-2.963617
434	20.313765	20.708502	A5	90	80	0	5	-4.764150
435	20.500000	20.750000	E3	90	80	1	-5	-4.233080
436	20.500000	20.750000	B-3	90	80	1	-3	-5.669550
437	20.500000	20.750000	C4	90	80	1	-2	-2.872099
438	20.500000	20.750000	G4	90	80	1	-1	-4.047397
439	20.708502	21.103239	B-4	90	80	0	1	-4.221033
440	20.708502	21.103239	E-5	90	80	0	2	-2.963617
441	20.708502	21.103239	B-5	90	80	0	5	-3.528229
442	20.750000	21.000000	E3	90	80	1	-5	-4.233080
443	20.750000	21.000000	B-3	90	80	1	-3	-5.669550
444	20.750000	21.000000	C4	90	80	1	-2	-2.872099
445	20.750000	21.000000	G4	90	80	1	-1	-4.047397
446	21.000000	21.250000	F3	90	80	1	-5	-3.842215
447	21.000000	21.250000	A-3	90	80	1	-4	-4.807638
448	21.000000	21.250000	C4	90	80	1	-2	-2.871001
449	21.000000	21.250000	A-4	90	80	1	-1	-6.027486
450	21.103239	21.497976	B-4	90	80	0	1	-1.922714
451	21.103239	21.497976	E-5	90	80	0	2	-2.963617
452	21.103239	21.497976	C6	90	80	0	5	-4.457166
453	21.250000	21.500000	G3	90	80	1	-5	-4.645128
454	21.250000	21.500000	B-3	90	80	1	-4	-4.807638
455	21.250000	21.500000	E-4	90	80	1	-2	-2.507290
456	21.250000	21.500000	B-4	90	80	1	-1	-4.047397
457	21.497976	21.892713	B-4	90	80	0	1	-4.588094
458	21.497976	21.892713	E-5	90	80	0	2	-2.963617
459	21.497976	21.892713	B-5	90	80	0	5	-3.528229
460	21.500000	21.750000	A-3	90	80	1	-5	-3.842215
461	21.500000	21.750000	E-4	90	80	1	-3	-3.416097
462	21.500000	21.750000	C5	90	80	1	-1	-4.531747
463	21.750000	22.000000	A-3	90	80	1	-5	-5.753604
464	21.750000	22.000000	F4	90	80	1	-2	-6.336491
465	21.750000	22.000000	C-5	90	80	1	-1	-2.320150
466	21.892713	22.287449	B-4	90	80	0	1	-1.922714
467	21.892713	22.287449	A-5	90	80	0	2	-7.583777
468	21.892713	22.287449	F6	90	80	0	5	-4.457166
469	22.000000	22.250000	B-3	90	80	1	-5	-4.553252
470	22.000000	22.250000	F4	90	80	1	-2	-4.203307
471	22.000000	22.250000	B-4	90	80	1	-1	-3.194227
472	22.250000	22.500000	B-3	90	80	1	-5	-2.314770
473	22.250000	22.500000	F4	90	80	1	-2	-4.203307
474	22.250000	22.500000	A-4	90	80	1	-1	-3.101885
475	22.287449	22.682186	B-4	90	80	0	1	-6.440580
476	22.287449	22.682186	A-5	90	80	0	4	-4.869085
477	22.287449	22.682186	B-5	90	80	0	5	-2.706622
478	22.500000	22.750000	E-4	90	80	1	-4	-4.223116
479	22.500000	22.750000	G4	90	80	1	-2	-2.871001
480	22.682186	23.076923	B-4	90	80	0	1	-1.922714
481	22.682186	23.076923	A-5	90	80	0	4	-4.869085
482	22.682186	23.076923	A5	90	80	0	5	-3.684684
483	22.750000	23.000000	E-3	90	80	1	-5	-5.273430
484	22.750000	23.000000	B-3	90	80	1	-3	-3.416097
485	22.750000	23.000000	G-4	90	80	1	-1	-4.439870
486	23.000000	23.250000	E-3	90	80	1	-5	-4.233080
487	23.000000	23.250000	C-4	90	80	1	-2	-4.203307
488	23.000000	23.250000	G-4	90	80	1	-1	-6.027486
489	23.076923	23.471660	B-4	90	80	0	1	-4.221033
490	23.076923	23.471660	A-5	90	80	0	4	-4.869085
491	23.076923	23.471660	B-5	90	80	0	5	-2.706622
492	23.250000	23.500000	F-3	90	80	1	-5	-5.012184
493	23.250000	23.500000	D-4	90	80	1	-2	-4.731534
494	23.250000	23.500000	F-4	90	80	1	-1	-2.464298
495	23.471660	23.866397	B-4	90	80	0	1	-1.922714
496	23.471660	23.866397	A-5	90	80	0	3	-6.448439
497	23.471660	23.866397	C6	90	80	0	5	-3.340065
498	23.500000	23.750000	G-3	90	80	1	-4	-4.497131
499	23.500000	23.750000	C-4	90	80	1	-2	-2.871001
500	23.500000	23.750000	E-4	90	80	1	-1	-3.194227
501	23.750000	24.000000	G-3	90	80	1	-5	-3.730225
502	23.750000	24.000000	D-4	90	80	1	-2	-2.554480
503	23.750000	24.000000	F-4	90	80	1	-1	-2.464298
504	23.866397	24.261134	B-4	90	80	0	1	-4.588094
505	23.866397	24.261134	A-5	90	80	0	4	-4.869085
506	23.866397	24.261134	B-5	90	80	0	5	-2.706622
507	24.000000	24.250000	C-3	90	80	1	-5	-3.781310
508	24.000000	24.250000	G-3	90	80	1	-4	-5.762335
509	24.000000	24.250000	E-4	90	80	1	-1	-3.451917
510	24.250000	24.500000	C-3	90	80	1	-5	-5.345987
511	24.250000	24.500000	G-3	90	80	1	-4	-5.762335
512	24.250000	24.500000	E-4	90	80	1	-1	-3.451917
513	24.261134	24.655870	B-4	90	80	0	1	-1.922714
514	24.261134	24.655870	G5	90	80	0	2	-6.524929
515	24.261134	24.655870	B-5	90	80	0	3	-3.409656
516	24.261134	24.655870	G6	90	80	0	5	-6.889866
517	24.500000	24.750000	C-3	90	80	1	-5	-5.345987
518	24.500000	24.750000	G-3	90	80	1	-4	-5.762335
519	24.500000	24.750000	E-4	90	80	1	-1	-3.451917
520	24.655870	25.050607	B-4	90	80	0	1	-7.499323
521	24.655870	25.050607	D5	90	80	0	2	-3.465862
522	24.655870	25.050607	B-5	90	80	0	3	-7.809211
523	24.655870	25.050607	D6	90	80	0	5	-3.340065
524	24.750000	25.000000	D3	90	80	1	-5	-4.645128
525	24.750000	25.000000	G-3	90	80	1	-3	-3.351805
526	24.750000	25.000000	E-4	90	80	1	-1	-4.439870
527	25.000000	25.250000	A2	90	80	1	-5	-7.040401
528	25.000000	25.250000	G-3	90	80	1	-2	-4.731534
529	25.000000	25.250000	E-4	90	80	1	-1	-5.516002
530	25.050607	25.445344	B-4	90	80	0	1	-5.436724
531	25.050607	25.445344	E-5	90	80	0	2	-2.963617
532	25.050607	25.445344	B-5	90	80	0	3	-6.082358
533	25.050607	25.445344	E-6	90	80	0	5	-3.128600
534	25.250000	25.500000	A2	90	80	1	-5	-7.040401
535	25.250000	25.500000	G-3	90	80	1	-2	-4.731534
536	25.250000	25.500000	D-4	90	80	1	-1	-4.047397
537	25.445344	25.840081	B4	90	80	0	1	-5.695314
538	25.445344	25.840081	E-5	90	80	0	2	-3.275273
539	25.445344	25.840081	D6	90	80	0	5	-7.159378
540	25.500000	25.750000	A-2	90	80	1	-5	-3.781310
541	25.500000	25.750000	G-3	90	80	1	-2	-5.277521
542	25.500000	25.750000	C4	90	80	1	-1	-4.366821
543	25.750000	26.000000	A-2	90	80	1	-5	-5.753604
544	25.750000	26.000000	G-3	90	80	1	-2	-5.277521
545	25.750000	26.000000	C4	90	80	1	-1	-4.366821
546	25.840081	26.234818	C5	90	80	0	1	-3.460971
547	25.840081	26.234818	E-5	90	80	0	2	-3.246278
548	25.840081	26.234818	C6	90	80	0	5	-4.457166
549	26.000000	26.250000	A-2	90	80	1	-5	-5.753604
550	26.000000	26.250000	G-3	90	80	1	-2	-5.277521
551	26.000000	26.250000	C4	90	80	1	-1	-4.366821
552	26.234818	26.629555	C5	90	80	0	1	-1.922714
553	26.234818	26.629555	F5	90	80	0	2	-2.963617
554	26.234818	26.629555	F6	90	80	0	5	-5.608073
555	26.250000	26.500000	A-2	90	80	1	-5	-5.753604
556	26.250000	26.500000	G-3	90	80	1	-2	-5.277521
557	26.250000	26.500000	C4	90	80	1	-1	-4.366821
558	26.500000	26.750000	C3	90	80	1	-5	-2.314770
559	26.500000	26.750000	A-3	90	80	1	-4	-5.762335
560	26.500000	26.750000	G-4	90	80	1	-1	-4.427076
561	26.629555	27.024291	B-4	90	80	0	1	-6.440580
562	26.629555	27.024291	G5	90	80	0	2	-6.524929
563	26.629555	27.024291	E-6	90	80	0	5	-4.848026
564	26.750000	27.000000	C3	90	80	1	-5	-7.040401
565	26.750000	27.000000	A-3	90	80	1	-4	-5.762335
566	26.750000	27.000000	G-4	90	80	1	-1	-4.427076
567	27.000000	27.250000	D-3	90	80	1	-5	-3.781310
568	27.000000	27.250000	A-3	90	80	1	-3	-3.416097
569	27.000000	27.250000	F-4	90	80	1	-1	-3.687814
570	27.024291	27.419028	C5	90	80	0	1	-4.990776
571	27.024291	27.419028	G-5	90	80	0	2	-5.017340
572	27.024291	27.419028	A5	90	80	0	3	-3.265372
573	27.024291	27.419028	E-6	90	80	0	5	-5.123457
574	27.250000	27.500000	D-3	90	80	1	-5	-4.510402
575	27.250000	27.500000	A-3	90	80	1	-3	-3.416097
576	27.250000	27.500000	F-4	90	80	1	-1	-3.687814
577	27.419028	27.813765	B-4	90	80	0	1	-4.498352
578	27.419028	27.813765	F5	90	80	0	2	-6.099041
579	27.419028	27.813765	B-5	90	80	0	3	-4.632489
580	27.419028	27.813765	D6	90	80	0	5	-3.340065
581	27.500000	27.750000	D-3	90	80	1	-5	-4.510402
582	27.500000	27.750000	A-3	90	80	1	-3	-3.416097
583	27.500000	27.750000	F-4	90	80	1	-1	-3.687814
584	27.750000	28.000000	D-3	90	80	1	-5	-4.510402
585	27.750000	28.000000	A-3	90	80	1	-3	-3.416097
586	27.750000	28.000000	F-4	90	80	1	-1	-3.687814
587	27.813765	28.208502	B-4	90	80	0	1	-5.436724
588	27.813765	28.208502	E5	90	80	0	2	-5.302163
589	27.813765	28.208502	G5	90	80	0	3	-3.012122
590	27.813765	28.208502	D-6	90	80	0	5	-5.123457
591	28.000000	28.250000	C-3	90	80	1	-5	-3.781310
592	28.000000	28.250000	A-3	90	80	1	-3	-6.877043
593	28.000000	28.250000	F-4	90	80	1	-1	-3.687814
594	28.208502	28.603239	A-4	90	80	0	1	-4.498352
595	28.208502	28.603239	F5	90	80	0	2	-6.524929
596	28.208502	28.603239	A-5	90	80	0	3	-3.409656
597	28.208502	28.603239	C6	90	80	0	5	-3.340065
598	28.250000	28.500000	C-3	90	80	1	-5	-3.781310
599	28.250000	28.500000	A-3	90	80	1	-2	-4.731534
600	28.250000	28.500000	E-4	90	80	1	-1	-4.047397
601	28.500000	28.750000	B-2	90	80	1	-5	-3.781310
602	28.500000	28.750000	A-3	90	80	1	-2	-5.277521
603	28.500000	28.750000	D4	90	80	1	-1	-4.366821
604	28.603239	28.997976	C5	90	80	0	1	-1.922714
605	28.603239	28.997976	G5	90	80	0	2	-3.928858
606	28.603239	28.997976	B-5	90	80	0	3	-3.409656
607	28.603239	28.997976	E6	90	80	0	5	-5.682377
608	28.750000	29.000000	B-2	90	80	1	-5	-5.753604
609	28.750000	29.000000	A-3	90	80	1	-2	-5.277521
610	28.750000	29.000000	D4	90	80	1	-1	-4.366821
611	28.997976	29.392713	C5	90	80	0	1	-4.340619
612	28.997976	29.392713	A-5	90	80	0	2	-7.306529
613	28.997976	29.392713	F6	90	80	0	5	-4.457166
614	29.000000	29.250000	B-2	90	80	1	-5	-5.753604
615	29.000000	29.250000	A-3	90	80	1	-2	-5.277521
616	29.000000	29.250000	D4	90	80	1	-1	-4.366821
617	29.250000	29.500000	B-2	90	80	1	-5	-5.753604
618	29.250000	29.500000	A-3	90	80	1	-2	-5.277521
619	29.250000	29.500000	D4	90	80	1	-1	-4.366821
620	29.392713	29.787449	C5	90	80	0	1	-4.498352
621	29.392713	29.787449	A-5	90	80	0	3	-5.042408
622	29.392713	29.787449	C6	90	80	0	5	-3.340065
623	29.500000	29.750000	D3	90	80	1	-5	-2.314770
624	29.500000	29.750000	B-3	90	80	1	-3	-5.375180
625	29.500000	29.750000	F4	90	80	1	-1	-3.687814
626	29.750000	30.000000	D3	90	80	1	-5	-4.233080
627	29.750000	30.000000	B-3	90	80	1	-3	-5.375180
628	29.750000	30.000000	F4	90	80	1	-1	-3.687814
629	29.787449	30.182186	B4	90	80	0	1	-3.460971
630	29.787449	30.182186	A-5	90	80	0	4	-4.568866
631	29.787449	30.182186	B5	90	80	0	5	-3.871087
632	30.000000	30.250000	E-3	90	80	1	-5	-4.510402
633	30.000000	30.250000	B-3	90	80	1	-3	-3.416097
634	30.000000	30.250000	G-4	90	80	1	-1	-4.439870
635	30.182186	30.576923	C5	90	80	0	1	-3.027253
636	30.182186	30.576923	A-5	90	80	0	3	-5.042408
637	30.182186	30.576923	C6	90	80	0	5	-3.340065
638	30.250000	30.500000	E-3	90	80	1	-5	-4.233080
639	30.250000	30.500000	B-3	90	80	1	-3	-3.416097
640	30.250000	30.500000	G-4	90	80	1	-1	-4.439870
641	30.500000	30.750000	E-3	90	80	1	-5	-4.233080
642	30.500000	30.750000	B-3	90	80	1	-3	-3.416097
643	30.500000	30.750000	G-4	90	80	1	-1	-4.439870
644	30.576923	30.971660	D-5	90	80	0	1	-4.221033
645	30.576923	30.971660	A-5	90	80	0	3	-3.751952
646	30.576923	30.971660	D-6	90	80	0	5	-3.128600
647	30.750000	31.000000	E-3	90	80	1	-5	-4.233080
648	30.750000	31.000000	B-3	90	80	1	-3	-3.416097
649	30.750000	31.000000	G-4	90	80	1	-1	-4.439870
650	30.971660	31.366397	C5	90	80	0	1	-4.287540
651	30.971660	31.366397	A-5	90	80	0	3	-5.042408
652	30.971660	31.366397	C6	90	80	0	5	-3.340065
653	31.000000	31.250000	D-3	90	80	1	-5	-3.781310
654	31.000000	31.250000	B-3	90	80	1	-2	-4.349399
655	31.000000	31.250000	F-4	90	80	1	-1	-4.366821
656	31.250000	31.500000	D-3	90	80	1	-5	-4.510402
657	31.250000	31.500000	B-3	90	80	1	-2	-4.349399
658	31.250000	31.500000	F-4	90	80	1	-1	-4.366821
659	31.366397	31.761134	C5	90	80	0	1	-1.922714
660	31.366397	31.761134	G5	90	80	0	2	-3.928858
661	31.366397	31.761134	B-5	90	80	0	3	-3.409656
662	31.366397	31.761134	G6	90	80	0	5	-6.889866
663	31.500000	31.750000	C-3	90	80	1	-5	-3.781310
664	31.500000	31.750000	G-3	90	80	1	-4	-5.762335
665	31.500000	31.750000	E-4	90	80	1	-1	-3.451917
666	31.750000	32.000000	C-3	90	80	1	-5	-5.345987
667	31.750000	32.000000	G-3	90	80	1	-4	-5.762335
668	31.750000	32.000000	E-4	90	80	1	-1	-3.451917
669	31.761134	32.155870	C5	90	80	0	1	-5.027158
670	31.761134	32.155870	G5	90	80	0	2	-3.928858
671	31.761134	32.155870	B-5	90	80	0	3	-3.409656
672	31.761134	32.155870	C6	90	80	0	5	-3.635747
673	32.000000	32.250000	C-3	90	80	1	-5	-5.345987
674	32.000000	32.250000	G-3	90	80	1	-4	-5.762335
675	32.000000	32.250000	E-4	90	80	1	-1	-3.451917
676	32.155870	32.550607	B4	90	80	0	1	-3.460971
677	32.155870	32.550607	G5	90	80	0	3	-4.659051
678	32.155870	32.550607	B-5	90	80	0	4	-4.476680
679	32.155870	32.550607	B5	90	80	0	5	-3.684684
680	32.250000	32.500000	C-3	90	80	1	-5	-5.345987
681	32.250000	32.500000	G-3	90	80	1	-4	-5.762335
682	32.250000	32.500000	E-4	90	80	1	-1	-3.451917
683	32.500000	32.750000	B-2	90	80	1	-5	-3.781310
684	32.500000	32.750000	G-3	90	80	1	-4	-6.359022
685	32.500000	32.750000	E-4	90	80	1	-1	-3.451917
686	32.550607	32.945344	C5	90	80	0	1	-3.027253
687	32.550607	32.945344	G5	90	80	0	2	-3.928858
688	32.550607	32.945344	B-5	90	80	0	3	-3.409656
689	32.550607	32.945344	C6	90	80	0	5	-3.635747
690	32.750000	33.000000	B-2	90	80	1	-5	-3.781310
691	32.750000	33.000000	G-3	90	80	1	-2	-4.349399
692	32.750000	33.000000	D-4	90	80	1	-1	-4.047397
693	32.945344	33.340081	D-5	90	80	0	1	-4.221033
694	32.945344	33.340081	G5	90	80	0	2	-5.302163
695	32.945344	33.340081	B-5	90	80	0	3	-3.409656
696	32.945344	33.340081	D-6	90	80	0	5	-2.681011
697	33.000000	33.250000	A-2	90	80	1	-5	-3.781310
698	33.000000	33.250000	E-3	90	80	1	-3	-3.416097
699	33.000000	33.250000	C-4	90	80	1	-1	-3.687814
700	33.250000	33.500000	A-2	90	80	1	-5	-4.510402
701	33.250000	33.500000	E-3	90	80	1	-3	-3.416097
702	33.250000	33.500000	C-4	90	80	1	-1	-3.687814
703	33.340081	33.734818	C5	90	80	0	1	-4.287540
704	33.340081	33.734818	G5	90	80	0	2	-3.928858
705	33.340081	33.734818	B-5	90	80	0	3	-3.409656
706	33.340081	33.734818	C6	90	80	0	5	-3.635747
707	33.500000	33.750000	A-2	90	80	1	-5	-4.510402
708	33.500000	33.750000	D3	90	80	1	-3	-5.278707
709	33.500000	33.750000	C-4	90	80	1	-1	-4.439870
710	33.734818	34.129555	C5	90	80	0	1	-1.922714
711	33.734818	34.129555	A-5	90	80	0	1	-7.672902
712	33.734818	34.129555	C6	90	80	0	2	-3.465862
713	33.734818	34.129555	A-6	90	80	0	5	-4.848026
714	33.750000	34.000000	A-2	90	80	1	-5	-4.510402
715	33.750000	34.000000	E-3	90	80	1	-3	-3.416097
716	33.750000	34.000000	C-4	90	80	1	-1	-3.687814
717	34.000000	34.250000	A-2	90	80	1	-5	-4.510402
718	34.000000	34.250000	F-3	90	80	1	-2	-4.203307
719	34.000000	34.250000	C-4	90	80	1	-1	-4.047397
720	34.129555	34.524291	E-5	90	80	0	1	-4.498352
721	34.129555	34.524291	B-5	90	80	0	2	-3.928858
722	34.129555	34.524291	E-6	90	80	0	3	-4.897982
723	34.129555	34.524291	G6	90	80	0	5	-3.340065
724	34.250000	34.500000	A-2	90	80	1	-5	-4.510402
725	34.250000	34.500000	E-3	90	80	1	-3	-3.416097
726	34.250000	34.500000	C-4	90	80	1	-1	-3.687814
727	34.500000	34.750000	A-2	90	80	1	-5	-4.510402
728	34.500000	34.750000	E3	90	80	1	-2	-4.203307
729	34.500000	34.750000	C-4	90	80	1	-1	-4.047397
730	34.524291	34.919028	F5	90	80	0	1	-3.460971
731	34.524291	34.919028	C6	90	80	0	2	-3.928858
732	34.524291	34.919028	E-6	90	80	0	3	-3.409656
733	34.524291	34.919028	F6	90	80	0	5	-3.635747
734	34.750000	35.000000	A-2	90	80	1	-5	-4.510402
735	34.750000	35.000000	F3	90	80	1	-2	-6.336491
736	34.750000	35.000000	C-4	90	80	1	-1	-2.320150
737	34.919028	35.313765	E-5	90	80	0	1	-4.588094
738	34.919028	35.313765	C-6	90	80	0	2	-6.099041
739	34.919028	35.313765	E-6	90	80	0	4	-3.522723
740	34.919028	35.313765	F6	90	80	0	5	-3.871087
741	35.000000	35.250000	A-2	90	80	1	-5	-4.510402
742	35.000000	35.250000	E3	90	80	1	-2	-4.203307
743	35.000000	35.250000	C-4	90	80	1	-1	-4.047397
744	35.250000	35.500000	A-2	90	80	1	-5	-4.510402
745	35.250000	35.500000	F3	90	80	1	-2	-6.336491
746	35.250000	35.500000	C-4	90	80	1	-1	-2.320150
747	35.313765	35.708502	D5	90	80	0	1	-4.340619
748	35.313765	35.708502	B-5	90	80	0	3	-5.042408
749	35.313765	35.708502	F6	90	80	0	5	-6.006705
750	35.500000	35.750000	A2	90	80	1	-5	-3.842215
751	35.500000	35.750000	G-3	90	80	1	-2	-4.731534
752	35.500000	35.750000	C4	90	80	1	-1	-4.366821
753	35.708502	36.103239	D5	90	80	0	1	-4.340619
754	35.708502	36.103239	A-5	90	80	0	2	-5.017340
755	35.708502	36.103239	G6	90	80	0	5	-7.159378
756	35.750000	36.000000	A2	90	80	1	-5	-4.233080
757	35.750000	36.000000	E-3	90	80	1	-3	-5.669550
758	35.750000	36.000000	C4	90	80	1	-1	-4.531747
759	36.000000	36.250000	B-1	90	80	1	-5	-5.704159
760	36.000000	36.250000	B-2	90	80	1	-1	-1.202832
761	36.103239	36.497976	E-5	90	80	0	1	-5.436724
762	36.103239	36.497976	G5	90	80	0	2	-3.465862
763	36.103239	36.497976	E-6	90	80	0	5	-4.848026
764	36.250000	36.500000	B-2	90	80	1	-5	-4.801795
765	36.250000	36.500000	F3	90	80	1	-2	-4.203307
766	36.250000	36.500000	D4	90	80	1	-1	-5.516002
767	36.497976	36.892713	E-5	90	80	0	1	-1.922714
768	36.497976	36.892713	G-5	90	80	0	2	-2.525967
769	36.497976	36.892713	E-6	90	80	0	5	-3.767315
770	36.500000	36.750000	B-2	90	80	1	-5	-5.753604
771	36.500000	36.750000	F3	90	80	1	-2	-4.203307
772	36.500000	36.750000	D4	90	80	1	-1	-5.516002
773	36.750000	37.000000	B-2	90	80	1	-5	-5.753604
774	36.750000	37.000000	F3	90	80	1	-2	-4.203307
775	36.750000	37.000000	D4	90	80	1	-1	-5.516002
776	36.892713	37.287449	C-5	90	80	0	1	-5.695314
777	36.892713	37.287449	G-5	90	80	0	3	-5.042408
778	36.892713	37.287449	E-6	90	80	0	5	-5.914835
779	37.000000	37.250000	B-2	90	80	1	-5	-5.753604
780	37.000000	37.250000	F3	90	80	1	-4	-6.683330
781	37.000000	37.250000	E-4	90	80	1	-1	-4.244654
782	37.250000	37.500000	B-2	90	80	1	-5	-3.781310
783	37.250000	37.500000	F3	90	80	1	-5	-7.206746
784	37.250000	37.500000	F4	90	80	1	-1	-1.202832
785	37.287449	37.682186	A-4	90	80	0	1	-5.027158
786	37.287449	37.682186	F-5	90	80	0	2	-6.099041
787	37.287449	37.682186	D-6	90	80	0	5	-4.989350
788	37.500000	37.750000	B-2	90	80	1	-5	-6.587391
789	37.500000	37.750000	G3	90	80	1	-4	-7.175636
790	37.500000	37.750000	E-4	90	80	1	-1	-4.009808
791	37.682186	38.076923	G-4	90	80	0	1	-5.027158
792	37.682186	38.076923	E-5	90	80	0	3	-4.659051
793	37.682186	38.076923	G-5	90	80	0	5	-2.681011
794	37.750000	38.000000	B-2	90	80	1	-5	-3.781310
795	37.750000	38.000000	G-3	90	80	1	-4	-6.359022
796	37.750000	38.000000	E-4	90	80	1	-1	-3.451917
797	38.000000	38.250000	B-2	90	80	1	-5	-3.781310
798	38.000000	38.250000	G-3	90	80	1	-4	-6.359022
799	38.000000	38.250000	E-4	90	80	1	-1	-3.451917
800	38.076923	38.471660	G-4	90	80	0	1	-1.922714
801	38.076923	38.471660	D-5	90	80	0	2	-3.928858
802	38.076923	38.471660	B-5	90	80	0	5	-3.767315
803	38.250000	38.500000	B-2	90	80	1	-5	-3.781310
804	38.250000	38.500000	G-3	90	80	1	-4	-6.359022
805	38.250000	38.500000	E-4	90	80	1	-1	-3.451917
806	38.471660	38.866397	G-4	90	80	0	1	-4.340619
807	38.471660	38.866397	E-5	90	80	0	2	-5.302163
808	38.471660	38.866397	C-6	90	80	0	5	-3.857051
809	38.500000	38.750000	B-2	90	80	1	-5	-3.781310
810	38.500000	38.750000	F3	90	80	1	-4	-6.683330
811	38.500000	38.750000	E-4	90	80	1	-1	-4.244654
812	38.750000	39.000000	B-2	90	80	1	-5	-3.781310
813	38.750000	39.000000	F3	90	80	1	-4	-6.683330
814	38.750000	39.000000	E-4	90	80	1	-1	-4.244654
815	38.866397	39.261134	G-4	90	80	0	1	-5.436724
816	38.866397	39.261134	E-5	90	80	0	3	-4.659051
817	38.866397	39.261134	G-5	90	80	0	5	-2.681011
818	39.000000	39.250000	B-1	96	80	1	-5	-4.456078
819	39.250000	39.500000	B-2	90	80	1	-5	-5.534856
820	39.250000	39.500000	F3	90	80	1	-2	-4.203307
821	39.250000	39.500000	D4	90	80	1	-1	-5.516002
822	39.261134	39.655870	F4	90	80	0	1	-4.287540
823	39.261134	39.655870	E-5	90	80	0	4	-4.568866
824	39.261134	39.655870	F5	90	80	0	5	-3.871087
825	39.500000	39.750000	B-2	90	80	1	-5	-5.753604
826	39.500000	39.750000	F3	90	80	1	-2	-4.203307
827	39.500000	39.750000	C#4	90	80	1	-1	-6.027486
828	39.655870	40.050607	G-4	90	80	0	1	-4.221033
829	39.655870	40.050607	E-5	90	80	0	3	-4.659051
830	39.655870	40.050607	G-5	90	80	0	5	-2.681011
831	39.750000	40.000000	B-2	90	80	1	-5	-4.233080
832	39.750000	40.000000	F3	90	80	1	-2	-4.203307
833	39.750000	40.000000	D4	90	80	1	-1	-5.516002
834	40.000000	40.250000	B-2	90	80	1	-5	-5.753604
835	40.000000	40.250000	F3	90	80	1	-4	-6.683330
836	40.000000	40.250000	E-4	90	80	1	-1	-4.244654
837	40.050607	40.445344	G-4	90	80	0	1	-1.922714
838	40.050607	40.445344	E-5	90	80	0	3	-4.659051
839	40.050607	40.445344	A-5	90	80	0	5	-3.128600
840	40.250000	40.500000	B-2	90	80	1	-5	-3.781310
841	40.250000	40.500000	F3	90	80	1	-5	-7.206746
842	40.250000	40.500000	F4	90	80	1	-1	-1.202832
843	40.445344	40.840081	G-4	90	80	0	1	-3.460971
844	40.445344	40.840081	D-5	90	80	0	2	-3.928858
845	40.445344	40.840081	B--5	90	80	0	5	-3.857051
846	40.500000	40.750000	B-2	90	80	1	-5	-6.587391
847	40.500000	40.750000	G3	90	80	1	-4	-7.175636
848	40.500000	40.750000	E-4	90	80	1	-1	-4.009808
849	40.750000	41.000000	B-2	90	80	1	-5	-3.781310
850	40.750000	41.000000	G-3	90	80	1	-4	-6.359022
851	40.750000	41.000000	E-4	90	80	1	-1	-3.451917
852	40.840081	41.234818	G-4	90	80	0	1	-4.588094
853	40.840081	41.234818	C5	90	80	0	2	-5.302163
854	40.840081	41.234818	B--5	90	80	0	5	-3.767315
855	41.000000	41.250000	B-2	90	80	1	-5	-3.781310
856	41.000000	41.250000	G-3	90	80	1	-4	-6.359022
857	41.000000	41.250000	E-4	90	80	1	-1	-3.451917
858	41.234818	41.629555	G-4	90	80	0	1	-4.588094
859	41.234818	41.629555	C5	90	80	0	2	-5.302163
860	41.234818	41.629555	A-5	90	80	0	5	-4.848026
861	41.250000	41.500000	B-2	90	80	1	-5	-3.781310
862	41.250000	41.500000	G-3	90	80	1	-4	-6.359022
863	41.250000	41.500000	E-4	90	80	1	-1	-3.451917
864	41.500000	41.750000	B-2	90	80	1	-5	-3.781310
865	41.500000	41.750000	F3	90	80	1	-4	-6.683330
866	41.500000	41.750000	E-4	90	80	1	-1	-4.244654
867	41.629555	42.024291	G-4	90	80	0	1	-3.460971
868	41.629555	42.024291	C5	90	80	0	2	-5.302163
869	41.629555	42.024291	G5	90	80	0	5	-3.528229
870	41.750000	42.000000	B-2	90	80	1	-5	-3.781310
871	41.750000	42.000000	F3	90	80	1	-4	-6.683330
872	41.750000	42.000000	E-4	90	80	1	-1	-4.244654
873	42.000000	42.250000	B-1	96	80	1	-5	-4.456078
874	42.024291	42.419028	G-4	90	80	0	1	-4.270482
875	42.024291	42.419028	C5	90	80	0	2	-5.302163
876	42.024291	42.419028	A-5	90	80	0	5	-4.848026
877	42.250000	42.500000	B-2	90	80	1	-5	-5.534856
878	42.250000	42.500000	F3	90	80	1	-2	-4.203307
879	42.250000	42.500000	D4	90	80	1	-1	-5.516002
880	42.419028	42.813765	A-4	90	80	0	1	-1.922714
881	42.419028	42.813765	G-5	90	80	0	2	-7.583777
882	42.419028	42.813765	D-6	90	80	0	5	-3.528229
883	42.500000	42.750000	B-2	90	80	1	-5	-5.753604
884	42.500000	42.750000	F3	90	80	1	-2	-4.203307
885	42.500000	42.750000	C#4	90	80	1	-1	-6.027486
886	42.750000	43.000000	B-2	90	80	1	-5	-4.233080
887	42.750000	43.000000	F3	90	80	1	-2	-4.203307
888	42.750000	43.000000	D4	90	80	1	-1	-5.516002
889	42.813765	43.208502	A-4	90	80	0	1	-4.498352
890	42.813765	43.208502	G-5	90	80	0	2	-7.583777
891	42.813765	43.208502	E-6	90	80	0	5	-3.767315
892	43.000000	43.250000	B-2	90	80	1	-5	-5.753604
893	43.000000	43.250000	F3	90	80	1	-4	-6.683330
894	43.000000	43.250000	E-4	90	80	1	-1	-4.244654
895	43.208502	43.603239	A-4	90	80	0	1	-5.027158
896	43.208502	43.603239	F-5	90	80	0	1	-8.731319
897	43.208502	43.603239	F-6	90	80	0	5	-2.242366
898	43.250000	43.500000	B-2	90	80	1	-5	-3.781310
899	43.250000	43.500000	F3	90	80	1	-2	-4.203307
900	43.250000	43.500000	D4	90	80	1	-1	-5.516002
901	43.500000	43.750000	B-2	90	80	1	-5	-5.753604
902	43.500000	43.750000	G-3	90	80	1	-4	-6.359022
903	43.500000	43.750000	E-4	90	80	1	-1	-3.451917
904	43.603239	43.997976	A-4	90	80	0	1	-6.440580
905	43.603239	43.997976	F-5	90	80	0	3	-5.327229
906	43.603239	43.997976	A-5	90	80	0	5	-3.549127
907	43.750000	44.000000	B-2	90	80	1	-5	-3.781310
908	43.750000	44.000000	G-3	90	80	1	-4	-6.359022
909	43.750000	44.000000	E-4	90	80	1	-1	-3.451917
910	43.997976	44.392713	G4	90	80	0	1	-4.287540
911	43.997976	44.392713	F-5	90	80	0	3	-4.659051
912	43.997976	44.392713	G5	90	80	0	5	-2.681011
913	44.000000	44.250000	B-2	90	80	1	-5	-3.781310
914	44.000000	44.250000	G-3	90	80	1	-3	-6.208970
915	44.000000	44.250000	D4	90	80	1	-1	-3.687814
916	44.250000	44.500000	B-2	90	80	1	-5	-5.753604
917	44.250000	44.500000	G-3	90	80	1	-4	-6.359022
918	44.250000	44.500000	E-4	90	80	1	-1	-3.451917
919	44.392713	44.787449	A-4	90	80	0	1	-4.221033
920	44.392713	44.787449	F-5	90	80	0	3	-5.327229
921	44.392713	44.787449	A-5	90	80	0	5	-3.549127
922	44.500000	44.750000	B-2	90	80	1	-5	-3.781310
923	44.500000	44.750000	G-3	90	80	1	-3	-6.208970
924	44.500000	44.750000	F4	90	80	1	-1	-6.473904
925	44.750000	45.000000	B-2	90	80	1	-5	-6.587391
926	44.750000	45.000000	G-3	90	80	1	-4	-6.359022
927	44.750000	45.000000	E-4	90	80	1	-1	-3.451917
928	44.787449	45.182186	A-4	90	80	0	1	-1.922714
929	44.787449	45.182186	F-5	90	80	0	3	-5.327229
930	44.787449	45.182186	B-5	90	80	0	5	-5.123457
931	45.000000	45.250000	B-2	90	80	1	-5	-3.781310
932	45.000000	45.250000	G3	90	80	1	-4	-7.175636
933	45.000000	45.250000	E4	90	80	1	-1	-3.451917
934	45.182186	45.576923	A-4	90	80	0	1	-3.460971
935	45.182186	45.576923	E-5	90	80	0	2	-3.928858
936	45.182186	45.576923	C-6	90	80	0	5	-3.857051
937	45.250000	45.500000	B-2	90	80	1	-5	-6.587391
938	45.250000	45.500000	G3	90	80	1	-4	-7.175636
939	45.250000	45.500000	E4	90	80	1	-1	-3.451917
940	45.500000	45.750000	B-2	90	80	1	-5	-6.587391
941	45.500000	45.750000	G3	90	80	1	-4	-7.175636
942	45.500000	45.750000	D#4	90	80	1	-1	-4.009808
943	45.576923	45.971660	A-4	90	80	0	1	-4.588094
944	45.576923	45.971660	D5	90	80	0	2	-5.302163
945	45.576923	45.971660	C-6	90	80	0	5	-3.767315
946	45.750000	46.000000	B-2	90	80	1	-5	-3.781310
947	45.750000	46.000000	G3	90	80	1	-4	-7.175636
948	45.750000	46.000000	E4	90	80	1	-1	-3.451917
949	45.971660	46.366397	A-4	90	80	0	1	-4.588094
950	45.971660	46.366397	D5	90	80	0	2	-5.302163
951	45.971660	46.366397	B-5	90	80	0	5	-4.848026
952	46.000000	46.250000	B-2	90	80	1	-5	-6.587391
953	46.000000	46.250000	G3	90	80	1	-4	-7.175636
954	46.000000	46.250000	F4	90	80	1	-1	-4.427076
955	46.250000	46.500000	B-2	90	80	1	-5	-6.587391
956	46.250000	46.500000	G3	90	80	1	-4	-7.175636
957	46.250000	46.500000	E4	90	80	1	-1	-3.451917
958	46.366397	46.761134	A-4	90	80	0	1	-3.460971
959	46.366397	46.761134	D5	90	80	0	2	-5.302163
960	46.366397	46.761134	A5	90	80	0	5	-3.528229
961	46.500000	46.750000	C3	90	80	1	-5	-4.233080
962	46.500000	46.750000	F3	90	80	1	-3	-3.463793
963	46.500000	46.750000	A3	90	80	1	-2	-3.046717
964	46.500000	46.750000	E-4	90	80	1	-1	-5.267467
965	46.750000	47.000000	B-2	90	80	1	-5	-3.781310
966	46.750000	47.000000	F3	90	80	1	-3	-6.486255
967	46.750000	47.000000	A-3	90	80	1	-2	-3.407298
968	46.750000	47.000000	D4	90	80	1	-1	-4.366821
969	46.761134	47.155870	A-4	90	80	0	1	-4.270482
970	46.761134	47.155870	D5	90	80	0	2	-5.302163
971	46.761134	47.155870	B-5	90	80	0	5	-4.848026
972	47.000000	47.250000	B-2	90	80	1	-5	-5.753604
973	47.000000	47.250000	F3	90	80	1	-3	-6.486255
974	47.000000	47.250000	A-3	90	80	1	-2	-3.407298
975	47.000000	47.250000	D4	90	80	1	-1	-4.366821
976	47.155870	47.550607	B-4	90	80	0	1	-1.922714
977	47.155870	47.550607	A-5	90	80	0	2	-7.583777
978	47.155870	47.550607	E-6	90	80	0	5	-3.528229
979	47.250000	47.500000	B-2	90	80	1	-5	-5.753604
980	47.250000	47.500000	F3	90	80	1	-3	-6.486255
981	47.250000	47.500000	A-3	90	80	1	-2	-3.407298
982	47.250000	47.500000	D4	90	80	1	-1	-4.366821
983	47.500000	47.750000	B-2	90	80	1	-5	-5.753604
984	47.500000	47.750000	F3	90	80	1	-3	-6.486255
985	47.500000	47.750000	A-3	90	80	1	-2	-3.407298
986	47.500000	47.750000	D4	90	80	1	-1	-4.366821
987	47.550607	47.945344	B-4	90	80	0	1	-4.498352
988	47.550607	47.945344	A-5	90	80	0	2	-7.583777
989	47.550607	47.945344	F6	90	80	0	5	-4.457166
990	47.750000	48.000000	B-2	90	80	1	-5	-5.753604
991	47.750000	48.000000	F3	90	80	1	-3	-6.486255
992	47.750000	48.000000	A-3	90	80	1	-2	-3.407298
993	47.750000	48.000000	D4	90	80	1	-1	-4.366821
994	47.945344	48.340081	B-4	90	80	0	1	-6.440580
995	47.945344	48.340081	G-5	90	80	0	2	-5.302163
996	47.945344	48.340081	G-6	90	80	0	5	-5.608073
997	48.000000	48.250000	E-2	69	80	1	-5	-7.040401
998	48.250000	48.500000	E-3	90	80	1	-5	-5.534856
999	48.250000	48.500000	B-3	90	80	1	-3	-3.416097
1000	48.250000	48.500000	G4	90	80	1	-1	-4.531747
1001	48.340081	48.734818	B-4	90	80	0	1	-6.163296
1002	48.340081	48.734818	G-5	90	80	0	3	-4.659051
1003	48.340081	48.734818	B-5	90	80	0	5	-2.681011
1004	48.500000	48.750000	E-3	90	80	1	-5	-5.753604
1005	48.500000	48.750000	B-3	90	80	1	-3	-3.416097
1006	48.500000	48.750000	G4	90	80	1	-1	-4.531747
1007	48.734818	49.129555	A4	90	80	0	1	-4.287540
1008	48.734818	49.129555	G-5	90	80	0	4	-4.568866
1009	48.734818	49.129555	A5	90	80	0	5	-3.871087
1010	48.750000	49.000000	E-3	90	80	1	-5	-5.753604
1011	48.750000	49.000000	B-3	90	80	1	-3	-3.416097
1012	48.750000	49.000000	G4	90	80	1	-1	-4.531747
1013	49.000000	49.250000	E-3	90	80	1	-5	-5.753604
1014	49.000000	49.250000	B-3	90	80	1	-3	-3.416097
1015	49.000000	49.250000	G4	90	80	1	-1	-4.531747
1016	49.129555	49.524291	B-4	90	80	0	1	-4.221033
1017	49.129555	49.524291	G-5	90	80	0	3	-4.659051
1018	49.129555	49.524291	B-5	90	80	0	5	-2.681011
1019	49.250000	49.500000	E-3	90	80	1	-5	-5.753604
1020	49.250000	49.500000	B-3	90	80	1	-3	-3.416097
1021	49.250000	49.500000	G4	90	80	1	-1	-4.531747
1022	49.500000	49.750000	D3	90	80	1	-5	-3.781310
1023	49.500000	49.750000	B-3	90	80	1	-4	-5.762335
1024	49.500000	49.750000	A-4	90	80	1	-1	-4.427076
1025	49.524291	49.919028	B-4	90	80	0	1	-1.922714
1026	49.524291	49.919028	F-5	90	80	0	2	-5.302163
1027	49.524291	49.919028	C-6	90	80	0	5	-3.528229
1028	49.750000	50.000000	D3	90	80	1	-5	-7.040401
1029	49.750000	50.000000	B-3	90	80	1	-4	-5.762335
1030	49.750000	50.000000	A-4	90	80	1	-1	-4.427076
1031	49.919028	50.313765	B-4	90	80	0	1	-4.270482
1032	49.919028	50.313765	F-5	90	80	0	2	-5.302163
1033	49.919028	50.313765	D-6	90	80	0	5	-4.989350
1034	50.000000	50.250000	D3	90	80	1	-5	-7.040401
1035	50.000000	50.250000	B-3	90	80	1	-4	-5.762335
1036	50.000000	50.250000	A-4	90	80	1	-1	-4.427076
1037	50.250000	50.500000	D3	90	80	1	-5	-7.040401
1038	50.250000	50.500000	B-3	90	80	1	-4	-5.762335
1039	50.250000	50.500000	A-4	90	80	1	-1	-4.427076
1040	50.313765	50.708502	G-4	90	80	0	1	-5.027158
1041	50.313765	50.708502	E-5	90	80	0	2	-5.302163
1042	50.313765	50.708502	E-6	90	80	0	5	-5.608073
1043	50.500000	50.750000	D3	90	80	1	-5	-7.040401
1044	50.500000	50.750000	B-3	90	80	1	-4	-5.762335
1045	50.500000	50.750000	A-4	90	80	1	-1	-4.427076
1046	50.708502	51.103239	G-4	90	80	0	1	-6.163296
1047	50.708502	51.103239	E-5	90	80	0	3	-4.659051
1048	50.708502	51.103239	G-5	90	80	0	5	-2.681011
1049	50.750000	51.000000	D3	90	80	1	-5	-7.040401
1050	50.750000	51.000000	B-3	90	80	1	-4	-5.762335
1051	50.750000	51.000000	A-4	90	80	1	-1	-4.427076
1052	51.000000	51.250000	E-3	90	80	1	-5	-3.781310
1053	51.000000	51.250000	B-3	90	80	1	-3	-3.416097
1054	51.000000	51.250000	G4	90	80	1	-1	-4.531747
1055	51.103239	51.497976	F4	90	80	0	1	-4.287540
1056	51.103239	51.497976	E-5	90	80	0	4	-4.568866
1057	51.103239	51.497976	F5	90	80	0	5	-3.871087
1058	51.250000	51.500000	F3	90	80	1	-5	-3.842215
1059	51.250000	51.500000	B-3	90	80	1	-4	-4.565377
1060	51.250000	51.500000	D4	90	80	1	-2	-2.871001
1061	51.250000	51.500000	A-4	90	80	1	-1	-5.267467
1062	51.497976	51.892713	G-4	90	80	0	1	-4.221033
1063	51.497976	51.892713	E-5	90	80	0	3	-4.659051
1064	51.497976	51.892713	G-5	90	80	0	5	-2.681011
1065	51.500000	51.750000	G3	90	80	1	-5	-4.645128
1066	51.500000	51.750000	B-3	90	80	1	-4	-4.807638
1067	51.500000	51.750000	E-4	90	80	1	-2	-2.507290
1068	51.500000	51.750000	G4	90	80	1	-1	-3.262923
1069	51.750000	52.000000	G2	90	80	1	-5	-5.451251
1070	51.750000	52.000000	E-3	90	80	1	-3	-5.375180
1071	51.750000	52.000000	B3	90	80	1	-1	-3.687814
1072	51.892713	52.287449	G-4	90	80	0	1	-1.922714
1073	51.892713	52.287449	E-5	90	80	0	3	-4.659051
1074	51.892713	52.287449	A-5	90	80	0	5	-3.128600
1075	52.000000	52.250000	A-2	90	80	1	-5	-4.510402
1076	52.000000	52.250000	E-3	90	80	1	-3	-3.416097
1077	52.000000	52.250000	C4	90	80	1	-1	-4.531747
1078	52.250000	52.500000	A2	90	80	1	-5	-4.233080
1079	52.250000	52.500000	F3	90	80	1	-4	-6.359022
1080	52.250000	52.500000	E-4	90	80	1	-1	-4.244654
1081	52.287449	52.682186	G-4	90	80	0	1	-3.460971
1082	52.287449	52.682186	D-5	90	80	0	2	-3.928858
1083	52.287449	52.682186	B-5	90	80	0	5	-3.767315
1084	52.500000	52.750000	B-2	90	80	1	-5	-3.781310
1085	52.500000	52.750000	G3	90	80	1	-4	-7.175636
1086	52.500000	52.750000	E-4	90	80	1	-1	-4.009808
1087	52.682186	53.076923	E-4	90	80	0	1	-5.027158
1088	52.682186	53.076923	C-5	90	80	0	1	-8.731319
1089	52.682186	53.076923	C-6	90	80	0	5	-2.242366
1090	52.750000	53.000000	B-2	90	80	1	-5	-3.781310
1091	52.750000	53.000000	G-3	90	80	1	-3	-6.208970
1092	52.750000	53.000000	A3	90	80	1	-2	-2.872099
1093	52.750000	53.000000	E-4	90	80	1	-1	-5.267467
1094	53.000000	53.250000	B-2	90	80	1	-5	-3.781310
1095	53.000000	53.250000	F3	90	80	1	-4	-6.683330
1096	53.000000	53.250000	B-3	90	80	1	-2	-3.159098
1097	53.000000	53.250000	D4	90	80	1	-1	-3.262923
1098	53.076923	53.471660	E-4	90	80	0	1	-6.440580
1099	53.076923	53.471660	C-5	90	80	0	3	-5.327229
1100	53.076923	53.471660	E-5	90	80	0	5	-3.549127
1101	53.250000	53.500000	C3	90	80	1	-5	-3.842215
1102	53.250000	53.500000	G3	90	80	1	-3	-3.416097
1103	53.250000	53.500000	B-3	90	80	1	-2	-3.407298
1104	53.250000	53.500000	E4	90	80	1	-1	-4.366821
1105	53.471660	53.866397	D4	90	80	0	1	-4.287540
1106	53.471660	53.866397	C-5	90	80	0	3	-4.659051
1107	53.471660	53.866397	D5	90	80	0	5	-2.681011
1108	53.500000	53.750000	C3	90	80	1	-5	-4.233080
1109	53.500000	53.750000	A-3	90	80	1	-3	-5.375180
1110	53.500000	53.750000	F4	90	80	1	-1	-4.531747
1111	53.750000	54.000000	C3	90	80	1	-5	-3.781310
1112	53.750000	54.000000	G3	90	80	1	-3	-3.416097
1113	53.750000	54.000000	C4	90	80	1	-2	-3.936874
1114	53.750000	54.000000	G4	90	80	1	-1	-4.047397
1115	53.866397	54.261134	E-4	90	80	0	1	-4.221033
1116	53.866397	54.261134	C-5	90	80	0	3	-5.327229
1117	53.866397	54.261134	E-5	90	80	0	5	-3.549127
1118	54.000000	54.250000	F2	127	80	1	-5	-4.456078
1119	54.250000	54.500000	F3	90	80	1	-5	-5.534856
1120	54.250000	54.500000	C4	90	80	1	-3	-3.416097
1121	54.250000	54.500000	A-4	90	80	1	-1	-4.707497
1122	54.261134	54.655870	F-4	90	80	0	1	-3.885272
1123	54.261134	54.655870	C-5	90	80	0	3	-3.751952
1124	54.261134	54.655870	F-5	90	80	0	5	-3.128600
1125	54.500000	54.750000	F3	90	80	1	-5	-5.012184
1126	54.500000	54.750000	C4	90	80	1	-3	-3.416097
1127	54.500000	54.750000	A-4	90	80	1	-1	-4.707497
1128	54.655870	55.050607	E-4	90	80	0	1	-4.270482
1129	54.655870	55.050607	C-5	90	80	0	3	-5.327229
1130	54.655870	55.050607	E-5	90	80	0	5	-3.549127
1131	54.750000	55.000000	F3	90	80	1	-5	-5.012184
1132	54.750000	55.000000	C4	90	80	1	-3	-3.416097
1133	54.750000	55.000000	A-4	90	80	1	-1	-4.707497
1134	55.000000	55.250000	F3	90	80	1	-5	-5.012184
1135	55.000000	55.250000	C4	90	80	1	-3	-3.416097
1136	55.000000	55.250000	A-4	90	80	1	-1	-4.707497
1137	55.050607	55.445344	E4	90	80	0	1	-3.885272
1138	55.050607	55.445344	C-5	90	80	0	3	-3.751952
1139	55.050607	55.445344	E5	90	80	0	5	-3.128600
1140	55.250000	55.500000	F3	90	80	1	-5	-5.012184
1141	55.250000	55.500000	C4	90	80	1	-3	-3.416097
1142	55.250000	55.500000	A-4	90	80	1	-1	-4.707497
1143	55.445344	55.840081	F4	90	80	0	1	-3.027253
1144	55.445344	55.840081	C-5	90	80	0	2	-2.963617
1145	55.445344	55.840081	F5	90	80	0	5	-3.528229
1146	55.500000	55.750000	E3	90	80	1	-5	-5.345987
1147	55.500000	55.750000	B-3	90	80	1	-3	-5.669550
1148	55.500000	55.750000	C4	90	80	1	-2	-2.872099
1149	55.500000	55.750000	G4	90	80	1	-1	-4.047397
1150	55.750000	56.000000	E3	90	80	1	-5	-4.233080
1151	55.750000	56.000000	B-3	90	80	1	-3	-5.669550
1152	55.750000	56.000000	C4	90	80	1	-2	-2.872099
1153	55.750000	56.000000	G4	90	80	1	-1	-4.047397
1154	55.840081	56.234818	E4	90	80	0	1	-3.460971
1155	55.840081	56.234818	C-5	90	80	0	3	-3.751952
1156	55.840081	56.234818	E5	90	80	0	5	-3.128600
1157	56.000000	56.250000	E3	90	80	1	-5	-4.233080
1158	56.000000	56.250000	B-3	90	80	1	-3	-5.669550
1159	56.000000	56.250000	C4	90	80	1	-2	-2.872099
1160	56.000000	56.250000	G4	90	80	1	-1	-4.047397
1161	56.234818	56.629555	F4	90	80	0	1	-3.027253
1162	56.234818	56.629555	C-5	90	80	0	2	-2.963617
1163	56.234818	56.629555	F5	90	80	0	5	-3.528229
1164	56.250000	56.500000	E3	90	80	1	-5	-4.233080
1165	56.250000	56.500000	B-3	90	80	1	-3	-5.669550
1166	56.250000	56.500000	C4	90	80	1	-2	-2.872099
1167	56.250000	56.500000	G4	90	80	1	-1	-4.047397
1168	56.500000	56.750000	E3	90	80	1	-5	-4.233080
1169	56.500000	56.750000	B-3	90	80	1	-3	-5.669550
1170	56.500000	56.750000	C4	90	80	1	-2	-2.872099
1171	56.500000	56.750000	G4	90	80	1	-1	-4.047397
1172	56.629555	57.024291	G-4	90	80	0	1	-4.221033
1173	56.629555	57.024291	C5	90	80	0	3	-5.088322
1174	56.629555	57.024291	G-5	90	80	0	5	-5.123457
1175	56.750000	57.000000	E3	90	80	1	-5	-4.233080
1176	56.750000	57.000000	B-3	90	80	1	-3	-5.669550
1177	56.750000	57.000000	C4	90	80	1	-2	-2.872099
1178	56.750000	57.000000	G4	90	80	1	-1	-4.047397
1179	57.000000	57.250000	F3	90	80	1	-5	-3.842215
1180	57.000000	57.250000	A-3	90	80	1	-4	-4.807638
1181	57.000000	57.250000	C4	90	80	1	-2	-2.871001
1182	57.000000	57.250000	A-4	90	80	1	-1	-6.027486
1183	57.024291	57.419028	E-4	90	80	0	1	-4.340619
1184	57.024291	57.419028	C5	90	80	0	4	-4.946245
1185	57.024291	57.419028	E-5	90	80	0	5	-4.070264
1186	57.250000	57.500000	G3	90	80	1	-5	-4.645128
1187	57.250000	57.500000	B-3	90	80	1	-4	-4.807638
1188	57.250000	57.500000	E-4	90	80	1	-2	-2.507290
1189	57.250000	57.500000	B-4	90	80	1	-1	-4.047397
1190	57.419028	58.133314	D4	90	80	0	1	-4.287540
1191	57.419028	58.133314	B-4	90	80	0	3	-5.042408
1192	57.419028	58.133314	D5	90	80	0	5	-3.340065
1193	57.500000	57.750000	A-3	90	80	1	-5	-3.842215
1194	57.500000	57.750000	E-4	90	80	1	-3	-3.416097
1195	57.500000	57.750000	C5	90	80	1	-1	-4.531747
1196	57.750000	58.000000	A-3	90	80	1	-5	-5.753604
1197	57.750000	58.000000	F4	90	80	1	-2	-6.336491
1198	57.750000	58.000000	C-5	90	80	1	-1	-2.320150
1199	58.000000	58.250000	B-3	90	80	1	-5	-4.553252
1200	58.000000	58.250000	F4	90	80	1	-2	-4.203307
1201	58.000000	58.250000	B-4	90	80	1	-1	-3.194227
1202	58.133314	58.528051	A-4	90	80	0	1	-6.292002
1203	58.133314	58.528051	F5	90	80	0	3	-5.995391
1204	58.133314	58.528051	B-5	90	80	0	5	-3.549127
1205	58.250000	58.500000	B-3	90	80	1	-5	-2.314770
1206	58.250000	58.500000	F4	90	80	1	-2	-4.203307
1207	58.250000	58.500000	A-4	90	80	1	-1	-3.101885
1208	58.500000	58.750000	B-3	90	80	1	-5	-3.181034
1209	58.500000	58.750000	E4	90	80	1	-3	-5.278707
1210	58.500000	58.750000	G4	90	80	1	-2	-3.046717
1211	58.500000	58.750000	D5	90	80	1	-1	-4.047397
1212	58.528051	58.922788	A-4	90	80	0	1	-3.460971
1213	58.528051	58.922788	E5	90	80	0	3	-5.327229
1214	58.528051	58.922788	B-5	90	80	0	5	-5.123457
1215	58.750000	59.000000	B-3	90	80	1	-5	-5.753604
1216	58.750000	59.000000	E4	90	80	1	-3	-5.278707
1217	58.750000	59.000000	G4	90	80	1	-2	-3.046717
1218	58.750000	59.000000	C#5	90	80	1	-1	-5.267467
1219	58.922788	59.317525	A-4	90	80	0	1	-3.460971
1220	58.922788	59.317525	F5	90	80	0	3	-5.995391
1221	58.922788	59.317525	B-5	90	80	0	5	-3.549127
1222	59.000000	59.250000	A3	90	80	1	-5	-5.345987
1223	59.000000	59.250000	E4	90	80	1	-3	-3.416097
1224	59.000000	59.250000	G4	90	80	1	-2	-3.046717
1225	59.000000	59.250000	C#5	90	80	1	-1	-5.267467
1226	59.250000	59.500000	A3	90	80	1	-5	-5.345987
1227	59.250000	59.500000	E-4	90	80	1	-3	-5.669550
1228	59.250000	59.500000	G-4	90	80	1	-2	-3.046717
1229	59.250000	59.500000	D-5	90	80	1	-1	-4.047397
1230	59.317525	59.712261	A-4	90	80	0	1	-3.460971
1231	59.317525	59.712261	G5	90	80	0	4	-6.366444
1232	59.317525	59.712261	B-5	90	80	0	5	-4.070264
1233	59.500000	59.750000	A3	90	80	1	-5	-5.345987
1234	59.500000	59.750000	E-4	90	80	1	-3	-5.669550
1235	59.500000	59.750000	G-4	90	80	1	-2	-3.046717
1236	59.500000	59.750000	D-5	90	80	1	-1	-4.047397
1237	59.712261	60.106998	A-4	90	80	0	1	-3.460971
1238	59.712261	60.106998	D5	90	80	0	2	-5.302163
1239	59.712261	60.106998	B-5	90	80	0	5	-4.848026
1240	59.750000	60.000000	A-3	90	80	1	-5	-3.781310
1241	59.750000	60.000000	E-4	90	80	1	-3	-3.416097
1242	59.750000	60.000000	G-4	90	80	1	-2	-3.046717
1243	59.750000	60.000000	C5	90	80	1	-1	-4.366821
1244	60.000000	60.250000	A-3	90	80	1	-5	-5.753604
1245	60.000000	60.250000	E-4	90	80	1	-3	-3.416097
1246	60.000000	60.250000	G-4	90	80	1	-2	-3.046717
1247	60.000000	60.250000	C5	90	80	1	-1	-4.366821
1248	60.106998	60.523665	G4	90	80	0	1	-4.990776
1249	60.106998	60.523665	E-5	90	80	0	3	-5.042408
1250	60.106998	60.523665	B-5	90	80	0	5	-4.855832
1251	60.250000	60.500000	A-3	90	80	1	-5	-5.753604
1252	60.250000	60.500000	D4	90	80	1	-3	-5.278707
1253	60.250000	60.500000	F4	90	80	1	-2	-3.046717
1254	60.250000	60.500000	C5	90	80	1	-1	-4.047397
1255	60.500000	60.750000	A-3	90	80	1	-5	-5.753604
1256	60.500000	60.750000	D4	90	80	1	-3	-5.278707
1257	60.500000	60.750000	F4	90	80	1	-2	-3.046717
1258	60.500000	60.750000	C5	90	80	1	-1	-4.047397
1259	60.523665	60.958448	A4	90	80	0	1	-4.287540
1260	60.523665	60.958448	E-5	90	80	0	2	-5.017340
1261	60.523665	60.958448	C6	90	80	0	5	-4.457166
1262	60.750000	61.000000	G3	90	80	1	-5	-3.781310
1263	60.750000	61.000000	D4	90	80	1	-3	-3.416097
1264	60.750000	61.000000	F4	90	80	1	-2	-3.046717
1265	60.750000	61.000000	B4	90	80	1	-1	-2.320150
1266	60.958448	61.412993	A4	90	80	0	1	-4.340619
1267	60.958448	61.412993	E-5	90	80	0	2	-5.017340
1268	60.958448	61.412993	B5	90	80	0	5	-3.857051
1269	61.000000	61.250000	G3	90	80	1	-5	-4.233080
1270	61.000000	61.250000	D4	90	80	1	-3	-3.416097
1271	61.000000	61.250000	F4	90	80	1	-2	-3.046717
1272	61.000000	61.250000	B4	90	80	1	-1	-2.320150
1273	61.250000	61.500000	G3	90	80	1	-5	-4.233080
1274	61.250000	61.500000	C#4	90	80	1	-3	-5.669550
1275	61.250000	61.500000	E4	90	80	1	-2	-2.872099
1276	61.250000	61.500000	B4	90	80	1	-1	-4.047397
1277	61.412993	61.889183	A4	90	80	0	1	-3.460971
1278	61.412993	61.889183	E-5	90	80	0	2	-5.017340
1279	61.412993	61.889183	C6	90	80	0	5	-4.457166
1280	61.500000	61.750000	G3	90	80	1	-5	-4.233080
1281	61.500000	61.750000	C#4	90	80	1	-3	-5.669550
1282	61.500000	61.750000	E4	90	80	1	-2	-2.872099
1283	61.500000	61.750000	B4	90	80	1	-1	-4.047397
1284	61.750000	62.000000	F#3	90	80	1	-5	-5.753604
1285	61.750000	62.000000	C#4	90	80	1	-3	-3.416097
1286	61.750000	62.000000	E4	90	80	1	-2	-2.872099
1287	61.750000	62.000000	A#4	90	80	1	-1	-5.267467
1288	61.889183	62.389183	A4	90	80	0	1	-4.340619
1289	61.889183	62.389183	E-5	90	80	0	2	-5.017340
1290	61.889183	62.389183	D6	90	80	0	5	-7.159378
1291	62.000000	62.250000	F#3	90	80	1	-5	-4.233080
1292	62.000000	62.250000	C#4	90	80	1	-3	-3.416097
1293	62.000000	62.250000	E4	90	80	1	-2	-2.872099
1294	62.000000	62.250000	A#4	90	80	1	-1	-5.267467
1295	62.250000	62.500000	G-3	90	80	1	-5	-4.233080
1296	62.250000	62.500000	C4	90	80	1	-3	-5.278707
1297	62.250000	62.500000	E-4	90	80	1	-2	-3.407298
1298	62.250000	62.500000	B-4	90	80	1	-1	-4.047397
1299	62.389183	62.889183	A4	90	80	0	1	-4.498352
1300	62.389183	62.889183	E-5	90	80	0	2	-5.017340
1301	62.389183	62.889183	C6	90	80	0	5	-4.457166
1302	62.500000	62.750000	G-3	90	80	1	-5	-4.233080
1303	62.500000	62.750000	C4	90	80	1	-3	-5.278707
1304	62.500000	62.750000	E-4	90	80	1	-2	-3.407298
1305	62.500000	62.750000	B-4	90	80	1	-1	-4.047397
1306	62.750000	63.000000	F3	90	80	1	-5	-5.345987
1307	62.750000	63.000000	C4	90	80	1	-3	-3.416097
1308	62.750000	63.000000	E-4	90	80	1	-2	-3.407298
1309	62.750000	63.000000	A4	90	80	1	-1	-4.366821
1310	62.889183	63.389183	D5	90	80	0	1	-3.027253
1311	62.889183	63.389183	B-5	90	80	0	3	-5.042408
1312	62.889183	63.389183	F6	90	80	0	5	-6.006705
1313	63.000000	63.250000	F3	90	80	1	-5	-4.233080
1314	63.000000	63.250000	C4	90	80	1	-3	-3.416097
1315	63.000000	63.250000	E-4	90	80	1	-2	-3.407298
1316	63.000000	63.250000	A4	90	80	1	-1	-4.366821
1317	63.250000	63.500000	F3	90	80	1	-5	-4.233080
1318	63.250000	63.500000	C4	90	80	1	-2	-2.554480
1319	63.250000	63.500000	F4	90	80	1	-1	-2.320150
1320	63.389183	63.783920	A-4	90	80	0	1	-7.499323
1321	63.389183	63.783920	F5	90	80	0	3	-5.995391
1322	63.389183	63.783920	B-5	90	80	0	5	-3.549127
1323	63.500000	63.750000	B-2	90	80	1	-5	-6.587391
1324	63.500000	63.750000	F3	90	80	1	-3	-6.486255
1325	63.500000	63.750000	A-3	90	80	1	-2	-3.407298
1326	63.500000	63.750000	D4	90	80	1	-1	-4.366821
1327	63.750000	64.000000	B-2	90	80	1	-5	-5.753604
1328	63.750000	64.000000	F3	90	80	1	-3	-6.486255
1329	63.750000	64.000000	A-3	90	80	1	-2	-3.407298
1330	63.750000	64.000000	D4	90	80	1	-1	-4.366821
1331	63.783920	64.178657	A-4	90	80	0	1	-3.460971
1332	63.783920	64.178657	E5	90	80	0	3	-5.327229
1333	63.783920	64.178657	B-5	90	80	0	5	-5.123457
1334	64.000000	64.250000	B-2	90	80	1	-5	-5.753604
1335	64.000000	64.250000	F3	90	80	1	-3	-6.486255
1336	64.000000	64.250000	A-3	90	80	1	-2	-3.407298
1337	64.000000	64.250000	D4	90	80	1	-1	-4.366821
1338	64.178657	64.573394	A-4	90	80	0	1	-3.460971
1339	64.178657	64.573394	F5	90	80	0	3	-5.995391
1340	64.178657	64.573394	B-5	90	80	0	5	-3.549127
1341	64.250000	64.500000	B-2	90	80	1	-5	-5.753604
1342	64.250000	64.500000	F3	90	80	1	-3	-6.486255
1343	64.250000	64.500000	A-3	90	80	1	-2	-3.407298
1344	64.250000	64.500000	D4	90	80	1	-1	-4.366821
1345	64.500000	64.750000	E-2	69	80	1	-5	-7.040401
1346	64.573394	64.836552	A-4	90	80	0	1	-3.460971
1347	64.573394	64.836552	G5	90	80	0	4	-6.366444
1348	64.573394	64.836552	B-5	90	80	0	5	-4.070264
1349	64.750000	65.000000	E-3	90	80	1	-5	-5.534856
1350	64.750000	65.750000	B-3	63	80	1	-3	-3.416097
1351	64.750000	65.000000	G4	90	80	1	-1	-4.531747
1352	64.836552	65.099710	A-4	90	80	0	1	-3.460971
1353	64.836552	65.099710	A-5	90	80	0	4	-3.867317
1354	64.836552	65.099710	B-5	90	80	0	5	-2.706622
1355	65.000000	65.250000	E-3	90	80	1	-5	-5.753604
1356	65.000000	65.250000	D4	90	80	1	-5	-7.597455
1357	65.000000	65.250000	G4	90	80	1	-2	-3.272976
1358	65.099710	65.362868	A-4	90	80	0	1	-3.460971
1359	65.099710	65.362868	D5	90	80	0	2	-5.302163
1360	65.099710	65.362868	B-5	90	80	0	5	-4.848026
1361	65.250000	65.500000	E-3	90	80	1	-5	-5.273430
1362	65.250000	65.500000	D4	90	80	1	-5	-7.597455
1363	65.250000	65.500000	G4	90	80	1	-2	-3.272976
1364	65.362868	65.757605	G4	90	80	0	1	-4.990776
1365	65.362868	65.757605	E-5	90	80	0	3	-5.042408
1366	65.362868	65.757605	B-5	90	80	0	5	-4.855832
1367	65.500000	65.750000	E-3	90	80	1	-5	-5.273430
1368	65.500000	65.750000	D4	90	80	1	-5	-7.597455
1369	65.500000	65.750000	G4	90	80	1	-2	-3.272976
1370	65.750000	66.000000	E-3	90	80	1	-5	-5.273430
1371	65.750000	66.000000	D4	90	80	1	-5	-7.597455
1372	65.750000	66.000000	G4	90	80	1	-2	-3.272976
1373	65.757605	66.152341	A4	90	80	0	1	-4.287540
1374	65.757605	66.152341	E-5	90	80	0	2	-5.017340
1375	65.757605	66.152341	C6	90	80	0	5	-4.457166
1376	66.000000	66.250000	E-3	90	80	1	-5	-5.273430
1377	66.000000	66.250000	C4	90	80	1	-4	-7.175636
1378	66.000000	66.250000	A-4	90	80	1	-1	-4.009808
1379	66.152341	66.547078	A4	90	80	0	1	-4.340619
1380	66.152341	66.547078	E-5	90	80	0	2	-5.017340
1381	66.152341	66.547078	B5	90	80	0	5	-3.857051
1382	66.250000	66.500000	E-3	90	80	1	-5	-3.781310
1383	66.250000	66.500000	C-4	90	80	1	-4	-6.683330
1384	66.250000	66.500000	A-4	90	80	1	-1	-4.244654
1385	66.500000	66.750000	E-3	90	80	1	-5	-3.781310
1386	66.500000	66.750000	C-4	90	80	1	-4	-6.683330
1387	66.500000	66.750000	A-4	90	80	1	-1	-4.244654
1388	66.547078	66.941815	A4	90	80	0	1	-3.460971
1389	66.547078	66.941815	E-5	90	80	0	2	-5.017340
1390	66.547078	66.941815	C6	90	80	0	5	-4.457166
1391	66.750000	67.000000	E-3	90	80	1	-5	-3.781310
1392	66.750000	67.000000	C-4	90	80	1	-4	-6.683330
1393	66.750000	67.000000	A-4	90	80	1	-1	-4.244654
1394	66.941815	67.336552	A4	90	80	0	1	-4.340619
1395	66.941815	67.336552	E-5	90	80	0	2	-5.017340
1396	66.941815	67.336552	D6	90	80	0	5	-7.159378
1397	67.000000	67.250000	E-3	90	80	1	-5	-3.781310
1398	67.000000	67.250000	B-3	90	80	1	-4	-4.864358
1399	67.000000	67.250000	A-4	90	80	1	-1	-4.427076
1400	67.250000	67.500000	E-3	90	80	1	-5	-3.781310
1401	67.250000	67.500000	B-3	90	80	1	-4	-4.864358
1402	67.250000	67.500000	A-4	90	80	1	-1	-4.427076
1403	67.336552	67.731289	A4	90	80	0	1	-4.498352
1404	67.336552	67.731289	E-5	90	80	0	2	-5.017340
1405	67.336552	67.731289	C6	90	80	0	5	-4.457166
1406	67.500000	67.750000	E-2	69	80	1	-5	-4.456078
1407	67.731289	68.126026	D5	90	80	0	1	-3.027253
1408	67.731289	68.126026	B-5	90	80	0	3	-5.042408
1409	67.731289	68.126026	F6	90	80	0	5	-6.006705
1410	67.750000	68.000000	E-3	90	80	1	-5	-5.534856
1411	67.750000	68.750000	B-3	63	80	1	-3	-3.416097
1412	67.750000	68.000000	G4	90	80	1	-1	-4.531747
1413	68.000000	68.250000	E-3	90	80	1	-5	-5.753604
1414	68.000000	68.250000	D4	90	80	1	-5	-7.597455
1415	68.000000	68.250000	G4	90	80	1	-2	-3.272976
1416	68.126026	68.520762	A-4	90	80	0	1	-7.499323
1417	68.126026	68.520762	F5	90	80	0	3	-5.995391
1418	68.126026	68.520762	B-5	90	80	0	5	-3.549127
1419	68.250000	68.500000	E-3	90	80	1	-5	-5.273430
1420	68.250000	68.500000	D4	90	80	1	-5	-7.597455
1421	68.250000	68.500000	G4	90	80	1	-2	-3.272976
1422	68.500000	68.750000	E-3	90	80	1	-5	-5.273430
1423	68.500000	68.750000	D4	90	80	1	-5	-7.597455
1424	68.500000	68.750000	G4	90	80	1	-2	-3.272976
1425	68.520762	68.915499	A-4	90	80	0	1	-3.460971
1426	68.520762	68.915499	E5	90	80	0	3	-5.327229
1427	68.520762	68.915499	B-5	90	80	0	5	-5.123457
1428	68.750000	69.000000	E-3	90	80	1	-5	-5.273430
1429	68.750000	69.000000	D4	90	80	1	-5	-7.597455
1430	68.750000	69.000000	G4	90	80	1	-2	-3.272976
1431	68.915499	69.310236	A-4	90	80	0	1	-3.460971
1432	68.915499	69.310236	F5	90	80	0	3	-5.995391
1433	68.915499	69.310236	B-5	90	80	0	5	-3.549127
1434	69.000000	69.250000	E-3	90	80	1	-5	-5.273430
1435	69.000000	69.250000	C4	90	80	1	-4	-7.175636
1436	69.000000	69.250000	A-4	90	80	1	-1	-4.009808
1437	69.250000	69.500000	E-3	90	80	1	-5	-3.781310
1438	69.250000	69.500000	C-4	90	80	1	-4	-6.683330
1439	69.250000	69.500000	A-4	90	80	1	-1	-4.244654
1440	69.310236	69.704973	A-4	90	80	0	1	-3.460971
1441	69.310236	69.704973	G5	90	80	0	4	-6.366444
1442	69.310236	69.704973	B-5	90	80	0	5	-4.070264
1443	69.500000	69.750000	E-3	90	80	1	-5	-3.781310
1444	69.500000	69.750000	C-4	90	80	1	-4	-6.683330
1445	69.500000	69.750000	A-4	90	80	1	-1	-4.244654
1446	69.704973	70.099710	A-4	90	80	0	1	-3.460971
1447	69.704973	70.099710	F5	90	80	0	3	-5.995391
1448	69.704973	70.099710	B-5	90	80	0	5	-3.549127
1449	69.750000	70.000000	E-3	90	80	1	-5	-3.781310
1450	69.750000	70.000000	C-4	90	80	1	-4	-6.683330
1451	69.750000	70.000000	A-4	90	80	1	-1	-4.244654
1452	70.000000	70.250000	E-3	90	80	1	-5	-3.781310
1453	70.000000	70.250000	B-3	90	80	1	-4	-4.864358
1454	70.000000	70.250000	A-4	90	80	1	-1	-4.427076
1455	70.099710	70.494447	A4	90	80	0	1	-4.287540
1456	70.099710	70.494447	G-5	90	80	0	3	-5.527385
1457	70.099710	70.494447	C-6	90	80	0	5	-3.340065
1458	70.250000	70.500000	E-3	90	80	1	-5	-3.781310
1459	70.250000	70.500000	B-3	90	80	1	-4	-4.864358
1460	70.250000	70.500000	A-4	90	80	1	-1	-4.427076
1461	70.494447	70.889183	A4	90	80	0	1	-3.460971
1462	70.494447	70.889183	G-5	90	80	0	3	-5.527385
1463	70.494447	70.889183	C-6	90	80	0	5	-3.340065
1464	70.500000	70.750000	E-3	90	80	1	-5	-3.781310
1465	70.500000	70.750000	B-3	90	80	1	-3	-3.416097
1466	70.500000	70.750000	G4	90	80	1	-1	-4.531747
1467	70.750000	71.000000	A-3	90	80	1	-5	-4.582913
1468	70.750000	71.000000	E-4	90	80	1	-3	-3.416097
1469	70.750000	71.000000	C-5	90	80	1	-1	-3.687814
1470	70.889183	71.283920	A4	90	80	0	1	-3.460971
1471	70.889183	71.283920	F5	90	80	0	3	-4.659051
1472	70.889183	71.283920	C-6	90	80	0	5	-3.128600
1473	71.000000	71.250000	G3	90	80	1	-5	-4.233080
1474	71.000000	71.250000	D4	90	80	1	-3	-3.416097
1475	71.000000	71.250000	F4	90	80	1	-2	-3.046717
1476	71.000000	71.250000	B4	90	80	1	-1	-2.320150
1477	71.250000	71.500000	C4	90	80	1	-5	-3.181034
1478	71.250000	71.500000	E4	90	80	1	-3	-3.170876
1479	71.250000	71.500000	B-4	90	80	1	-1	-4.411093
1480	71.283920	71.678657	A4	90	80	0	1	-3.460971
1481	71.283920	71.678657	G-5	90	80	0	3	-5.527385
1482	71.283920	71.678657	C-6	90	80	0	5	-3.340065
1483	71.500000	71.750000	F3	90	80	1	-5	-5.345987
1484	71.500000	71.750000	C4	90	80	1	-3	-3.416097
1485	71.500000	71.750000	E-4	90	80	1	-2	-3.407298
1486	71.500000	71.750000	A4	90	80	1	-1	-4.366821
1487	71.678657	72.073394	A4	90	80	0	1	-3.460971
1488	71.678657	72.073394	A-5	90	80	0	4	-5.698296
1489	71.678657	72.073394	C-6	90	80	0	5	-3.871087
1490	71.750000	72.000000	B-3	90	80	1	-5	-4.582913
1491	71.750000	72.000000	F4	90	80	1	-3	-6.486255
1492	71.750000	72.000000	A-4	90	80	1	-2	-3.407298
1493	71.750000	72.000000	D5	90	80	1	-1	-4.366821
1494	72.000000	72.250000	E-4	90	80	1	-5	-4.582913
1495	72.000000	72.250000	G4	90	80	1	-3	-4.118108
1496	72.000000	72.250000	E-5	90	80	1	-1	-4.707497
1497	72.073394	72.468131	A4	90	80	0	1	-3.460971
1498	72.073394	72.468131	G-5	90	80	0	3	-5.527385
1499	72.073394	72.468131	C-6	90	80	0	5	-3.340065
1500	72.250000	72.500000	A-3	90	80	1	-5	-4.212346
1501	72.250000	72.500000	E-4	90	80	1	-3	-3.416097
1502	72.250000	72.500000	C-5	90	80	1	-1	-3.687814
1503	72.468131	72.862868	B-4	90	80	0	1	-4.270482
1504	72.468131	72.862868	G5	90	80	0	3	-5.995391
1505	72.468131	72.862868	C6	90	80	0	5	-3.128600
1506	72.500000	72.750000	G3	90	80	1	-5	-4.233080
1507	72.500000	72.750000	D4	90	80	1	-3	-3.416097
1508	72.500000	72.750000	F4	90	80	1	-2	-3.046717
1509	72.500000	72.750000	B4	90	80	1	-1	-2.320150
1510	72.750000	73.000000	C4	90	80	1	-5	-3.181034
1511	72.750000	73.000000	E4	90	80	1	-3	-3.170876
1512	72.750000	73.000000	B-4	90	80	1	-1	-4.411093
1513	72.862868	73.257605	B-4	90	80	0	1	-4.588094
1514	72.862868	73.257605	G5	90	80	0	3	-5.995391
1515	72.862868	73.257605	C6	90	80	0	5	-3.128600
1516	73.000000	73.250000	F3	90	80	1	-5	-5.345987
1517	73.000000	73.250000	C4	90	80	1	-3	-3.416097
1518	73.000000	73.250000	E-4	90	80	1	-2	-3.407298
1519	73.000000	73.250000	A4	90	80	1	-1	-4.366821
1520	73.250000	73.500000	B-3	90	80	1	-5	-4.582913
1521	73.250000	73.500000	F4	90	80	1	-3	-6.486255
1522	73.250000	73.500000	A-4	90	80	1	-2	-3.407298
1523	73.250000	73.500000	D5	90	80	1	-1	-4.366821
1524	73.257605	73.652341	B-4	90	80	0	1	-4.588094
1525	73.257605	73.652341	F#5	90	80	0	2	-5.302163
1526	73.257605	73.652341	C6	90	80	0	5	-4.764150
1527	73.500000	73.750000	E-4	90	80	1	-5	-4.582913
1528	73.500000	73.750000	B-4	90	80	1	-2	-2.554480
1529	73.500000	73.750000	E-5	90	80	1	-1	-2.320150
1530	73.652341	74.047078	B-4	90	80	0	1	-4.588094
1531	73.652341	74.047078	G5	90	80	0	3	-5.995391
1532	73.652341	74.047078	C6	90	80	0	5	-3.128600
1533	73.750000	74.000000	B-3	90	80	1	-5	-3.781310
1534	73.750000	74.000000	G4	90	80	1	-4	-7.175636
1535	73.750000	74.000000	E-5	90	80	1	-1	-4.009808
1536	74.000000	74.250000	A3	90	80	1	-5	-7.040401
1537	74.000000	74.250000	F#4	90	80	1	-2	-4.731534
1538	74.000000	74.250000	E-5	90	80	1	-1	-5.516002
1539	74.047078	74.441815	B-4	90	80	0	1	-4.588094
1540	74.047078	74.441815	A5	90	80	0	4	-6.366444
1541	74.047078	74.441815	C6	90	80	0	5	-3.402079
1542	74.250000	74.500000	B-3	90	80	1	-5	-3.781310
1543	74.250000	74.500000	G4	90	80	1	-4	-7.175636
1544	74.250000	74.500000	E-5	90	80	1	-1	-4.009808
1545	74.441815	74.836552	B-4	90	80	0	1	-4.588094
1546	74.441815	74.836552	G5	90	80	0	3	-5.995391
1547	74.441815	74.836552	C6	90	80	0	5	-3.128600
1548	74.500000	74.750000	C-4	90	80	1	-5	-5.345987
1549	74.500000	74.750000	A-4	90	80	1	-2	-4.731534
1550	74.500000	74.750000	E-5	90	80	1	-1	-4.047397
1551	74.750000	75.000000	B-3	90	80	1	-5	-3.781310
1552	74.750000	75.000000	A-4	90	80	1	-2	-5.277521
1553	74.750000	75.000000	D5	90	80	1	-1	-4.366821
1554	74.836552	75.231289	C5	90	80	0	1	-1.922714
1555	74.836552	75.231289	F5	90	80	0	2	-2.963617
1556	74.836552	75.231289	A5	90	80	0	3	-3.012122
1557	74.836552	75.231289	C6	90	80	0	5	-2.681011
1558	75.000000	75.250000	E-4	90	80	1	-5	-4.582913
1559	75.000000	75.250000	G4	90	80	1	-3	-4.118108
1560	75.000000	75.250000	E-5	90	80	1	-1	-4.707497
1561	75.231289	75.647955	D5	90	80	0	1	-3.027253
1562	75.231289	75.647955	A-5	90	80	0	2	-5.017340
1563	75.231289	75.647955	F6	90	80	0	5	-4.457166
1564	75.250000	75.500000	B-2	90	80	1	-5	-4.456078
1565	75.250000	75.500000	G3	90	80	1	-4	-7.175636
1566	75.250000	75.500000	E-4	90	80	1	-1	-4.009808
1567	75.500000	75.750000	A2	90	80	1	-5	-7.040401
1568	75.500000	75.750000	F#3	90	80	1	-2	-4.731534
1569	75.500000	75.750000	E-4	90	80	1	-1	-5.516002
1570	75.647955	76.089132	C#5	90	80	0	1	-5.436724
1571	75.647955	76.089132	A-5	90	80	0	2	-3.928858
1572	75.647955	76.089132	E6	90	80	0	5	-3.857051
1573	75.750000	76.000000	B-2	90	80	1	-5	-3.781310
1574	75.750000	76.000000	G3	90	80	1	-4	-7.175636
1575	75.750000	76.000000	E-4	90	80	1	-1	-4.009808
1576	76.000000	76.250000	C-3	90	80	1	-5	-5.345987
1577	76.000000	76.250000	A-3	90	80	1	-2	-4.731534
1578	76.000000	76.250000	E-4	90	80	1	-1	-4.047397
1579	76.089132	76.557882	D5	90	80	0	1	-3.460971
1580	76.089132	76.557882	A-5	90	80	0	2	-5.017340
1581	76.089132	76.557882	F6	90	80	0	5	-4.457166
1582	76.250000	76.500000	B-2	90	80	1	-5	-3.781310
1583	76.250000	76.500000	A-3	90	80	1	-2	-5.277521
1584	76.250000	76.500000	D4	90	80	1	-1	-4.366821
1585	76.500000	76.750000	E-2	51	80	1	-5	-7.040401
1586	76.557882	77.057882	D5	90	80	0	1	-4.340619
1587	76.557882	77.057882	C6	90	80	0	2	-7.583777
1588	76.557882	77.057882	A-6	90	80	0	5	-4.848026
1589	76.750000	77.000000	G2	90	80	1	-3	-4.118108
1590	76.750000	77.000000	E-3	90	80	1	-2	-7.148656
1591	76.750000	77.000000	B-3	90	80	1	-1	-4.047397
1592	77.000000	77.250000	B-2	90	80	1	-5	-2.314770
1593	77.000000	77.250000	G3	90	80	1	-4	-7.175636
1594	77.000000	77.250000	E-4	90	80	1	-1	-4.009808
1595	77.057882	77.593596	D5	90	80	0	1	-7.499323
1596	77.057882	77.593596	B-5	90	80	0	2	-7.306529
1597	77.057882	77.593596	G6	90	80	0	5	-4.457166
1598	77.250000	77.500000	E-3	90	80	1	-5	-2.314770
1599	77.250000	77.500000	B-3	90	80	1	-3	-3.416097
1600	77.250000	77.500000	G4	90	80	1	-1	-4.531747
1601	77.500000	77.750000	G3	90	80	1	-5	-2.314770
1602	77.500000	77.750000	E-4	90	80	1	-2	-4.281723
1603	77.500000	77.750000	B-4	90	80	1	-1	-4.047397
1604	77.593596	78.129310	B-4	90	80	0	1	-7.499323
1605	77.593596	78.129310	G5	90	80	0	2	-6.524929
1606	77.593596	78.129310	E-6	90	80	0	5	-4.848026
1607	77.750000	78.000000	B-2	90	80	1	-5	-5.451251
1608	77.750000	78.000000	G3	90	80	1	-4	-7.175636
1609	77.750000	78.000000	E-4	90	80	1	-1	-4.009808
1610	78.000000	78.500000	E-3	90	80	1	-5	-2.314770
1611	78.000000	78.500000	B-3	90	80	1	-3	-3.416097
1612	78.000000	78.500000	G4	90	80	1	-1	-4.531747
1613	78.129310	78.665025	B-4	90	80	0	1	-4.498352
1614	78.129310	78.665025	G5	90	80	0	4	-4.946245
1615	78.129310	78.665025	B-5	90	80	0	5	-4.070264
1616	78.665025	79.200739	B-4	90	80	0	1	-1.922714
1617	78.665025	79.200739	G5	90	80	0	4	-4.946245
1618	78.665025	79.200739	A5	90	80	0	5	-2.706622
1619	79.000000	79.500000	B-2	58	80	1	-5	-5.753604
1620	79.200739	79.736453	B-4	90	80	0	1	-4.221033
1621	79.200739	79.736453	G5	90	80	0	4	-4.946245
1622	79.200739	79.736453	B-5	90	80	0	5	-4.070264
1623	79.500000	81.000000	E-2	58	80	1	-5	-6.147898
1624	79.736453	80.272168	B-4	90	80	0	1	-1.922714
1625	79.736453	80.272168	G5	90	80	0	3	-5.995391
1626	79.736453	80.272168	C6	90	80	0	5	-3.128600
1627	80.272168	80.807882	B-4	90	80	0	1	-4.588094
1628	80.272168	80.807882	G5	90	80	0	4	-4.946245
1629	80.272168	80.807882	B-5	90	80	0	5	-4.070264
1630	80.807882	81.343596	B-4	90	80	0	1	-1.922714
1631	80.807882	81.343596	A-5	90	80	0	2	-7.583777
1632	80.807882	81.343596	F6	90	80	0	5	-4.457166
1633	81.343596	81.879310	B-4	90	80	0	1	-6.440580
1634	81.343596	81.879310	A-5	90	80	0	4	-4.869085
1635	81.343596	81.879310	B-5	90	80	0	5	-2.706622
1636	81.879310	82.415025	B-4	90	80	0	1	-1.922714
1637	81.879310	82.415025	A-5	90	80	0	4	-4.869085
1638	81.879310	82.415025	A5	90	80	0	5	-3.684684
1639	82.415025	82.950739	B-4	90	80	0	1	-4.221033
1640	82.415025	82.950739	A-5	90	80	0	4	-4.869085
1641	82.415025	82.950739	B-5	90	80	0	5	-2.706622
1642	82.950739	83.486453	B-4	90	80	0	1	-1.922714
1643	82.950739	83.486453	A-5	90	80	0	3	-6.448439
1644	82.950739	83.486453	C6	90	80	0	5	-3.340065
1645	83.486453	84.022168	B-4	90	80	0	1	-4.588094
1646	83.486453	84.022168	A-5	90	80	0	4	-4.869085
1647	83.486453	84.022168	B-5	90	80	0	5	-2.706622
1648	84.022168	84.557882	B-4	90	80	0	1	-1.922714
1649	84.022168	84.557882	G5	90	80	0	2	-6.524929
1650	84.022168	84.557882	B-5	90	80	0	3	-3.409656
1651	84.022168	84.557882	G6	90	80	0	5	-6.889866
1652	84.557882	85.093596	B-4	90	80	0	1	-7.499323
1653	84.557882	85.093596	D5	90	80	0	2	-3.465862
1654	84.557882	85.093596	B-5	90	80	0	3	-7.809211
1655	84.557882	85.093596	D6	90	80	0	5	-3.340065
1656	85.093596	85.629310	B-4	90	80	0	1	-5.436724
1657	85.093596	85.629310	E-5	90	80	0	2	-2.963617
1658	85.093596	85.629310	B-5	90	80	0	3	-6.082358
1659	85.093596	85.629310	E-6	90	80	0	5	-3.128600
1660	85.629310	86.165025	B4	90	80	0	1	-5.695314
1661	85.629310	86.165025	E-5	90	80	0	2	-3.275273
1662	85.629310	86.165025	D6	90	80	0	5	-7.159378
1663	86.165025	86.700739	C5	90	80	0	1	-3.460971
1664	86.165025	86.700739	E-5	90	80	0	2	-3.246278
1665	86.165025	86.700739	C6	90	80	0	5	-4.457166
1666	86.700739	87.236453	C5	90	80	0	1	-1.922714
1667	86.700739	87.236453	F5	90	80	0	2	-2.963617
1668	86.700739	87.236453	F6	90	80	0	5	-5.608073
1669	87.236453	87.772168	B-4	90	80	0	1	-6.440580
1670	87.236453	87.772168	G5	90	80	0	2	-6.524929
1671	87.236453	87.772168	E-6	90	80	0	5	-4.848026
1672	87.772168	88.307882	C5	90	80	0	1	-4.990776
1673	87.772168	88.307882	G-5	90	80	0	2	-5.017340
1674	87.772168	88.307882	A5	90	80	0	3	-3.265372
1675	87.772168	88.307882	E-6	90	80	0	5	-5.123457
1676	88.307882	88.843596	B-4	90	80	0	1	-4.498352
1677	88.307882	88.843596	F5	90	80	0	2	-6.099041
1678	88.307882	88.843596	B-5	90	80	0	3	-4.632489
1679	88.307882	88.843596	D6	90	80	0	5	-3.340065
1680	88.843596	89.379310	B-4	90	80	0	1	-5.436724
1681	88.843596	89.379310	E5	90	80	0	2	-5.302163
1682	88.843596	89.379310	G5	90	80	0	3	-3.012122
1683	88.843596	89.379310	D-6	90	80	0	5	-5.123457
1684	89.379310	89.915025	A-4	90	80	0	1	-4.498352
1685	89.379310	89.915025	F5	90	80	0	2	-6.524929
1686	89.379310	89.915025	A-5	90	80	0	3	-3.409656
1687	89.379310	89.915025	C6	90	80	0	5	-3.340065
1688	89.915025	90.450739	C5	90	80	0	1	-1.922714
1689	89.915025	90.450739	G5	90	80	0	2	-3.928858
1690	89.915025	90.450739	B-5	90	80	0	3	-3.409656
1691	89.915025	90.450739	E6	90	80	0	5	-5.682377
1692	90.450739	90.986453	C5	90	80	0	1	-4.340619
1693	90.450739	90.986453	A-5	90	80	0	2	-7.306529
1694	90.450739	90.986453	F6	90	80	0	5	-4.457166
1695	90.986453	91.522168	C5	90	80	0	1	-4.498352
1696	90.986453	91.522168	A-5	90	80	0	3	-5.042408
1697	90.986453	91.522168	C6	90	80	0	5	-3.340065
1698	91.522168	92.057882	B4	90	80	0	1	-3.460971
1699	91.522168	92.057882	A-5	90	80	0	4	-4.568866
1700	91.522168	92.057882	B5	90	80	0	5	-3.871087
1701	92.057882	92.593596	C5	90	80	0	1	-3.027253
1702	92.057882	92.593596	A-5	90	80	0	3	-5.042408
1703	92.057882	92.593596	C6	90	80	0	5	-3.340065
1704	92.593596	93.129310	D-5	90	80	0	1	-4.221033
1705	92.593596	93.129310	A-5	90	80	0	3	-3.751952
1706	92.593596	93.129310	D-6	90	80	0	5	-3.128600
1707	93.129310	93.665025	C5	90	80	0	1	-4.287540
1708	93.129310	93.665025	A-5	90	80	0	3	-5.042408
1709	93.129310	93.665025	C6	90	80	0	5	-3.340065
1710	93.665025	94.200739	C5	90	80	0	1	-1.922714
1711	93.665025	94.200739	G5	90	80	0	2	-3.928858
1712	93.665025	94.200739	B-5	90	80	0	3	-3.409656
1713	93.665025	94.200739	G6	90	80	0	5	-6.889866
1714	94.200739	94.736453	C5	90	80	0	1	-5.027158
1715	94.200739	94.736453	G5	90	80	0	2	-3.928858
1716	94.200739	94.736453	B-5	90	80	0	3	-3.409656
1717	94.200739	94.736453	C6	90	80	0	5	-3.635747
1718	94.736453	95.272168	B4	90	80	0	1	-3.460971
1719	94.736453	95.272168	G5	90	80	0	3	-4.659051
1720	94.736453	95.272168	B-5	90	80	0	4	-4.476680
1721	94.736453	95.272168	B5	90	80	0	5	-3.684684
1722	95.272168	95.807882	C5	90	80	0	1	-3.027253
1723	95.272168	95.807882	G5	90	80	0	2	-3.928858
1724	95.272168	95.807882	B-5	90	80	0	3	-3.409656
1725	95.272168	95.807882	C6	90	80	0	5	-3.635747
1726	95.807882	96.343596	D-5	90	80	0	1	-4.221033
1727	95.807882	96.343596	G5	90	80	0	2	-5.302163
1728	95.807882	96.343596	B-5	90	80	0	3	-3.409656
1729	95.807882	96.343596	D-6	90	80	0	5	-2.681011
1730	96.343596	96.879310	C5	90	80	0	1	-4.287540
1731	96.343596	96.879310	G5	90	80	0	2	-3.928858
1732	96.343596	96.879310	B-5	90	80	0	3	-3.409656
1733	96.343596	96.879310	C6	90	80	0	5	-3.635747
1734	96.879310	97.415025	C5	90	80	0	1	-1.922714
1735	96.879310	97.415025	A-5	90	80	0	1	-7.672902
1736	96.879310	97.415025	C6	90	80	0	2	-3.465862
1737	96.879310	97.415025	A-6	90	80	0	5	-4.848026
1738	97.415025	97.950739	E-5	90	80	0	1	-4.498352
1739	97.415025	97.950739	B-5	90	80	0	2	-3.928858
1740	97.415025	97.950739	E-6	90	80	0	3	-4.897982
1741	97.415025	97.950739	G6	90	80	0	5	-3.340065
1742	97.950739	98.486453	F5	90	80	0	1	-3.460971
1743	97.950739	98.486453	C6	90	80	0	2	-3.928858
1744	97.950739	98.486453	E-6	90	80	0	3	-3.409656
1745	97.950739	98.486453	F6	90	80	0	5	-3.635747
1746	98.486453	99.022168	E-5	90	80	0	1	-4.588094
1747	98.486453	99.022168	C-6	90	80	0	2	-6.099041
1748	98.486453	99.022168	E-6	90	80	0	4	-3.522723
1749	98.486453	99.022168	F6	90	80	0	5	-3.871087
1750	99.022168	99.557882	D5	90	80	0	1	-4.340619
1751	99.022168	99.557882	B-5	90	80	0	3	-5.042408
1752	99.022168	99.557882	F6	90	80	0	5	-6.006705
1753	99.557882	100.093596	D5	90	80	0	1	-4.340619
1754	99.557882	100.093596	A-5	90	80	0	2	-5.017340
1755	99.557882	100.093596	G6	90	80	0	5	-7.159378
1756	100.093596	100.629310	E5	90	80	0	1	-4.340619
1757	100.093596	100.629310	D6	90	80	0	3	-6.448439
1758	100.093596	100.629310	G6	90	80	0	5	-3.128600
1759	100.629310	101.165025	E5	90	80	0	1	-4.340619
1760	100.629310	101.165025	C#6	90	80	0	3	-5.527385
1761	100.629310	101.165025	G6	90	80	0	5	-5.682377
1762	101.165025	101.700739	E5	90	80	0	1	-4.340619
1763	101.165025	101.700739	C#6	90	80	0	3	-5.527385
1764	101.165025	101.700739	G6	90	80	0	5	-5.682377
1765	101.700739	102.236453	E-5	90	80	0	1	-5.436724
1766	101.700739	102.236453	D-6	90	80	0	3	-6.448439
1767	101.700739	102.236453	G6	90	80	0	5	-5.682377
1768	102.236453	102.772168	E-5	90	80	0	1	-5.436724
1769	102.236453	102.772168	D-6	90	80	0	3	-6.448439
1770	102.236453	102.772168	G-6	90	80	0	5	-3.128600
1771	102.772168	103.307882	E-5	90	80	0	1	-4.340619
1772	102.772168	103.307882	C6	90	80	0	3	-5.995391
1773	102.772168	103.307882	G-6	90	80	0	5	-5.123457
1774	103.307882	103.843596	E-5	90	80	0	1	-4.340619
1775	103.307882	103.843596	C6	90	80	0	3	-5.995391
1776	103.307882	103.843596	G-6	90	80	0	5	-5.123457
1777	103.843596	104.379310	D5	90	80	0	1	-5.695314
1778	103.843596	104.379310	C6	90	80	0	3	-6.448439
1779	103.843596	104.379310	F6	90	80	0	5	-3.128600
1780	104.379310	104.915025	D5	90	80	0	1	-4.340619
1781	104.379310	104.915025	C6	90	80	0	3	-6.448439
1782	104.379310	104.915025	F6	90	80	0	5	-3.128600
1783	104.915025	105.450739	D5	90	80	0	1	-4.340619
1784	104.915025	105.450739	B5	90	80	0	2	-5.302163
1785	104.915025	105.450739	F6	90	80	0	5	-3.528229
1786	105.450739	105.986453	D5	90	80	0	1	-4.340619
1787	105.450739	105.986453	B5	90	80	0	2	-5.302163
1788	105.450739	105.986453	F6	90	80	0	5	-3.528229
1789	105.986453	106.522168	C#5	90	80	0	1	-5.436724
1790	105.986453	106.522168	B5	90	80	0	3	-5.995391
1791	105.986453	106.522168	E6	90	80	0	5	-3.128600
1792	106.522168	107.057882	C#5	90	80	0	1	-4.588094
1793	106.522168	107.057882	B5	90	80	0	3	-5.995391
1794	106.522168	107.057882	E6	90	80	0	5	-3.128600
1795	107.057882	107.593596	C#5	90	80	0	1	-4.588094
1796	107.057882	107.593596	A#5	90	80	0	2	-5.302163
1797	107.057882	107.593596	E6	90	80	0	5	-4.764150
1798	107.593596	108.129310	C#5	90	80	0	1	-4.588094
1799	107.593596	108.129310	A#5	90	80	0	2	-5.302163
1800	107.593596	108.129310	E6	90	80	0	5	-4.764150
1801	108.129310	108.665025	C5	90	80	0	1	-4.340619
1802	108.129310	108.665025	B-5	90	80	0	3	-5.527385
1803	108.129310	108.665025	E-6	90	80	0	5	-3.128600
1804	108.665025	109.200739	C5	90	80	0	1	-4.990776
1805	108.665025	109.200739	B-5	90	80	0	3	-5.527385
1806	108.665025	109.200739	E-6	90	80	0	5	-3.128600
1807	109.200739	109.736453	C5	90	80	0	1	-4.990776
1808	109.200739	109.736453	A5	90	80	0	3	-4.659051
1809	109.200739	109.736453	E-6	90	80	0	5	-5.123457
1810	109.736453	110.272168	C5	90	80	0	1	-4.990776
1811	109.736453	110.272168	A5	90	80	0	3	-4.659051
1812	109.736453	110.272168	E-6	90	80	0	5	-5.123457
1813	110.272168	110.807882	A4	90	80	0	1	-7.499323
1814	110.272168	110.807882	E-5	90	80	0	2	-5.017340
1815	110.272168	110.807882	C6	90	80	0	5	-4.457166
1816	110.807882	111.343596	A-4	90	80	0	1	-5.436724
1817	110.807882	111.343596	D5	90	80	0	2	-5.302163
1818	110.807882	111.343596	C6	90	80	0	5	-6.184352
1819	111.343596	111.879310	A-4	90	80	0	1	-5.436724
1820	111.343596	111.879310	D5	90	80	0	2	-5.302163
1821	111.343596	111.879310	B-5	90	80	0	5	-4.848026
1822	111.879310	112.415025	A-4	90	80	0	1	-3.460971
1823	111.879310	112.415025	D5	90	80	0	3	-5.088322
1824	111.879310	112.415025	A-5	90	80	0	5	-5.123457
1825	112.415025	112.950739	A-4	90	80	0	1	-1.922714
1826	112.415025	112.950739	D5	90	80	0	3	-5.088322
1827	112.415025	112.950739	F5	90	80	0	5	-2.681011
1828	112.950739	113.665025	G4	90	80	0	1	-3.027253
1829	112.950739	113.665025	E-5	90	80	0	4	-4.298356
1830	113.665025	114.059762	D-5	90	80	0	1	-4.636880
1831	113.665025	114.059762	B-5	90	80	0	3	-4.659051
1832	113.665025	114.059762	E-6	90	80	0	5	-3.128600
1833	114.059762	114.454498	D-5	90	80	0	1	-3.460971
1834	114.059762	114.454498	A5	90	80	0	3	-5.327229
1835	114.059762	114.454498	E-6	90	80	0	5	-5.123457
1836	114.454498	114.849235	D-5	90	80	0	1	-3.460971
1837	114.454498	114.849235	B-5	90	80	0	3	-4.659051
1838	114.454498	114.849235	E-6	90	80	0	5	-3.128600
1839	114.849235	115.243972	D-5	90	80	0	1	-3.460971
1840	114.849235	115.243972	C6	90	80	0	4	-6.366444
1841	114.849235	115.243972	E-6	90	80	0	5	-4.070264
1842	115.243972	115.638709	D-5	90	80	0	1	-3.460971
1843	115.243972	115.638709	G5	90	80	0	2	-5.302163
1844	115.243972	115.638709	E-6	90	80	0	5	-4.848026
1845	115.638709	116.033446	C5	90	80	0	1	-4.990776
1846	115.638709	116.033446	A-5	90	80	0	3	-5.042408
1847	115.638709	116.033446	E-6	90	80	0	5	-4.855832
1848	116.033446	116.428183	D5	90	80	0	1	-4.287540
1849	116.033446	116.428183	A-5	90	80	0	2	-5.017340
1850	116.033446	116.428183	F6	90	80	0	5	-4.457166
1851	116.428183	116.822919	D5	90	80	0	1	-4.340619
1852	116.428183	116.822919	A-5	90	80	0	2	-5.017340
1853	116.428183	116.822919	E6	90	80	0	5	-3.857051
1854	116.822919	117.217656	D5	90	80	0	1	-3.460971
1855	116.822919	117.217656	A-5	90	80	0	2	-5.017340
1856	116.822919	117.217656	F6	90	80	0	5	-4.457166
1857	117.217656	117.612393	D5	90	80	0	1	-4.340619
1858	117.217656	117.612393	A-5	90	80	0	2	-5.017340
1859	117.217656	117.612393	G6	90	80	0	5	-7.159378
1860	117.612393	118.007130	D5	90	80	0	1	-4.498352
1861	117.612393	118.007130	A-5	90	80	0	2	-5.017340
1862	117.612393	118.007130	F6	90	80	0	5	-4.457166
1863	118.007130	118.721416	G5	90	80	0	1	-3.027253
1864	118.007130	118.721416	E-6	90	80	0	3	-5.042408
1865	118.007130	118.721416	B-6	90	80	0	5	-4.855832
1866	118.721416	119.116153	D-5	90	80	0	1	-6.163296
1867	118.721416	119.116153	B-5	90	80	0	3	-4.659051
1868	118.721416	119.116153	E-6	90	80	0	5	-3.128600
1869	119.116153	119.510889	D-5	90	80	0	1	-3.460971
1870	119.116153	119.510889	A5	90	80	0	3	-5.327229
1871	119.116153	119.510889	E-6	90	80	0	5	-5.123457
1872	119.510889	119.905626	D-5	90	80	0	1	-3.460971
1873	119.510889	119.905626	B-5	90	80	0	3	-4.659051
1874	119.510889	119.905626	E-6	90	80	0	5	-3.128600
1875	119.905626	120.300363	D-5	90	80	0	1	-3.460971
1876	119.905626	120.300363	C6	90	80	0	4	-6.366444
1877	119.905626	120.300363	E-6	90	80	0	5	-4.070264
1878	120.300363	120.695100	D-5	90	80	0	1	-3.460971
1879	120.300363	120.695100	G5	90	80	0	2	-5.302163
1880	120.300363	120.695100	E-6	90	80	0	5	-4.848026
1881	120.695100	121.089837	C5	90	80	0	1	-4.990776
1882	120.695100	121.089837	A-5	90	80	0	3	-5.042408
1883	120.695100	121.089837	E-6	90	80	0	5	-4.855832
1884	121.089837	121.484574	D5	90	80	0	1	-4.287540
1885	121.089837	121.484574	A-5	90	80	0	2	-5.017340
1886	121.089837	121.484574	F6	90	80	0	5	-4.457166
1887	121.484574	121.879310	D5	90	80	0	1	-4.340619
1888	121.484574	121.879310	A-5	90	80	0	2	-5.017340
1889	121.484574	121.879310	E6	90	80	0	5	-3.857051
1890	121.879310	122.274047	D5	90	80	0	1	-3.460971
1891	121.879310	122.274047	A-5	90	80	0	2	-5.017340
1892	121.879310	122.274047	F6	90	80	0	5	-4.457166
1893	122.274047	122.668784	D5	90	80	0	1	-4.340619
1894	122.274047	122.668784	A-5	90	80	0	2	-5.017340
1895	122.274047	122.668784	G6	90	80	0	5	-7.159378
1896	122.668784	123.063521	D5	90	80	0	1	-4.498352
1897	122.668784	123.063521	A-5	90	80	0	2	-5.017340
1898	122.668784	123.063521	F6	90	80	0	5	-4.457166
1899	123.063521	123.458258	G5	90	80	0	1	-3.027253
1900	123.063521	123.458258	E-6	90	80	0	3	-5.042408
1901	123.063521	123.458258	B-6	90	80	0	5	-4.855832
1902	123.458258	123.852995	A-5	90	80	0	1	-3.460971
1903	123.458258	123.852995	E-6	90	80	0	2	-3.928858
1904	123.458258	123.852995	C-7	90	80	0	5	-3.857051
1905	123.852995	124.247731	G5	90	80	0	1	-4.340619
1906	123.852995	124.247731	D6	90	80	0	2	-3.928858
1907	123.852995	124.247731	B6	90	80	0	5	-3.767315
1908	124.247731	124.642468	G5	90	80	0	1	-4.340619
1909	124.247731	124.642468	E6	90	80	0	2	-5.302163
1910	124.247731	124.642468	C7	90	80	0	5	-3.767315
1911	124.642468	125.037205	A5	90	80	0	1	-4.340619
1912	124.642468	125.037205	E-6	90	80	0	2	-5.017340
1913	124.642468	125.037205	C7	90	80	0	5	-4.457166
1914	125.037205	125.431942	B-5	90	80	0	1	-4.588094
1915	125.037205	125.431942	D6	90	80	0	2	-3.465862
1916	125.037205	125.431942	B-6	90	80	0	5	-4.848026
1917	125.431942	125.826679	G5	90	80	0	1	-4.990776
1918	125.431942	125.826679	E-6	90	80	0	3	-5.042408
1919	125.431942	125.826679	G6	90	80	0	5	-3.340065
1920	125.826679	126.221416	A-5	90	80	0	1	-4.221033
1921	125.826679	126.221416	E-6	90	80	0	2	-3.928858
1922	125.826679	126.221416	C-7	90	80	0	5	-3.857051
1923	126.221416	126.616153	G5	90	80	0	1	-4.340619
1924	126.221416	126.616153	D6	90	80	0	2	-3.928858
1925	126.221416	126.616153	B6	90	80	0	5	-3.767315
1926	126.616153	127.010889	G5	90	80	0	1	-4.340619
1927	126.616153	127.010889	E6	90	80	0	2	-5.302163
1928	126.616153	127.010889	C7	90	80	0	5	-3.767315
1929	127.010889	127.405626	A5	90	80	0	1	-4.340619
1930	127.010889	127.405626	E-6	90	80	0	2	-5.017340
1931	127.010889	127.405626	C7	90	80	0	5	-4.457166
1932	127.405626	127.800363	B-5	90	80	0	1	-4.588094
1933	127.405626	127.800363	D6	90	80	0	2	-3.465862
1934	127.405626	127.800363	B-6	90	80	0	5	-4.848026
1935	127.800363	129.379310	G5	90	80	0	1	-4.990776
1936	127.800363	129.379310	E-6	90	80	0	3	-5.042408
1937	127.800363	129.379310	G6	90	80	0	5	-3.340065
1938	129.379310	130.168784	A-5	126	80	0	1	-4.221033
1939	129.379310	129.971416	G6	127	80	0	5	-6.053771
1940	129.971416	130.168784	F6	126	80	0	4	-2.814339
1941	130.168784	130.958258	G5	126	80	0	1	-3.549056
1942	130.168784	130.958258	E-6	126	80	0	5	-4.305381
1943	131.747731	132.537205	A-4	126	80	0	1	-5.027158
1944	131.747731	132.274047	G5	127	80	0	5	-6.053771
1945	132.274047	132.405626	F5	126	80	0	4	-2.814339
1946	132.405626	132.537205	E-5	126	80	0	3	-3.510496
1947	132.537205	133.474705	G4	90	80	0	1	-4.449629
1948	132.537205	133.474705	E-5	90	80	0	5	-4.305381
1949	133.474705	133.869442	E-4	90	80	0	1	-1.922714
1950	133.474705	133.869442	B-4	90	80	0	2	-3.928858
1951	133.474705	133.869442	G5	90	80	0	5	-4.457166
1952	133.869442	134.264179	G4	90	80	0	1	-1.922714
1953	133.869442	134.264179	E-5	90	80	0	3	-5.042408
1954	133.869442	134.264179	B-5	90	80	0	5	-4.855832
1955	134.264179	134.658916	B-4	90	80	0	1	-1.922714
1956	134.264179	134.658916	G5	90	80	0	2	-6.524929
1957	134.264179	134.658916	E-6	90	80	0	5	-4.848026
1958	134.658916	135.053653	E-5	90	80	0	1	-1.922714
1959	134.658916	135.053653	B-5	90	80	0	2	-3.928858
1960	134.658916	135.053653	G6	90	80	0	5	-4.457166
1961	135.053653	135.448389	G4	90	80	0	1	-6.163296
1962	135.053653	135.448389	E-5	90	80	0	3	-5.042408
1963	135.053653	135.448389	B-5	90	80	0	5	-4.855832
1964	135.448389	136.237863	B-4	90	80	0	1	-1.922714
1965	135.448389	136.237863	G5	90	80	0	2	-6.524929
1966	135.448389	136.237863	E-6	90	80	0	4	-7.148284
1967	137.027337	138.527337	B-6	127	80	0	1	-7.338864
1968	138.527337	143.027337	E-7	127	80	0	2	-2.963617
