//Version: PianoFingering_v170101
1	0.000000	0.250000	E-4	90	80	0	1	-0.925785
2	0.000000	0.500000	E-3	90	80	1	-4	-2.503909
3	0.000000	0.500000	G3	90	80	1	-2	-2.871001
4	0.250000	0.500000	E-4	90	80	0	1	-4.507997
5	0.500000	1.000000	G4	127	80	0	2	-3.465862
6	0.500000	1.000000	B-3	127	80	1	-1	-3.101885
7	1.000000	1.250000	G4	127	80	0	2	-4.554564
8	1.000000	1.500000	D3	90	80	1	-4	-5.233707
9	1.000000	1.500000	F3	90	80	1	-2	-2.359478
10	1.250000	1.500000	G4	127	80	0	2	-4.554564
11	1.500000	2.000000	B-4	127	80	0	3	-3.409656
12	1.500000	2.000000	B-3	127	80	1	-1	-3.194227
13	2.000000	2.250000	B-4	127	80	0	3	-4.378151
14	2.000000	2.500000	C3	90	80	1	-5	-4.087479
15	2.000000	2.500000	E-3	90	80	1	-3	-4.350585
16	2.250000	2.500000	B-4	127	80	0	3	-4.378151
17	2.500000	3.000000	E-5	127	80	0	5	-3.128600
18	2.500000	3.000000	B-3	127	80	1	-1	-3.342645
19	3.000000	3.250000	E-5	127	80	0	5	-4.495609
20	3.000000	3.500000	D3	90	80	1	-4	-5.233707
21	3.000000	3.500000	F3	90	80	1	-2	-2.359478
22	3.250000	3.500000	E-5	127	80	0	5	-4.495609
23	3.500000	4.500000	B-4	127	80	0	3	-3.854029
24	3.500000	4.000000	B-3	127	80	1	-1	-3.194227
25	4.000000	4.500000	E-3	90	80	1	-4	-3.752799
26	4.000000	4.500000	G3	90	80	1	-2	-2.871001
27	4.500000	4.750000	G4	127	80	0	2	-3.286699
28	4.500000	5.000000	B-3	127	80	1	-1	-3.101885
29	4.750000	5.000000	B-4	127	80	0	4	-4.064995
30	5.000000	5.250000	A-4	127	80	0	3	-2.238713
31	5.000000	5.500000	E-3	90	80	1	-4	-3.752799
32	5.000000	5.500000	G3	90	80	1	-2	-2.871001
33	5.250000	5.500000	G4	127	80	0	2	-2.803601
34	5.500000	5.750000	E-4	127	80	0	1	-3.898407
35	5.500000	6.000000	B-3	127	80	1	-1	-3.101885
36	5.750000	6.000000	G4	127	80	0	3	-4.456068
37	6.000000	6.250000	F4	127	80	0	2	-2.287533
38	6.000000	6.500000	B-2	90	80	1	-5	-2.314770
39	6.000000	6.500000	F3	90	80	1	-2	-4.203307
40	6.250000	6.500000	E-4	127	80	0	1	-3.967913
41	6.500000	7.000000	F4	127	80	0	2	-3.493146
42	6.500000	7.000000	B-3	127	80	1	-1	-3.194227
43	7.000000	7.250000	F4	127	80	0	2	-4.554564
44	7.000000	7.500000	B-2	90	80	1	-5	-2.314770
45	7.000000	7.500000	F3	90	80	1	-2	-4.203307
46	7.250000	7.500000	G4	127	80	0	3	-2.675961
47	7.500000	8.000000	F4	127	80	0	2	-2.287533
48	7.500000	8.000000	B-3	127	80	1	-1	-3.194227
49	8.000000	8.250000	E-4	127	80	0	1	-3.967913
50	8.000000	8.500000	E-3	90	80	1	-4	-3.752799
51	8.000000	8.500000	G3	90	80	1	-2	-2.871001
52	8.250000	8.500000	E-4	127	80	0	1	-4.507997
53	8.500000	9.000000	E-4	127	80	0	1	-4.507997
54	8.500000	9.000000	B-3	127	80	1	-1	-3.101885
55	9.000000	9.250000	E-4	127	80	0	1	-4.507997
56	9.000000	9.500000	E-3	90	80	1	-4	-3.752799
57	9.000000	9.500000	G3	90	80	1	-2	-2.871001
58	9.250000	9.500000	F4	127	80	0	2	-3.493146
59	9.500000	9.750000	G4	127	80	0	3	-2.675961
60	9.500000	10.000000	B-3	127	80	1	-1	-3.101885
61	9.750000	10.000000	B-4	127	80	0	4	-4.476680
62	10.000000	10.250000	A-4	127	80	0	3	-2.238713
63	10.000000	10.500000	E-3	90	80	1	-4	-3.752799
64	10.000000	10.500000	G3	90	80	1	-2	-2.871001
65	10.250000	10.500000	G4	127	80	0	2	-2.803601
66	10.500000	10.750000	E-4	127	80	0	1	-3.898407
67	10.500000	11.000000	B-3	127	80	1	-1	-3.101885
68	10.750000	11.000000	G4	127	80	0	3	-4.456068
69	11.000000	11.250000	F4	127	80	0	2	-2.287533
70	11.000000	11.500000	E-3	90	80	1	-4	-3.752799
71	11.000000	11.500000	A-3	90	80	1	-2	-2.507290
72	11.250000	11.500000	E-4	127	80	0	1	-3.967913
73	11.500000	12.000000	A-4	127	80	0	2	-2.963617
74	11.500000	12.000000	C4	127	80	1	-1	-3.262923
75	12.000000	12.250000	B-4	127	80	0	3	-2.675961
76	12.000000	12.500000	E-3	90	80	1	-4	-4.497131
77	12.000000	12.500000	G3	90	80	1	-2	-2.871001
78	12.250000	12.500000	C5	127	80	0	4	-4.111873
79	12.500000	13.000000	B-4	127	80	0	2	-4.090178
80	12.500000	13.000000	B-3	127	80	1	-1	-3.101885
81	13.000000	13.250000	E-5	127	80	0	4	-2.909306
82	13.000000	13.500000	E-3	90	80	1	-4	-3.752799
83	13.000000	13.500000	G3	90	80	1	-2	-2.871001
84	13.250000	13.500000	F5	127	80	0	1	-5.463421
85	13.500000	13.750000	G5	127	80	0	2	-2.867384
86	13.500000	14.000000	B-3	127	80	1	-1	-3.101885
87	13.750000	14.000000	B-5	127	80	0	4	-4.064995
88	14.000000	14.250000	A-5	127	80	0	3	-2.238713
89	14.000000	14.500000	E-3	90	80	1	-4	-3.752799
90	14.000000	14.500000	G3	90	80	1	-2	-2.871001
91	14.250000	14.500000	G5	127	80	0	2	-2.803601
92	14.500000	14.750000	E-5	127	80	0	1	-3.898407
93	14.500000	15.000000	B-3	127	80	1	-1	-3.101885
94	14.750000	15.000000	G5	127	80	0	3	-4.456068
95	15.000000	15.250000	F5	127	80	0	2	-2.287533
96	15.000000	15.500000	B-2	90	80	1	-5	-2.314770
97	15.000000	15.500000	F3	90	80	1	-2	-4.203307
98	15.250000	15.500000	E-5	127	80	0	1	-3.967913
99	15.500000	16.000000	F5	127	80	0	2	-3.493146
100	15.500000	16.000000	B-3	127	80	1	-1	-3.194227
101	16.000000	16.250000	A5	127	80	0	3	-3.012122
102	16.000000	16.500000	E-3	90	80	1	-4	-3.752799
103	16.000000	16.500000	G3	90	80	1	-2	-2.871001
104	16.250000	16.500000	B-5	127	80	0	4	-4.152325
105	16.500000	17.000000	E-5	127	80	0	5	-6.973780
106	16.500000	17.000000	B-3	127	80	1	-1	-3.101885
107	17.000000	17.250000	E-4	127	80	0	1	-1.922714
108	17.000000	17.500000	E-3	90	80	1	-4	-3.752799
109	17.000000	17.500000	G3	90	80	1	-2	-2.871001
110	17.250000	17.500000	F4	127	80	0	2	-3.493146
111	17.500000	18.000000	E-5	127	80	0	5	-4.989350
