//Version: PianoFingering_v170101
1	0.000000	1.750000	E4	63	80	0	3	-1.701607
2	0.000000	0.250000	E2	63	80	1	-5	-0.504576
3	0.000000	0.250000	B2	63	80	1	-2	-2.554480
4	0.250000	0.500000	A#2	63	80	1	-3	-3.848567
5	0.250000	0.500000	G3	63	80	1	-1	-4.531747
6	0.500000	0.750000	E2	63	80	1	-5	-4.233080
7	0.500000	0.750000	B2	63	80	1	-3	-3.416097
8	0.750000	1.000000	G2	63	80	1	-5	-3.990113
9	0.750000	1.000000	G3	63	80	1	-1	-1.202832
10	1.000000	1.250000	E2	63	80	1	-5	-4.233080
11	1.000000	1.250000	B2	63	80	1	-2	-2.554480
12	1.250000	1.500000	A#2	63	80	1	-3	-3.848567
13	1.250000	1.500000	G3	63	80	1	-1	-4.531747
14	1.500000	1.750000	E2	63	80	1	-5	-4.233080
15	1.500000	1.750000	B2	63	80	1	-3	-3.416097
16	1.750000	2.000000	B3	63	80	0	1	-2.905888
17	1.750000	2.000000	G2	63	80	1	-5	-3.990113
18	1.750000	2.000000	G3	63	80	1	-1	-1.202832
19	2.000000	4.000000	D4	63	80	0	2	-2.525967
20	2.000000	2.250000	E2	63	80	1	-5	-4.233080
21	2.000000	2.250000	B2	63	80	1	-2	-2.554480
22	2.250000	2.500000	A#2	63	80	1	-3	-3.848567
23	2.250000	2.500000	G3	63	80	1	-1	-4.531747
24	2.500000	2.750000	E2	63	80	1	-5	-4.233080
25	2.500000	2.750000	B2	63	80	1	-3	-3.416097
26	2.750000	3.000000	G2	63	80	1	-5	-3.990113
27	2.750000	3.000000	G3	63	80	1	-1	-1.202832
28	3.000000	3.250000	E2	63	80	1	-5	-4.233080
29	3.000000	3.250000	B2	63	80	1	-2	-2.554480
30	3.250000	3.500000	A#2	63	80	1	-3	-3.848567
31	3.250000	3.500000	G3	63	80	1	-1	-4.531747
32	3.500000	3.750000	E2	63	80	1	-5	-4.233080
33	3.500000	3.750000	B2	63	80	1	-3	-3.416097
34	3.750000	4.000000	G2	63	80	1	-5	-3.990113
35	3.750000	4.000000	G3	63	80	1	-1	-1.202832
36	4.000000	4.750000	D4	63	80	0	2	-4.554564
37	4.000000	4.250000	E2	90	80	1	-5	-4.233080
38	4.000000	4.250000	B2	90	80	1	-2	-2.554480
39	4.250000	4.500000	A#2	90	80	1	-3	-3.848567
40	4.250000	4.500000	G3	90	80	1	-1	-4.531747
41	4.500000	4.750000	E2	90	80	1	-5	-4.233080
42	4.500000	4.750000	B2	90	80	1	-3	-3.416097
43	4.750000	5.000000	E4	63	80	0	3	-2.675961
44	4.750000	5.000000	G2	90	80	1	-5	-3.990113
45	4.750000	5.000000	G3	90	80	1	-1	-1.202832
46	5.000000	5.750000	D4	63	80	0	2	-2.287533
47	5.000000	5.250000	E2	90	80	1	-5	-4.233080
48	5.000000	5.250000	B2	90	80	1	-2	-2.554480
49	5.250000	5.500000	A#2	90	80	1	-3	-3.848567
50	5.250000	5.500000	G3	90	80	1	-1	-4.531747
51	5.500000	5.750000	E2	90	80	1	-5	-4.233080
52	5.500000	5.750000	B2	90	80	1	-3	-3.416097
53	5.750000	6.000000	A3	63	80	0	1	-3.434905
54	5.750000	6.000000	G2	90	80	1	-5	-3.990113
55	5.750000	6.000000	G3	90	80	1	-1	-1.202832
56	6.000000	6.500000	B3	63	80	0	2	-2.867384
57	6.000000	6.250000	D2	90	80	1	-5	-3.781310
58	6.000000	6.250000	B2	90	80	1	-2	-4.349399
59	6.250000	6.500000	A#2	90	80	1	-3	-3.848567
60	6.250000	6.500000	G3	90	80	1	-1	-4.531747
61	6.500000	6.875000	B3	63	80	0	1	-4.802885
62	6.500000	6.750000	D2	90	80	1	-5	-3.781310
63	6.500000	6.750000	B2	90	80	1	-2	-4.349399
64	6.750000	7.000000	G2	90	80	1	-4	-3.718276
65	6.750000	7.000000	G3	90	80	1	-1	-2.522980
66	6.875000	7.000000	B3	63	80	0	1	-4.507997
67	7.000000	9.000000	B3	63	80	0	1	-4.507997
68	7.000000	7.250000	D2	90	80	1	-5	-3.781310
69	7.000000	7.250000	B2	90	80	1	-2	-4.349399
70	7.250000	7.500000	A#2	90	80	1	-3	-3.848567
71	7.250000	7.500000	G3	90	80	1	-1	-4.531747
72	7.500000	7.750000	D2	90	80	1	-5	-3.781310
73	7.500000	7.750000	B2	90	80	1	-2	-4.349399
74	7.750000	8.000000	G2	90	80	1	-4	-3.718276
75	7.750000	8.000000	G3	90	80	1	-1	-2.522980
76	8.000000	8.250000	D2	90	80	1	-5	-3.781310
77	8.000000	8.250000	A2	90	80	1	-2	-2.554480
78	8.250000	8.500000	G#2	90	80	1	-3	-3.848567
79	8.250000	8.500000	G3	90	80	1	-1	-6.473904
80	8.500000	8.750000	D2	90	80	1	-5	-3.781310
81	8.500000	8.750000	A2	90	80	1	-3	-3.416097
82	8.750000	9.000000	G2	90	80	1	-4	-3.061136
83	8.750000	9.000000	G3	90	80	1	-1	-2.522980
84	9.000000	9.250000	D2	90	80	1	-5	-3.781310
85	9.000000	9.250000	A2	90	80	1	-2	-2.554480
86	9.250000	9.500000	G#2	90	80	1	-3	-3.848567
87	9.250000	9.500000	F#3	90	80	1	-1	-6.258843
88	9.500000	9.750000	D2	90	80	1	-5	-5.345987
89	9.500000	9.750000	A2	90	80	1	-3	-3.416097
90	9.750000	10.000000	F#2	90	80	1	-5	-5.121927
91	9.750000	10.000000	F#3	90	80	1	-1	-1.202832
92	10.000000	10.250000	G1	90	80	1	-5	-6.716097
93	10.000000	10.250000	G2	90	80	1	-1	-1.202832
94	10.250000	10.500000	E3	90	80	1	-2	-6.730551
95	10.250000	10.500000	G3	90	80	1	-1	-2.415329
96	10.500000	10.750000	G2	90	80	1	-5	-2.314770
97	10.500000	10.750000	D3	90	80	1	-3	-3.416097
98	10.750000	11.000000	E-3	90	80	1	-2	-3.081523
99	10.750000	11.000000	G3	90	80	1	-1	-3.262923
100	11.000000	11.750000	B4	63	80	0	5	-2.242366
101	11.000000	11.250000	G2	90	80	1	-5	-2.314770
102	11.000000	11.250000	D3	90	80	1	-3	-3.416097
103	11.250000	11.500000	E3	90	80	1	-2	-2.510186
104	11.250000	11.500000	G3	90	80	1	-1	-2.415329
105	11.500000	11.750000	G2	90	80	1	-5	-2.314770
106	11.500000	11.750000	D3	90	80	1	-3	-3.416097
107	11.750000	12.000000	F#4	63	80	0	2	-4.555079
108	11.750000	12.000000	E-3	90	80	1	-2	-3.081523
109	11.750000	12.000000	G3	90	80	1	-1	-3.262923
110	12.000000	14.000000	A4	63	80	0	3	-3.265372
111	12.000000	12.250000	G2	90	80	1	-5	-2.314770
112	12.000000	12.250000	D3	90	80	1	-3	-3.416097
113	12.250000	12.500000	E3	90	80	1	-2	-2.510186
114	12.250000	12.500000	G3	90	80	1	-1	-2.415329
115	12.500000	12.750000	G2	90	80	1	-5	-2.314770
116	12.500000	12.750000	D3	90	80	1	-3	-3.416097
117	12.750000	13.000000	E-3	90	80	1	-2	-3.081523
118	12.750000	13.000000	G3	90	80	1	-1	-3.262923
119	13.000000	13.250000	G2	90	80	1	-5	-2.314770
120	13.000000	13.250000	D3	90	80	1	-3	-3.416097
121	13.250000	13.500000	E3	90	80	1	-2	-2.510186
122	13.250000	13.500000	G3	90	80	1	-1	-2.415329
123	13.500000	13.750000	G2	90	80	1	-5	-2.314770
124	13.500000	13.750000	D3	90	80	1	-3	-3.416097
125	13.750000	14.000000	E3	90	80	1	-2	-2.510186
126	13.750000	14.000000	G3	90	80	1	-1	-2.415329
127	14.000000	14.750000	A4	63	80	0	3	-4.378151
128	14.000000	14.250000	B2	90	80	1	-5	-3.730225
129	14.000000	14.250000	F#3	90	80	1	-2	-4.281723
130	14.250000	14.500000	E#3	90	80	1	-3	-3.281947
131	14.250000	14.500000	D4	90	80	1	-1	-4.439870
132	14.500000	14.750000	B2	90	80	1	-5	-4.233080
133	14.500000	14.750000	F#3	90	80	1	-3	-5.375180
134	14.750000	15.000000	B4	63	80	0	4	-2.883688
135	14.750000	15.000000	D3	90	80	1	-5	-3.859206
136	14.750000	15.000000	D4	90	80	1	-1	-1.202832
137	15.000000	15.750000	A4	63	80	0	3	-2.238713
138	15.000000	15.250000	B2	90	80	1	-5	-4.233080
139	15.000000	15.250000	F#3	90	80	1	-2	-4.281723
140	15.250000	15.500000	E#3	90	80	1	-3	-3.281947
141	15.250000	15.500000	D4	90	80	1	-1	-4.439870
142	15.500000	15.750000	B2	90	80	1	-5	-4.233080
143	15.500000	15.750000	F#3	90	80	1	-3	-5.375180
144	15.750000	16.000000	E4	63	80	0	1	-2.905888
145	15.750000	16.000000	D3	90	80	1	-5	-3.859206
146	15.750000	16.000000	D4	90	80	1	-1	-1.202832
147	16.000000	16.500000	F#4	63	80	0	2	-3.246278
148	16.000000	16.250000	A2	90	80	1	-5	-3.781310
149	16.000000	16.250000	F#3	90	80	1	-2	-4.731534
150	16.250000	16.500000	E#3	90	80	1	-3	-3.281947
151	16.250000	16.500000	D4	90	80	1	-1	-4.439870
152	16.500000	16.875000	F#4	63	80	0	2	-4.554564
153	16.500000	16.750000	A2	90	80	1	-5	-3.781310
154	16.500000	16.750000	F#3	90	80	1	-3	-6.877043
155	16.750000	17.000000	D3	90	80	1	-5	-3.859206
156	16.750000	17.000000	D4	90	80	1	-1	-1.202832
157	16.875000	17.000000	F#4	63	80	0	2	-4.554564
158	17.000000	19.000000	F#4	76	80	0	2	-4.554564
159	17.000000	17.250000	A2	90	80	1	-5	-3.781310
160	17.000000	17.250000	F#3	90	80	1	-2	-4.731534
161	17.250000	17.500000	E#3	90	80	1	-3	-3.281947
162	17.250000	17.500000	D4	90	80	1	-1	-4.439870
163	17.500000	17.750000	A2	90	80	1	-5	-3.781310
164	17.500000	17.750000	F#3	90	80	1	-3	-6.877043
165	17.750000	18.000000	D3	90	80	1	-5	-3.859206
166	17.750000	18.000000	D4	90	80	1	-1	-1.202832
167	18.000000	18.250000	A2	90	80	1	-5	-3.781310
168	18.000000	18.250000	E3	90	80	1	-2	-2.554480
169	18.250000	18.500000	D#3	90	80	1	-3	-3.848567
170	18.250000	18.500000	D4	90	80	1	-1	-6.473904
171	18.500000	18.750000	A2	90	80	1	-5	-3.781310
172	18.500000	18.750000	E3	90	80	1	-3	-3.416097
173	18.750000	19.000000	D3	90	80	1	-4	-3.061136
174	18.750000	19.000000	D4	90	80	1	-1	-2.522980
175	19.000000	19.250000	A2	90	80	1	-5	-3.781310
176	19.000000	19.250000	E3	90	80	1	-2	-2.554480
177	19.250000	19.500000	D#3	90	80	1	-3	-3.848567
178	19.250000	19.500000	C#4	90	80	1	-1	-6.258843
179	19.500000	19.750000	A2	90	80	1	-5	-5.345987
180	19.500000	19.750000	E3	90	80	1	-3	-3.416097
181	19.750000	20.000000	C#3	90	80	1	-5	-5.121927
182	19.750000	20.000000	C#4	90	80	1	-1	-1.202832
183	20.000000	20.250000	A2	90	80	1	-5	-5.345987
184	20.000000	20.250000	D#3	90	80	1	-3	-5.669550
185	20.250000	20.500000	C##3	90	80	1	-4	-3.777019
186	20.250000	20.500000	C#4	90	80	1	-1	-6.431375
187	20.500000	20.750000	A2	90	80	1	-5	-5.345987
188	20.500000	20.750000	D#3	90	80	1	-3	-5.669550
189	20.750000	21.000000	C#3	90	80	1	-4	-3.061136
190	20.750000	21.000000	C#4	90	80	1	-1	-2.522980
191	21.000000	21.250000	A2	90	80	1	-5	-5.345987
192	21.000000	21.250000	D#3	90	80	1	-3	-5.669550
193	21.250000	21.500000	C##3	90	80	1	-4	-3.777019
194	21.250000	21.500000	C#4	90	80	1	-1	-6.431375
195	21.500000	21.750000	A2	90	80	1	-5	-5.345987
196	21.500000	21.750000	D#3	90	80	1	-3	-5.669550
197	21.750000	22.000000	C#3	90	80	1	-4	-3.061136
198	21.750000	22.000000	C#4	90	80	1	-1	-2.522980
199	22.000000	22.250000	A2	90	80	1	-5	-5.345987
200	22.000000	22.250000	D#3	90	80	1	-3	-5.669550
201	22.250000	22.500000	C##3	90	80	1	-4	-3.777019
202	22.250000	22.500000	C#4	90	80	1	-1	-6.431375
203	22.500000	25.750000	A4	63	80	0	4	-3.580467
204	22.500000	22.750000	A2	90	80	1	-5	-5.345987
205	22.500000	22.750000	D#3	90	80	1	-3	-5.669550
206	22.750000	23.000000	C#3	90	80	1	-4	-3.061136
207	22.750000	23.000000	C#4	90	80	1	-1	-2.522980
208	23.000000	23.250000	A2	90	80	1	-5	-5.345987
209	23.000000	23.250000	D#3	90	80	1	-3	-5.669550
210	23.250000	23.500000	C##3	90	80	1	-4	-3.777019
211	23.250000	23.500000	C#4	90	80	1	-1	-6.431375
212	23.500000	23.750000	A2	90	80	1	-5	-5.345987
213	23.500000	23.750000	D#3	90	80	1	-3	-5.669550
214	23.750000	24.000000	C3	90	80	1	-5	-4.372251
215	23.750000	24.000000	C#4	90	80	1	-1	-6.847571
216	24.000000	24.250000	F#2	90	80	1	-5	-4.212346
217	24.000000	24.250000	D#3	90	80	1	-2	-4.349399
218	24.250000	24.500000	C##3	90	80	1	-3	-3.281947
219	24.250000	24.500000	A3	90	80	1	-1	-3.342645
220	24.500000	24.750000	F#2	90	80	1	-5	-4.510402
221	24.500000	24.750000	D#3	90	80	1	-2	-4.349399
222	24.750000	25.000000	C3	90	80	1	-4	-5.038436
223	24.750000	25.000000	A3	90	80	1	-1	-3.451917
224	25.000000	25.250000	F#2	90	80	1	-5	-4.510402
225	25.000000	25.250000	D#3	90	80	1	-2	-4.349399
226	25.250000	25.500000	C##3	90	80	1	-3	-3.281947
227	25.250000	25.500000	A3	90	80	1	-1	-3.342645
228	25.500000	25.750000	F#2	90	80	1	-5	-4.510402
229	25.500000	25.750000	D#3	90	80	1	-2	-4.349399
230	25.750000	26.000000	E4	63	80	0	2	-3.266530
231	25.750000	26.000000	C3	90	80	1	-4	-5.038436
232	25.750000	26.000000	A3	90	80	1	-1	-3.451917
233	26.000000	28.000000	F4	76	80	0	3	-2.675961
234	26.000000	26.250000	F#2	90	80	1	-5	-4.510402
235	26.000000	26.250000	D#3	90	80	1	-2	-4.349399
236	26.250000	26.500000	C##3	90	80	1	-3	-3.281947
237	26.250000	26.500000	A3	90	80	1	-1	-3.342645
238	26.500000	26.750000	F#2	90	80	1	-5	-4.510402
239	26.500000	26.750000	D#3	90	80	1	-2	-4.349399
240	26.750000	27.000000	C3	90	80	1	-4	-5.038436
241	26.750000	27.000000	A3	90	80	1	-1	-3.451917
242	27.000000	27.250000	F#2	90	80	1	-5	-4.510402
243	27.000000	27.250000	D#3	90	80	1	-2	-4.349399
244	27.250000	27.500000	C##3	90	80	1	-3	-3.281947
245	27.250000	27.500000	A3	90	80	1	-1	-3.342645
246	27.500000	27.750000	F#2	90	80	1	-5	-4.510402
247	27.500000	27.750000	D#3	90	80	1	-2	-4.349399
248	27.750000	28.000000	B2	90	80	1	-4	-4.761119
249	27.750000	28.000000	A3	90	80	1	-1	-4.427076
250	28.000000	28.750000	F4	63	80	0	3	-4.378151
251	28.000000	28.250000	E2	90	80	1	-5	-3.781310
252	28.000000	28.250000	C3	90	80	1	-4	-6.359022
253	28.250000	28.500000	B2	90	80	1	-5	-3.249332
254	28.250000	28.500000	A3	90	80	1	-1	-3.610078
255	28.500000	28.750000	E2	90	80	1	-5	-3.781310
256	28.500000	28.750000	C3	90	80	1	-4	-6.359022
257	28.750000	29.000000	G4	63	80	0	4	-2.883688
258	28.750000	29.000000	B2	90	80	1	-5	-3.249332
259	28.750000	29.000000	A3	90	80	1	-1	-3.610078
260	29.000000	29.750000	F4	63	80	0	3	-2.238713
261	29.000000	29.250000	E2	90	80	1	-5	-3.781310
262	29.000000	29.250000	C3	90	80	1	-4	-6.359022
263	29.250000	29.500000	B2	90	80	1	-5	-3.249332
264	29.250000	29.500000	A3	90	80	1	-1	-3.610078
265	29.500000	29.750000	E2	90	80	1	-5	-3.781310
266	29.500000	29.750000	C3	90	80	1	-4	-6.359022
267	29.750000	30.000000	C4	63	80	0	1	-2.905888
268	29.750000	30.000000	B2	90	80	1	-5	-3.249332
269	29.750000	30.000000	A3	90	80	1	-1	-3.610078
270	30.000000	30.500000	D4	63	80	0	2	-2.867384
271	30.000000	30.250000	E2	90	80	1	-5	-3.781310
272	30.000000	30.250000	C3	90	80	1	-4	-6.359022
273	30.250000	30.500000	B2	90	80	1	-5	-3.249332
274	30.250000	30.500000	A3	90	80	1	-1	-3.610078
275	30.500000	30.875000	D4	63	80	0	3	-5.337046
276	30.500000	30.750000	E2	90	80	1	-5	-3.781310
277	30.500000	30.750000	C3	90	80	1	-4	-6.359022
278	30.750000	31.000000	B2	90	80	1	-5	-3.249332
279	30.750000	31.000000	A3	90	80	1	-1	-3.610078
280	30.875000	31.000000	D4	63	80	0	3	-4.378151
281	31.000000	33.000000	D4	63	80	0	3	-4.378151
282	31.000000	31.250000	E2	90	80	1	-5	-3.781310
283	31.000000	31.250000	C3	90	80	1	-4	-6.359022
284	31.250000	31.500000	B2	90	80	1	-5	-3.249332
285	31.250000	31.500000	A3	90	80	1	-1	-3.610078
286	31.500000	31.750000	E2	90	80	1	-5	-3.781310
287	31.500000	31.750000	C3	90	80	1	-4	-6.359022
288	31.750000	32.000000	B2	90	80	1	-5	-3.249332
289	31.750000	32.000000	A3	90	80	1	-1	-3.610078
290	34.000000	34.750000	D4	63	80	0	3	-4.378151
291	34.750000	35.000000	E4	63	80	0	4	-2.883688
292	35.000000	35.750000	D4	63	80	0	3	-2.238713
293	35.000000	35.250000	E2	90	80	1	-5	-3.781310
294	35.000000	35.250000	C3	90	80	1	-4	-6.359022
295	35.250000	35.500000	B2	90	80	1	-5	-3.249332
296	35.250000	35.500000	A3	90	80	1	-1	-3.610078
297	35.500000	35.750000	E2	90	80	1	-5	-3.781310
298	35.500000	35.750000	C3	90	80	1	-4	-6.359022
299	35.750000	37.000000	A3	63	80	0	1	-2.905888
300	35.750000	36.000000	B2	90	80	1	-5	-3.249332
301	35.750000	36.000000	A3	90	80	1	-1	-3.610078
302	36.000000	36.500000	B3	63	80	0	2	-2.867384
303	36.000000	36.250000	E2	90	80	1	-5	-3.781310
304	36.000000	36.250000	C3	90	80	1	-4	-6.359022
305	36.250000	36.500000	B2	90	80	1	-5	-3.249332
306	36.250000	36.500000	A3	90	80	1	-1	-3.610078
307	36.500000	36.875000	B3	63	80	0	3	-5.337046
308	36.500000	36.750000	E2	90	80	1	-5	-3.781310
309	36.500000	36.750000	C3	90	80	1	-4	-6.359022
310	36.750000	37.000000	B2	90	80	1	-5	-3.249332
311	36.750000	37.000000	A3	90	80	1	-1	-3.610078
312	36.875000	37.000000	B3	63	80	0	3	-4.378151
313	37.000000	37.500000	E3	90	80	0	1	-3.310457
314	37.000000	37.500000	G#3	90	80	0	2	-3.275273
315	37.000000	37.500000	B3	90	80	0	4	-3.580467
316	37.500000	38.000000	D#3	90	80	0	1	-3.577835
317	37.500000	38.000000	F#3	90	80	0	2	-2.525967
318	37.500000	38.000000	B3	90	80	0	4	-3.927704
319	38.000000	39.000000	E3	90	80	0	1	-2.857522
320	38.000000	39.000000	G#3	90	80	0	2	-3.275273
321	38.000000	39.000000	B3	90	80	0	4	-3.580467
322	39.000000	40.000000	D3	90	80	0	1	-2.969918
323	39.000000	40.000000	E3	90	80	0	2	-2.867384
324	39.000000	40.000000	G#3	90	80	0	3	-4.632489
325	39.000000	39.750000	B3	63	80	0	4	-4.111873
326	39.750000	40.000000	C4	63	80	0	5	-2.706622
327	40.000000	42.000000	C3	90	80	0	1	-1.922714
328	40.000000	42.000000	E3	90	80	0	2	-2.525967
329	40.000000	42.000000	A3	90	80	0	4	-2.909306
330	41.000000	41.500000	E2	63	80	1	-5	-3.781310
331	41.500000	42.000000	B1	90	80	1	-5	-6.929501
332	41.500000	42.000000	B2	90	80	1	-1	-1.202832
333	42.000000	43.000000	E2	90	80	1	-4	-3.752799
334	42.000000	43.000000	B2	90	80	1	-1	-2.959487
335	43.000000	44.000000	E1	90	80	1	-5	-4.212346
336	43.000000	44.000000	E2	90	80	1	-1	-1.202832
337	44.000000	46.000000	A1	90	80	1	-5	-3.242781
338	44.000000	46.000000	E2	90	80	1	-2	-2.554480
