//Version: PianoFingering_v170101
1	0.000000	0.166667	E2	58	80	1	-5	-0.504576
2	0.166667	0.333333	B2	45	80	1	-3	-3.416097
3	0.333333	0.500000	G3	45	80	1	-1	-4.439870
4	0.500000	0.666667	E3	45	80	1	-3	-4.276897
5	0.666667	0.833333	C4	45	80	1	-1	-4.439870
6	0.833333	1.000000	B3	27	80	1	-2	-2.745489
7	1.000000	1.166667	E2	58	80	1	-5	-6.177855
8	1.166667	1.333333	B2	45	80	1	-3	-3.416097
9	1.333333	1.500000	G3	45	80	1	-1	-4.439870
10	1.500000	1.666667	E3	45	80	1	-3	-4.276897
11	1.666667	1.833333	C4	27	80	1	-1	-4.439870
12	1.833333	2.000000	B3	27	80	1	-2	-2.745489
13	2.000000	2.166667	E2	58	80	1	-5	-6.177855
14	2.166667	2.333333	B2	45	80	1	-3	-3.416097
15	2.333333	2.500000	G3	45	80	1	-1	-4.439870
16	2.500000	2.666667	E3	45	80	1	-3	-4.276897
17	2.666667	2.833333	C4	45	80	1	-1	-4.439870
18	2.833333	3.000000	B3	27	80	1	-2	-2.745489
19	3.000000	3.166667	E2	58	80	1	-5	-6.177855
20	3.152473	3.296703	B4	63	80	0	1	-0.925785
21	3.166667	3.333333	B2	45	80	1	-3	-3.416097
22	3.296703	6.510989	G5	63	80	0	5	-3.707830
23	3.333333	3.500000	G3	45	80	1	-1	-4.439870
24	3.500000	3.666667	E3	45	80	1	-3	-4.276897
25	3.666667	3.833333	C4	45	80	1	-1	-4.439870
26	3.833333	4.000000	B3	27	80	1	-2	-2.745489
27	4.000000	4.166667	F#2	58	80	1	-5	-5.273430
28	4.166667	4.333333	B2	45	80	1	-4	-5.448648
29	4.333333	4.500000	A3	45	80	1	-1	-4.427076
30	4.500000	4.666667	F#3	45	80	1	-2	-3.299403
31	4.666667	4.833333	C4	45	80	1	-1	-4.366821
32	4.833333	5.000000	B3	45	80	1	-2	-2.745489
33	5.000000	5.166667	G2	45	80	1	-5	-6.744398
34	5.166667	5.333333	B2	45	80	1	-4	-4.139458
35	5.333333	5.500000	G3	45	80	1	-1	-3.451917
36	5.500000	5.666667	E3	45	80	1	-3	-4.276897
37	5.666667	5.833333	C4	45	80	1	-1	-4.439870
38	5.833333	6.000000	B3	45	80	1	-1	-5.751475
39	6.000000	6.166667	D#2	58	80	1	-5	-6.587391
40	6.166667	6.333333	B2	45	80	1	-5	-7.206746
41	6.333333	6.500000	A3	45	80	1	-1	-3.610078
42	6.500000	6.666667	F#3	45	80	1	-2	-3.299403
43	6.510989	7.046703	F#5	63	80	0	4	-3.640665
44	6.666667	6.833333	C4	45	80	1	-1	-4.366821
45	6.833333	7.000000	B3	45	80	1	-2	-2.745489
46	7.000000	7.166667	E2	45	80	1	-5	-6.177855
47	7.046703	7.582418	E5	63	80	0	3	-3.914844
48	7.166667	7.333333	B2	45	80	1	-3	-3.416097
49	7.333333	7.500000	G3	45	80	1	-1	-4.439870
50	7.500000	7.666667	E3	45	80	1	-3	-4.276897
51	7.582418	10.796703	D#5	63	80	0	2	-3.151465
52	7.666667	7.833333	C4	45	80	1	-1	-4.439870
53	7.833333	8.000000	B3	45	80	1	-2	-2.745489
54	8.000000	8.166667	B1	45	80	1	-5	-7.627411
55	8.166667	8.333333	B2	45	80	1	-5	-5.534856
56	8.333333	8.500000	B3	45	80	1	-1	-1.202832
57	8.500000	8.666667	A#3	45	80	1	-2	-3.720116
58	8.666667	8.833333	G3	45	80	1	-1	-5.183592
59	8.833333	9.000000	A#2	45	80	1	-4	-4.497131
60	9.000000	9.166667	B2	45	80	1	-1	-5.939068
61	9.166667	9.333333	B1	45	80	1	-5	-2.314770
62	9.333333	9.500000	B2	45	80	1	-1	-1.202832
63	9.500000	9.666667	D#3	45	80	1	-3	-6.091799
64	9.666667	9.833333	F#3	45	80	1	-2	-3.046717
65	9.833333	10.000000	B3	45	80	1	-1	-3.262923
66	10.000000	10.166667	G2	45	80	1	-5	-4.233080
67	10.166667	10.333333	D3	45	80	1	-3	-3.416097
68	10.333333	10.500000	B3	45	80	1	-1	-4.439870
69	10.500000	10.666667	G3	45	80	1	-3	-4.276897
70	10.666667	10.833333	E4	45	80	1	-1	-4.439870
71	10.796703	11.600275	E5	63	80	0	3	-3.686981
72	10.833333	11.000000	D4	45	80	1	-1	-5.751475
73	11.000000	11.166667	F#2	58	80	1	-5	-6.587391
74	11.166667	11.333333	F#3	45	80	1	-1	-1.202832
75	11.333333	11.500000	C#4	45	80	1	-2	-6.730551
76	11.500000	11.666667	E4	45	80	1	-1	-2.464298
77	11.600275	11.868132	C5	63	80	0	1	-3.281335
78	11.666667	11.833333	C#4	45	80	1	-2	-3.299403
79	11.833333	12.000000	F#3	45	80	1	-4	-5.706597
80	11.868132	13.475275	B4	63	80	0	2	-4.891425
81	12.000000	12.166667	B2	45	80	1	-5	-6.195431
82	12.166667	12.333333	F#3	45	80	1	-3	-5.375180
83	12.333333	12.500000	D4	45	80	1	-1	-3.687814
84	12.500000	12.666667	B3	45	80	1	-2	-3.291596
85	13.475275	14.010989	F#4	63	80	0	1	-3.898407
86	13.500000	13.666667	G#3	45	80	1	-3	-3.464153
87	13.666667	13.833333	E#3	45	80	1	-1	-4.439870
88	13.833333	14.000000	E#2	45	80	1	-5	-2.314770
89	14.000000	14.166667	F#2	45	80	1	-4	-5.131985
90	14.010989	14.510989	A4	90	80	0	2	-3.493146
91	14.010989	14.510989	C5	90	80	0	4	-2.758588
92	14.166667	14.333333	F#3	45	80	1	-1	-2.522980
93	14.333333	14.500000	C#4	45	80	1	-2	-6.730551
94	14.510989	15.010989	G4	90	80	0	2	-3.266530
95	14.510989	15.010989	B4	90	80	0	4	-2.758588
96	15.010989	15.510989	F#4	90	80	0	2	-3.901124
97	15.010989	15.510989	A4	90	80	0	3	-3.265372
98	15.333333	15.500000	A#3	45	80	1	-4	-3.718276
99	15.500000	15.666667	F#3	45	80	1	-1	-5.372527
100	15.510989	16.010989	E4	90	80	0	1	-2.905888
101	15.510989	16.010989	G4	90	80	0	2	-2.525967
102	15.666667	15.833333	F#2	45	80	1	-5	-2.314770
103	15.833333	16.000000	F#1	58	80	1	-3	-8.212705
104	16.000000	16.166667	B1	45	80	1	-1	-3.390615
105	16.010989	17.164835	D#4	90	80	0	1	-3.898407
106	16.010989	17.164835	F#4	90	80	0	2	-2.525967
107	16.166667	16.333333	B2	45	80	1	-5	-6.047974
108	16.333333	16.500000	F#3	45	80	1	-3	-5.375180
109	16.500000	16.666667	A3	45	80	1	-2	-2.872099
110	16.666667	16.833333	C4	45	80	1	-1	-2.415329
111	16.833333	17.000000	B3	45	80	1	-2	-2.745489
112	17.000000	17.166667	G3	45	80	1	-3	-4.063676
113	17.164835	18.318681	E4	90	80	0	1	-3.360143
114	17.164835	18.318681	G4	90	80	0	2	-2.525967
115	17.166667	17.333333	C4	45	80	1	-1	-2.717521
116	17.333333	17.500000	B3	45	80	1	-2	-2.745489
117	17.500000	17.666667	F#3	45	80	1	-4	-4.647576
118	17.666667	17.833333	C4	45	80	1	-2	-4.383116
119	17.833333	18.000000	B3	45	80	1	-1	-4.644141
120	18.000000	18.166667	E2	63	80	1	-5	-4.212346
121	18.166667	18.333333	B2	63	80	1	-3	-3.416097
122	18.318681	18.895604	D#4	90	80	0	1	-3.898407
123	18.318681	18.895604	F#4	90	80	0	2	-2.525967
124	18.333333	18.500000	G3	63	80	1	-1	-4.439870
125	18.500000	18.666667	E3	63	80	1	-3	-4.276897
126	18.666667	18.833333	C4	63	80	1	-1	-4.439870
127	18.833333	19.000000	B3	63	80	1	-2	-2.745489
128	19.000000	19.166667	E2	63	80	1	-5	-6.177855
129	19.166667	19.333333	B2	63	80	1	-3	-3.416097
130	19.333333	19.500000	G3	63	80	1	-1	-4.439870
131	19.500000	19.666667	E3	63	80	1	-3	-4.276897
132	19.666667	19.833333	C4	63	80	1	-1	-4.439870
133	19.833333	20.000000	B3	63	80	1	-2	-2.745489
134	20.000000	20.166667	F#2	76	80	1	-5	-5.273430
135	20.166667	20.333333	B2	63	80	1	-4	-5.448648
136	20.333333	20.500000	A3	63	80	1	-1	-4.427076
137	20.500000	20.666667	F#3	63	80	1	-2	-3.299403
138	20.543956	21.615385	D4	90	80	0	1	-4.134704
139	20.543956	21.615385	B4	90	80	0	4	-4.268071
140	20.666667	20.833333	C4	63	80	1	-1	-4.366821
141	20.833333	21.000000	B3	63	80	1	-2	-2.745489
142	21.000000	21.166667	G2	63	80	1	-5	-6.744398
143	21.166667	21.333333	B2	63	80	1	-4	-4.139458
144	21.333333	21.500000	G3	63	80	1	-1	-3.451917
145	21.500000	21.666667	E3	63	80	1	-3	-4.276897
146	21.615385	22.686813	F4	63	80	0	1	-3.216633
147	21.615385	23.758242	B4	63	80	0	2	-2.963617
148	21.666667	21.833333	C4	63	80	1	-1	-4.439870
149	21.833333	22.000000	B3	63	80	1	-1	-5.751475
150	22.000000	22.166667	D#2	63	80	1	-5	-6.587391
151	22.166667	22.333333	B2	63	80	1	-5	-7.206746
152	22.333333	22.500000	A3	63	80	1	-1	-3.610078
153	22.500000	22.666667	F#3	63	80	1	-2	-3.299403
154	22.666667	22.833333	C4	63	80	1	-1	-4.366821
155	22.686813	23.758242	F#4	45	80	0	1	-3.898407
156	22.833333	23.000000	B3	63	80	1	-2	-2.745489
157	23.000000	23.166667	E2	63	80	1	-5	-6.177855
158	23.166667	23.333333	B2	63	80	1	-3	-3.416097
159	23.333333	23.500000	G3	63	80	1	-1	-4.439870
160	23.500000	23.666667	E3	63	80	1	-3	-4.276897
161	23.666667	23.833333	C4	63	80	1	-1	-4.439870
162	23.758242	24.829670	A#4	63	80	0	2	-2.525967
163	23.758242	24.829670	C#5	63	80	0	3	-3.012122
164	23.833333	24.000000	B3	63	80	1	-2	-2.745489
165	24.000000	24.166667	B1	45	80	1	-5	-7.627411
166	24.166667	24.333333	B2	45	80	1	-5	-5.534856
167	24.333333	24.500000	B3	45	80	1	-1	-1.202832
168	24.500000	24.666667	A#3	45	80	1	-2	-3.720116
169	24.666667	24.833333	B2	45	80	1	-5	-5.509717
170	24.829670	26.972527	B4	63	80	0	2	-3.286699
171	24.829670	26.972527	D5	63	80	0	4	-2.758588
172	24.833333	25.000000	B1	45	80	1	-5	-5.870600
173	25.000000	25.166667	B2	45	80	1	-1	-1.202832
174	25.166667	25.333333	B1	45	80	1	-5	-2.314770
175	25.333333	25.500000	B2	45	80	1	-1	-1.202832
176	25.500000	25.666667	D#3	45	80	1	-3	-6.091799
177	25.666667	25.833333	F#3	45	80	1	-2	-3.046717
178	25.833333	26.000000	B3	45	80	1	-1	-3.262923
179	26.000000	26.166667	B2	45	80	1	-5	-2.314770
180	26.166667	26.333333	B1	45	80	1	-5	-5.870600
181	26.258242	26.615385	G4	63	80	0	1	-2.857522
182	26.333333	26.500000	B2	45	80	1	-1	-1.202832
183	26.500000	26.666667	D3	45	80	1	-5	-7.255468
184	26.615385	26.972527	F#4	63	80	0	2	-4.284147
185	26.666667	26.833333	G3	45	80	1	-3	-3.463793
186	26.833333	27.000000	B3	45	80	1	-2	-3.046717
187	26.972527	27.329670	E#4	63	80	0	1	-3.290753
188	26.972527	29.115385	B4	63	80	0	2	-2.963617
189	26.972527	28.043956	D5	63	80	0	4	-2.758588
190	27.000000	27.166667	C4	45	80	1	-1	-2.578439
191	27.166667	27.333333	B3	45	80	1	-2	-2.745489
192	27.329670	27.686813	D4	63	80	0	2	-6.485451
193	27.333333	27.500000	C4	45	80	1	-1	-2.578439
194	27.500000	27.666667	G3	45	80	1	-4	-4.223116
195	27.666667	27.833333	E3	45	80	1	-1	-5.372527
196	27.686813	28.043956	B3	63	80	0	1	-3.157580
197	27.833333	28.000000	C3	45	80	1	-2	-3.291596
198	28.000000	28.166667	G2	45	80	1	-5	-3.713619
199	28.043956	29.115385	D5	63	80	0	5	-6.268865
200	28.166667	28.333333	D3	45	80	1	-2	-2.554480
201	28.333333	28.500000	G3	45	80	1	-1	-2.320150
202	28.500000	28.666667	B3	45	80	1	-4	-6.413364
203	28.666667	28.833333	E4	45	80	1	-2	-2.507290
204	28.833333	29.000000	D4	45	80	1	-3	-2.891080
205	29.000000	29.166667	C4	45	80	1	-1	-3.930078
206	29.115385	31.258242	B4	63	80	0	3	-3.509161
207	29.115385	31.258242	C#5	63	80	0	4	-4.476680
208	29.166667	29.333333	C3	45	80	1	-5	-2.314770
209	29.333333	29.500000	E3	45	80	1	-3	-3.170876
210	29.500000	29.666667	G3	45	80	1	-1	-2.967507
211	29.666667	29.833333	C4	45	80	1	-3	-6.025293
212	29.833333	30.000000	E4	45	80	1	-1	-2.967507
213	30.000000	30.166667	C#4	45	80	1	-2	-3.299403
214	30.166667	30.333333	C#3	45	80	1	-5	-4.896649
215	30.186813	30.543956	E4	63	80	0	1	-3.493957
216	30.333333	30.500000	E3	45	80	1	-3	-4.282909
217	30.500000	30.666667	A3	45	80	1	-1	-2.717521
218	30.543956	30.901099	G4	63	80	0	3	-3.473158
219	30.901099	31.258242	F#4	63	80	0	2	-3.151465
220	31.000000	31.166667	D2	45	80	1	-5	-4.212346
221	31.166667	31.333333	D3	45	80	1	-1	-1.202832
222	31.258242	31.642857	E4	45	80	0	1	-3.360143
223	31.258242	33.662088	A#4	90	80	0	3	-5.112123
224	31.258242	33.662088	C#5	90	80	0	5	-2.681011
225	31.333333	31.500000	F3	45	80	1	-4	-6.413364
226	31.500000	31.666667	A3	45	80	1	-2	-2.359478
227	31.642857	32.027473	C#4	45	80	0	1	-1.922714
228	31.666667	31.833333	E4	45	80	1	-1	-4.047397
229	31.833333	32.000000	D4	45	80	1	-1	-5.751475
230	32.000000	32.166667	D#2	45	80	1	-5	-7.040401
231	32.166667	32.333333	D#3	45	80	1	-1	-1.202832
232	32.333333	32.500000	F#3	45	80	1	-4	-6.413364
233	32.500000	32.666667	B3	45	80	1	-2	-2.871001
234	32.666667	32.833333	G4	45	80	1	-1	-5.516002
235	32.833333	33.000000	F#4	45	80	1	-1	-6.810446
236	33.000000	33.166667	E2	45	80	1	-5	-5.805721
237	33.166667	33.333333	E3	45	80	1	-1	-1.202832
238	33.333333	33.500000	G3	45	80	1	-4	-6.413364
239	33.500000	33.666667	B3	45	80	1	-2	-2.359478
240	33.662088	34.733516	B4	45	80	0	5	-4.733635
241	33.666667	33.833333	F#4	45	80	1	-1	-6.027486
242	33.833333	34.000000	E4	45	80	1	-2	-4.084076
243	34.000000	34.166667	F#2	94	80	1	-5	-7.236706
244	34.166667	34.333333	D3	81	80	1	-5	-7.206746
245	34.333333	34.500000	D4	81	80	1	-1	-1.202832
246	34.500000	34.666667	B3	81	80	1	-3	-4.276897
247	34.666667	34.833333	G4	81	80	1	-1	-4.439870
248	34.733516	35.804945	D#4	45	80	0	2	-3.763668
249	34.833333	35.000000	F#4	81	80	1	-2	-3.720116
250	35.000000	35.166667	F#2	94	80	1	-5	-7.627411
251	35.166667	35.333333	F#3	81	80	1	-4	-4.924626
252	35.333333	35.500000	D4	81	80	1	-1	-3.887622
253	35.500000	35.666667	C#4	81	80	1	-2	-3.720116
254	35.666667	35.833333	G4	81	80	1	-1	-4.366821
255	35.804945	36.958791	E4	45	80	0	1	-4.072488
256	35.833333	36.000000	F#4	81	80	1	-1	-6.810446
257	36.000000	36.166667	B1	45	80	1	-5	-5.805721
258	36.166667	36.333333	B2	45	80	1	-1	-1.202832
259	36.333333	36.500000	F#3	45	80	1	-4	-8.632181
260	36.500000	36.666667	B3	45	80	1	-2	-2.871001
261	36.666667	36.833333	G4	45	80	1	-1	-5.516002
262	36.833333	37.000000	F#4	27	80	1	-1	-6.810446
263	36.958791	38.208791	F#4	45	80	0	2	-3.246278
264	37.000000	37.166667	E2	45	80	1	-5	-5.805721
265	37.166667	37.333333	E3	45	80	1	-1	-1.202832
266	37.333333	37.500000	G3	45	80	1	-4	-6.413364
267	37.500000	37.666667	B3	45	80	1	-2	-2.359478
268	37.666667	37.833333	F#4	45	80	1	-1	-6.027486
269	37.833333	38.000000	E4	27	80	1	-2	-4.084076
270	38.000000	38.166667	F#2	45	80	1	-5	-7.236706
271	38.166667	38.333333	C#3	45	80	1	-2	-2.554480
272	38.208791	41.423077	G4	90	80	0	1	-4.072488
273	38.208791	41.423077	G5	90	80	0	5	-2.242366
274	38.333333	38.500000	E3	45	80	1	-1	-2.464298
275	38.500000	38.666667	A#3	45	80	1	-5	-7.923418
276	38.666667	38.833333	D4	45	80	1	-3	-4.118108
277	38.833333	39.000000	C#4	45	80	1	-1	-6.751151
278	39.000000	39.166667	F#2	45	80	1	-5	-4.212346
279	39.166667	39.333333	D3	45	80	1	-4	-6.683330
280	39.333333	39.500000	F#3	45	80	1	-2	-3.159098
281	39.500000	39.666667	B3	45	80	1	-1	-3.262923
282	39.666667	39.833333	A#3	45	80	1	-2	-3.720116
283	39.833333	40.000000	B3	45	80	1	-1	-3.404249
284	40.000000	40.166667	F#2	45	80	1	-5	-5.753604
285	40.166667	40.333333	C#3	45	80	1	-2	-2.554480
286	40.333333	40.500000	F3	45	80	1	-1	-3.262923
287	40.500000	40.666667	F#3	45	80	1	-2	-4.643648
288	40.666667	40.833333	A3	45	80	1	-1	-2.464298
289	40.833333	41.000000	G3	45	80	1	-2	-2.745489
290	41.000000	41.166667	F#2	45	80	1	-5	-6.959460
291	41.166667	41.333333	C#3	45	80	1	-2	-2.554480
292	41.333333	41.500000	F3	45	80	1	-1	-3.262923
293	41.423077	41.958791	F#4	90	80	0	1	-4.270482
294	41.423077	41.958791	F#5	90	80	0	5	-2.242366
295	41.500000	41.666667	F#3	45	80	1	-2	-4.643648
296	41.666667	41.833333	E#3	45	80	1	-3	-3.281947
297	41.833333	42.000000	F#3	45	80	1	-2	-3.081523
298	41.958791	42.494505	E4	90	80	0	1	-4.990776
299	41.958791	42.494505	E5	90	80	0	5	-2.242366
300	42.000000	42.166667	B1	45	80	1	-5	-8.295123
301	42.166667	42.333333	F#2	45	80	1	-4	-5.762335
302	42.333333	42.500000	F#3	45	80	1	-1	-2.522980
303	42.494505	44.994505	D#4	90	80	0	1	-4.270482
304	42.494505	44.994505	D#5	90	80	0	5	-2.242366
305	42.500000	42.666667	D#3	45	80	1	-2	-3.291596
306	42.666667	42.833333	C#3	45	80	1	-3	-2.891080
307	42.833333	43.000000	B2	45	80	1	-1	-4.439870
308	43.000000	43.166667	B1	45	80	1	-5	-2.314770
309	43.166667	43.333333	F#2	45	80	1	-4	-5.762335
310	43.333333	43.500000	F#3	45	80	1	-1	-2.522980
311	43.500000	43.666667	D#3	45	80	1	-2	-3.291596
312	43.666667	43.833333	C#3	45	80	1	-3	-2.891080
313	43.833333	44.000000	B2	45	80	1	-1	-4.439870
314	44.000000	44.166667	B1	45	80	1	-5	-2.314770
315	44.166667	44.333333	F#2	45	80	1	-4	-5.762335
316	44.333333	44.500000	F#3	45	80	1	-1	-2.522980
317	44.500000	44.666667	D#3	45	80	1	-2	-3.291596
318	44.666667	44.833333	C#3	45	80	1	-3	-2.891080
319	44.833333	45.000000	B2	45	80	1	-1	-4.439870
320	44.994505	45.351648	E4	90	80	0	1	-3.885272
321	44.994505	45.351648	E5	90	80	0	5	-2.242366
322	45.000000	45.166667	B1	45	80	1	-5	-2.314770
323	45.166667	45.333333	F#2	45	80	1	-4	-5.762335
324	45.333333	45.500000	F#3	45	80	1	-1	-2.522980
325	45.351648	45.708791	F#4	90	80	0	1	-3.521239
326	45.351648	45.708791	F#5	90	80	0	5	-2.242366
327	45.500000	45.666667	D#3	45	80	1	-2	-3.291596
328	45.666667	45.833333	C#3	45	80	1	-3	-2.891080
329	45.708791	46.093407	F#4	90	80	0	1	-1.922714
330	45.708791	46.093407	F#5	90	80	0	5	-2.242366
331	45.833333	46.000000	B2	45	80	1	-1	-4.439870
332	46.000000	46.166667	B1	45	80	1	-5	-2.314770
333	46.093407	46.478022	G4	90	80	0	1	-3.885272
334	46.093407	46.478022	G5	90	80	0	5	-2.242366
335	46.166667	46.333333	B2	45	80	1	-4	-4.924626
336	46.333333	46.500000	G#3	45	80	1	-1	-4.244654
337	46.478022	46.862637	A4	90	80	0	1	-3.027253
338	46.478022	46.862637	A5	90	80	0	5	-2.242366
339	46.500000	46.666667	E3	45	80	1	-2	-4.597368
340	46.666667	46.833333	C#3	45	80	1	-3	-3.464153
341	46.833333	47.000000	B2	45	80	1	-1	-4.439870
342	46.862637	48.469780	B4	90	80	0	1	-3.027253
343	46.862637	48.469780	B5	90	80	0	5	-2.242366
344	47.000000	47.166667	B1	45	80	1	-5	-2.314770
345	47.166667	47.333333	B2	45	80	1	-4	-4.924626
346	47.333333	47.500000	G#3	45	80	1	-1	-4.244654
347	47.500000	47.666667	E3	45	80	1	-2	-4.597368
348	47.666667	47.833333	C#3	45	80	1	-3	-3.464153
349	47.833333	48.000000	B2	45	80	1	-1	-4.439870
350	48.000000	48.166667	B1	45	80	1	-5	-2.314770
351	48.166667	48.333333	B2	45	80	1	-4	-4.924626
352	48.333333	48.500000	G3	45	80	1	-1	-3.451917
353	48.469780	49.005495	A4	99	80	0	1	-3.460971
354	48.469780	49.005495	B4	99	80	0	3	-4.936371
355	48.500000	48.666667	E3	45	80	1	-2	-3.291596
356	48.666667	48.833333	C#3	45	80	1	-3	-3.464153
357	48.833333	49.000000	B2	45	80	1	-1	-4.439870
358	49.000000	49.166667	B1	45	80	1	-5	-2.314770
359	49.005495	49.362637	A4	99	80	0	2	-2.287533
360	49.005495	50.076923	B4	99	80	0	3	-2.675961
361	49.166667	49.333333	B2	45	80	1	-4	-4.924626
362	49.333333	49.500000	G3	45	80	1	-1	-3.451917
363	49.362637	49.719780	G#4	99	80	0	2	-3.032881
364	49.500000	49.666667	E3	45	80	1	-2	-3.291596
365	49.666667	49.833333	C#3	45	80	1	-3	-3.464153
366	49.719780	50.076923	G4	99	80	0	1	-3.290753
367	49.833333	50.000000	B2	45	80	1	-1	-4.439870
368	50.000000	50.166667	B1	45	80	1	-5	-2.314770
369	50.076923	50.461538	G4	99	80	0	2	-4.712397
370	50.076923	50.461538	B4	99	80	0	4	-2.758588
371	50.166667	50.333333	F#2	45	80	1	-4	-5.762335
372	50.333333	50.500000	F#3	45	80	1	-1	-2.522980
373	50.461538	50.846154	F#4	99	80	0	2	-3.901124
374	50.461538	50.846154	A4	99	80	0	3	-3.265372
375	50.500000	50.666667	D#3	45	80	1	-2	-3.291596
376	50.666667	50.833333	C#3	45	80	1	-3	-2.891080
377	50.833333	51.000000	B2	45	80	1	-1	-4.439870
378	50.846154	51.230769	E4	99	80	0	1	-2.905888
379	50.846154	51.230769	G4	99	80	0	2	-2.525967
380	51.000000	51.166667	B1	45	80	1	-5	-2.314770
381	51.166667	51.333333	F#2	45	80	1	-4	-5.762335
382	51.230769	52.302198	D#4	90	80	0	1	-3.898407
383	51.230769	52.302198	F#4	90	80	0	2	-2.525967
384	51.333333	51.500000	F#3	45	80	1	-1	-2.522980
385	51.500000	51.666667	D#3	45	80	1	-2	-3.291596
386	51.666667	51.833333	C#3	45	80	1	-3	-2.891080
387	51.833333	52.000000	B2	45	80	1	-1	-4.439870
388	52.000000	52.166667	B1	63	80	1	-5	-2.314770
389	52.166667	52.333333	F#2	63	80	1	-4	-5.762335
390	52.302198	52.659341	E4	90	80	0	1	-3.360143
391	52.302198	52.659341	G4	90	80	0	2	-2.525967
392	52.333333	52.500000	F#3	63	80	1	-1	-2.522980
393	52.500000	52.666667	D#3	63	80	1	-2	-3.291596
394	52.659341	53.016484	E5	90	80	0	5	-3.767315
395	52.666667	52.833333	C#3	63	80	1	-3	-2.891080
396	52.833333	53.000000	B2	63	80	1	-1	-4.439870
397	53.000000	53.166667	B1	63	80	1	-5	-2.314770
398	53.016484	53.373626	G4	90	80	0	1	-2.845304
399	53.016484	53.373626	E5	90	80	0	5	-3.707830
400	53.166667	53.333333	F#2	63	80	1	-4	-5.762335
401	53.333333	53.500000	F#3	63	80	1	-1	-2.522980
402	53.373626	55.598901	F#4	90	80	0	1	-3.521239
403	53.373626	55.598901	D#5	90	80	0	5	-3.707830
404	53.500000	53.666667	D#3	63	80	1	-2	-3.291596
405	53.666667	53.833333	C#3	63	80	1	-3	-2.891080
406	53.833333	54.000000	B2	63	80	1	-1	-4.439870
407	54.000000	54.166667	B1	63	80	1	-5	-2.314770
408	54.166667	54.333333	B2	63	80	1	-4	-4.924626
409	54.333333	54.500000	G#3	63	80	1	-1	-4.244654
410	54.500000	54.666667	E3	63	80	1	-2	-4.597368
411	54.666667	54.833333	C#3	63	80	1	-3	-3.464153
412	54.833333	55.000000	B2	63	80	1	-1	-4.439870
413	55.000000	55.166667	B1	63	80	1	-5	-2.314770
414	55.166667	55.333333	B2	63	80	1	-4	-4.924626
415	55.333333	55.500000	G#3	63	80	1	-1	-4.244654
416	55.500000	55.666667	E3	63	80	1	-2	-4.597368
417	55.598901	56.670330	F#4	63	80	0	1	-2.845304
418	55.598901	56.670330	D5	63	80	0	5	-4.655217
419	55.666667	55.833333	C#3	63	80	1	-3	-3.464153
420	55.833333	56.000000	B2	63	80	1	-1	-4.439870
421	56.000000	56.166667	B1	63	80	1	-5	-2.314770
422	56.166667	56.333333	B2	63	80	1	-4	-4.924626
423	56.333333	56.500000	G3	63	80	1	-1	-3.451917
424	56.500000	56.666667	E3	63	80	1	-2	-3.291596
425	56.666667	56.833333	C#3	63	80	1	-3	-3.464153
426	56.670330	57.206044	G4	63	80	0	2	-3.263552
427	56.670330	58.813187	D5	63	80	0	5	-3.528229
428	56.833333	57.000000	B2	63	80	1	-1	-4.439870
429	57.000000	57.166667	B1	63	80	1	-5	-2.314770
430	57.166667	57.333333	B2	63	80	1	-4	-4.924626
431	57.206044	57.741758	F4	63	80	0	2	-4.028221
432	57.333333	57.500000	G3	63	80	1	-1	-3.451917
433	57.500000	57.666667	E3	63	80	1	-2	-3.291596
434	57.666667	57.833333	C#3	63	80	1	-3	-3.464153
435	57.741758	59.884615	E4	63	80	0	1	-2.609267
436	57.833333	58.000000	B2	63	80	1	-1	-4.439870
437	58.000000	58.166667	B1	45	80	1	-5	-2.314770
438	58.166667	58.333333	B2	45	80	1	-1	-1.202832
439	58.333333	58.500000	F#3	45	80	1	-4	-8.632181
440	58.500000	58.666667	A3	45	80	1	-2	-3.571868
441	58.666667	58.833333	C4	45	80	1	-1	-2.415329
442	58.813187	60.420330	C5	63	80	0	5	-3.707830
443	58.833333	59.000000	B3	45	80	1	-2	-2.745489
444	59.000000	59.166667	A3	45	80	1	-3	-2.891080
445	59.166667	59.333333	F#3	45	80	1	-4	-4.210732
446	59.333333	59.500000	D#3	45	80	1	-1	-5.372527
447	59.500000	59.666667	C3	45	80	1	-2	-4.084076
448	59.666667	59.833333	B2	45	80	1	-1	-4.644141
449	59.833333	60.000000	B1	76	80	1	-5	-2.314770
450	59.884615	62.027473	F4	63	80	0	2	-3.263552
451	60.000000	60.166667	E2	63	80	1	-3	-3.463793
452	60.166667	60.333333	B2	63	80	1	-1	-3.342645
453	60.333333	60.500000	G3	63	80	1	-2	-6.730551
454	60.420330	60.956044	B4	63	80	0	4	-2.909306
455	60.500000	60.666667	E3	63	80	1	-4	-3.718276
456	60.666667	60.833333	C4	63	80	1	-1	-3.451917
457	60.833333	61.000000	B3	63	80	1	-2	-2.745489
458	60.956044	61.089973	A4	63	80	0	3	-2.238713
459	61.000000	61.166667	E2	63	80	1	-5	-6.177855
460	61.089973	61.223901	B4	63	80	0	4	-2.883688
461	61.166667	61.333333	B2	63	80	1	-3	-3.416097
462	61.223901	61.290865	A4	63	80	0	3	-2.238713
463	61.290865	61.357830	B4	63	80	0	4	-2.883688
464	61.333333	61.500000	G3	63	80	1	-1	-4.439870
465	61.357830	61.424794	A4	63	80	0	3	-2.238713
466	61.424794	61.491758	B4	63	80	0	4	-2.883688
467	61.491758	62.027473	G4	63	80	0	2	-3.359779
468	61.500000	61.666667	E3	63	80	1	-3	-4.276897
469	61.666667	61.833333	C4	63	80	1	-1	-4.439870
470	61.833333	62.000000	B3	63	80	1	-2	-2.745489
471	62.000000	62.166667	F#2	76	80	1	-5	-5.273430
472	62.027473	64.170330	E4	45	80	0	1	-3.157580
473	62.027473	63.098901	G4	45	80	0	2	-2.525967
474	62.166667	62.333333	B2	63	80	1	-4	-5.448648
475	62.333333	62.500000	A3	63	80	1	-1	-4.427076
476	62.500000	62.666667	F#3	63	80	1	-2	-3.299403
477	62.666667	62.833333	C4	63	80	1	-1	-4.366821
478	62.833333	63.000000	B3	63	80	1	-2	-2.745489
479	63.000000	63.166667	G2	63	80	1	-5	-6.744398
480	63.098901	63.634615	G4	45	80	0	2	-4.554564
481	63.166667	63.333333	B2	63	80	1	-4	-4.139458
482	63.333333	63.500000	G3	63	80	1	-1	-3.451917
483	63.500000	63.666667	E3	63	80	1	-3	-4.276897
484	63.634615	64.170330	G4	45	80	0	2	-4.554564
485	63.666667	63.833333	C4	63	80	1	-1	-4.439870
486	63.833333	64.000000	B3	63	80	1	-1	-5.751475
487	64.000000	64.166667	D#2	63	80	1	-5	-6.587391
488	64.166667	64.333333	B2	63	80	1	-5	-7.206746
489	64.170330	66.313187	E4	90	80	0	1	-3.157580
490	64.170330	66.313187	G4	90	80	0	2	-2.525967
491	64.170330	65.241758	A4	45	80	0	3	-2.675961
492	64.333333	64.500000	A3	63	80	1	-1	-3.610078
493	64.500000	64.666667	F#3	63	80	1	-2	-3.299403
494	64.666667	64.833333	C4	63	80	1	-1	-4.366821
495	64.833333	65.000000	B3	63	80	1	-2	-2.745489
496	65.000000	65.166667	E2	63	80	1	-5	-6.177855
497	65.166667	65.333333	B2	63	80	1	-3	-3.416097
498	65.241758	65.777473	A4	45	80	0	3	-4.378151
499	65.333333	65.500000	G3	63	80	1	-1	-4.439870
500	65.500000	65.666667	E3	63	80	1	-3	-4.276897
501	65.598901	65.956044	F4	45	80	0	1	-3.281335
502	65.666667	65.833333	C4	63	80	1	-1	-4.439870
503	65.777473	66.313187	A4	45	80	0	2	-2.525967
504	65.833333	66.000000	B3	63	80	1	-2	-2.745489
505	65.956044	66.313187	E4	45	80	0	1	-3.434905
506	66.000000	66.166667	B1	81	80	1	-5	-7.627411
507	66.166667	66.333333	B2	81	80	1	-1	-1.202832
508	66.313187	68.456044	F4	45	80	0	2	-2.867384
509	66.313187	67.384615	A4	45	80	0	3	-3.012122
510	66.333333	66.500000	F#3	81	80	1	-2	-8.605581
511	66.500000	67.000000	G3	81	80	1	-1	-3.404249
512	66.500000	66.666667	G3	81	80	1	-1	-4.426668
513	66.666667	66.833333	B2	81	80	1	-5	-3.730225
514	66.833333	67.000000	A#3	81	80	1	-2	-6.336491
515	67.000000	67.166667	B3	63	80	1	-1	-3.404249
516	67.166667	67.333333	B2	63	80	1	-5	-2.314770
517	67.333333	67.500000	A#2	63	80	1	-4	-7.175636
518	67.384615	67.920330	A4	45	80	0	3	-4.378151
519	67.500000	67.666667	B2	63	80	1	-3	-4.267903
520	67.666667	67.833333	D#3	63	80	1	-2	-3.749711
521	67.833333	68.000000	F#3	63	80	1	-1	-2.415329
522	67.920330	68.456044	A4	45	80	0	3	-4.378151
523	68.000000	68.166667	G2	45	80	1	-5	-4.598096
524	68.166667	68.333333	D3	45	80	1	-3	-3.416097
525	68.333333	68.500000	B3	45	80	1	-1	-4.439870
526	68.456044	70.598901	F#4	90	80	0	2	-3.032881
527	68.456044	70.598901	A4	90	80	0	3	-3.265372
528	68.456044	69.527473	B4	45	80	0	4	-2.883688
529	68.500000	68.666667	G3	45	80	1	-3	-4.276897
530	68.666667	68.833333	E4	45	80	1	-1	-4.439870
531	68.833333	69.000000	D4	45	80	1	-1	-5.751475
532	69.000000	69.166667	F#2	45	80	1	-5	-6.587391
533	69.166667	69.333333	F#3	45	80	1	-1	-1.202832
534	69.333333	69.500000	D4	45	80	1	-4	-6.237620
535	69.500000	69.666667	E4	45	80	1	-3	-2.915060
536	69.527473	70.063187	B4	45	80	0	3	-5.185589
537	69.666667	69.833333	C#4	45	80	1	-4	-4.210732
538	69.833333	70.000000	F#3	45	80	1	-1	-5.763343
539	70.000000	70.166667	B2	63	80	1	-5	-5.060396
540	70.063187	70.598901	B4	45	80	0	3	-4.378151
541	70.166667	70.333333	F#3	63	80	1	-3	-5.375180
542	70.333333	70.500000	D4	63	80	1	-1	-3.687814
543	70.500000	70.666667	B3	63	80	1	-2	-3.291596
544	70.598901	72.741758	G4	45	80	0	1	-3.281335
545	70.598901	71.670330	B4	45	80	0	2	-2.525967
546	71.000000	71.166667	E#4	63	80	1	-1	-4.047397
547	71.166667	71.333333	D4	63	80	1	-2	-3.291596
548	71.333333	71.500000	B3	63	80	1	-4	-3.718276
549	71.500000	71.666667	E#3	63	80	1	-1	-6.154130
550	71.666667	71.833333	D3	63	80	1	-2	-3.291596
551	71.670330	72.741758	B4	90	80	0	2	-4.554564
552	71.670330	72.741758	C#5	90	80	0	3	-3.409656
553	71.833333	72.000000	E#2	63	80	1	-5	-5.049983
554	72.004167	72.170833	F#2	63	80	1	-4	-5.131985
555	72.170833	72.337500	F#3	63	80	1	-1	-2.522980
556	72.337500	72.504167	C#4	63	80	1	-3	-6.517685
557	72.504167	72.670833	E4	63	80	1	-2	-2.872099
558	72.670833	72.837500	G4	63	80	1	-1	-2.415329
559	72.741758	74.884615	F#4	126	80	0	1	-3.310457
560	72.741758	74.884615	B4	90	80	0	2	-3.465862
561	72.741758	74.884615	D5	90	80	0	4	-2.758588
562	72.837500	73.004167	F#4	63	80	1	-2	-3.720116
563	73.004167	73.170833	E4	63	80	1	-1	-5.183592
564	73.170833	73.337500	C#4	63	80	1	-2	-3.299403
565	73.337500	73.504167	A#3	63	80	1	-4	-3.718276
566	73.504167	73.670833	F#3	63	80	1	-1	-5.372527
567	73.670833	73.837500	F#2	63	80	1	-5	-2.314770
568	73.837500	74.004167	F#1	63	80	1	-3	-8.212705
569	74.004167	74.170833	B1	63	80	1	-1	-3.390615
570	74.170833	74.337500	B2	63	80	1	-5	-6.047974
571	74.337500	74.504167	F#3	63	80	1	-3	-5.375180
572	74.504167	74.670833	A3	63	80	1	-2	-2.872099
573	74.670833	74.837500	C4	45	80	1	-1	-2.415329
574	74.837500	75.004167	B3	45	80	1	-2	-2.745489
575	74.884615	75.956044	B4	126	80	0	2	-3.359779
576	74.884615	77.027473	C#5	126	80	0	3	-3.409656
577	75.004167	75.170833	G3	45	80	1	-3	-4.063676
578	75.170833	75.337500	C4	45	80	1	-1	-2.717521
579	75.337500	75.504167	B3	45	80	1	-2	-2.745489
580	75.504167	75.670833	F#3	45	80	1	-4	-4.647576
581	75.670833	75.837500	C4	45	80	1	-2	-4.383116
582	75.837500	76.004167	B3	45	80	1	-1	-4.644141
583	75.956044	77.027473	A#4	126	80	0	2	-3.674662
584	76.004167	76.170833	E2	45	80	1	-5	-4.212346
585	76.170833	76.337500	B2	63	80	1	-3	-3.416097
586	76.337500	76.504167	G3	63	80	1	-1	-4.439870
587	76.504167	76.670833	E3	63	80	1	-3	-4.276897
588	76.670833	76.837500	C4	63	80	1	-1	-4.439870
589	76.837500	77.004167	B3	63	80	1	-2	-2.745489
590	77.004167	77.170833	E2	63	80	1	-5	-6.177855
591	77.027473	79.170330	A4	76	80	0	1	-3.290753
592	77.027473	78.098901	C5	63	80	0	2	-2.525967
593	77.170833	77.337500	B2	63	80	1	-3	-3.416097
594	77.337500	77.504167	G3	63	80	1	-1	-4.439870
595	77.504167	77.670833	E3	63	80	1	-3	-4.276897
596	77.670833	77.837500	C4	63	80	1	-1	-4.439870
597	77.837500	78.004167	B3	63	80	1	-2	-2.745489
598	78.004167	78.170833	F#2	76	80	1	-5	-5.273430
599	78.170833	78.337500	B2	63	80	1	-4	-5.448648
600	78.337500	78.504167	A3	63	80	1	-1	-4.427076
601	78.504167	78.670833	F#3	63	80	1	-2	-3.299403
602	78.670833	78.837500	C4	63	80	1	-1	-4.366821
603	78.837500	79.004167	B3	63	80	1	-2	-2.745489
604	79.004167	79.170833	E2	63	80	1	-5	-6.177855
605	79.170330	81.313187	G4	63	80	0	1	-3.434905
606	79.170330	80.241758	E5	63	80	0	5	-3.707830
607	79.170833	79.337500	B2	63	80	1	-3	-3.416097
608	79.337500	79.504167	G3	63	80	1	-1	-4.439870
609	79.504167	79.670833	E3	63	80	1	-3	-4.276897
610	79.670833	79.837500	C4	63	80	1	-1	-4.439870
611	79.837500	80.004167	B3	63	80	1	-1	-5.751475
612	80.004167	80.170833	D#2	63	80	1	-5	-6.587391
613	80.170833	80.337500	B2	63	80	1	-5	-7.206746
614	80.241758	81.313187	B4	63	80	0	2	-3.071676
615	80.337500	80.504167	B3	63	80	1	-1	-1.202832
616	80.504167	80.670833	F#3	63	80	1	-2	-4.444474
617	80.670833	80.837500	C4	76	80	1	-1	-4.366821
618	80.837500	81.004167	B3	76	80	1	-2	-2.745489
619	81.004167	81.170833	E2	63	80	1	-5	-6.177855
620	81.170833	81.337500	B2	63	80	1	-3	-3.416097
621	81.313187	82.384615	G4	63	80	0	1	-3.157580
622	81.313187	83.456044	A#4	63	80	0	3	-4.456068
623	81.337500	81.504167	G3	63	80	1	-1	-4.439870
624	81.504167	81.670833	E3	63	80	1	-3	-4.276897
625	81.670833	81.837500	C4	63	80	1	-1	-4.439870
626	81.837500	82.004167	B3	63	80	1	-2	-2.745489
627	82.004167	82.170833	B1	63	80	1	-5	-7.627411
628	82.170833	82.337500	B2	45	80	1	-5	-5.534856
629	82.337500	82.504167	B3	45	80	1	-1	-1.202832
630	82.384615	82.920330	F#4	45	80	0	2	-3.674662
631	82.504167	82.670833	A#3	45	80	1	-2	-3.720116
632	82.670833	82.837500	B2	45	80	1	-5	-5.509717
633	82.837500	83.004167	B1	45	80	1	-5	-5.870600
634	82.920330	83.456044	E4	45	80	0	1	-3.360143
635	83.004167	83.170833	B2	45	80	1	-1	-1.202832
636	83.170833	83.337500	B1	45	80	1	-5	-2.314770
637	83.337500	83.504167	B2	45	80	1	-1	-1.202832
638	83.456044	85.598901	D4	63	80	0	2	-4.891425
639	83.456044	85.598901	B4	63	80	0	5	-3.767315
640	83.504167	83.670833	D#3	45	80	1	-5	-7.923418
641	83.670833	83.837500	F#3	45	80	1	-4	-4.139458
642	83.837500	84.004167	B3	45	80	1	-2	-2.871001
643	84.004167	84.170833	C4	45	80	1	-1	-2.578439
644	84.170833	84.337500	C3	63	80	1	-3	-6.324257
645	84.337500	84.504167	B2	63	80	1	-4	-3.061136
646	84.504167	84.670833	C3	63	80	1	-3	-2.915060
647	84.670833	84.837500	D3	63	80	1	-2	-2.510186
648	84.837500	85.004167	C3	63	80	1	-3	-2.891080
649	85.004167	85.170833	B2	63	80	1	-1	-3.930078
650	85.170833	85.337500	B1	63	80	1	-5	-2.314770
651	85.337500	85.504167	B2	63	80	1	-1	-1.202832
652	85.504167	85.670833	F#3	63	80	1	-4	-8.632181
653	85.598901	88.813187	C#4	63	80	0	1	-3.521239
654	85.598901	87.741758	B4	63	80	0	5	-4.733635
655	85.670833	85.837500	C4	63	80	1	-2	-4.383116
656	85.837500	86.004167	B3	63	80	1	-1	-4.644141
657	86.004167	86.170833	B2	63	80	1	-5	-2.314770
658	86.170833	86.337500	B1	63	80	1	-5	-5.870600
659	86.337500	86.504167	B2	63	80	1	-1	-1.202832
660	86.504167	86.670833	E3	63	80	1	-3	-6.025293
661	86.670833	86.837500	C4	63	80	1	-1	-4.439870
662	86.837500	87.004167	B3	63	80	1	-2	-2.745489
663	87.004167	87.170833	A#3	63	80	1	-3	-3.848567
664	87.170833	87.337500	G3	63	80	1	-1	-4.439870
665	87.337500	87.504167	E3	63	80	1	-2	-3.291596
666	87.504167	87.670833	A#2	63	80	1	-4	-6.312522
667	87.670833	87.837500	G2	63	80	1	-1	-5.179099
668	87.741758	89.884615	A#4	63	80	0	4	-3.640665
669	87.837500	88.004167	A#1	63	80	1	-5	-4.114892
670	88.004167	88.170833	B1	63	80	1	-4	-5.624397
671	88.170833	88.337500	B2	63	80	1	-1	-2.522980
672	88.337500	88.504167	E3	63	80	1	-3	-6.025293
673	88.504167	88.670833	G3	63	80	1	-2	-3.046717
674	88.670833	88.837500	C4	63	80	1	-1	-2.320150
675	88.813187	89.884615	E4	63	80	0	1	-3.845468
676	88.837500	89.004167	B3	63	80	1	-2	-2.745489
677	89.004167	89.170833	B2	63	80	1	-1	-8.246314
678	89.170833	89.337500	A#2	63	80	1	-2	-3.720116
679	89.337500	89.504167	B2	63	80	1	-1	-3.404249
680	89.504167	89.670833	B1	63	80	1	-5	-2.314770
681	89.670833	89.837500	A#1	63	80	1	-4	-7.175636
682	89.837500	90.004167	B1	63	80	1	-3	-4.267903
683	89.884615	92.027473	D#4	90	80	0	2	-4.284147
684	89.884615	92.027473	B4	90	80	0	5	-3.857051
685	90.004167	90.170833	E2	63	80	1	-1	-2.717521
686	90.170833	90.337500	B2	63	80	1	-5	-5.919258
687	90.337500	90.504167	B3	63	80	1	-1	-1.202832
688	90.504167	90.670833	G#3	63	80	1	-2	-3.299403
689	90.670833	90.837500	F#3	63	80	1	-3	-2.891080
690	90.837500	91.004167	E3	63	80	1	-1	-4.439870
691	91.004167	91.170833	E2	63	80	1	-5	-2.314770
692	91.170833	91.337500	B2	63	80	1	-5	-5.954471
693	91.337500	91.504167	B3	63	80	1	-1	-1.202832
694	91.504167	91.670833	G#3	63	80	1	-2	-3.299403
695	91.670833	91.837500	F#3	63	80	1	-3	-2.891080
696	91.837500	92.004167	E3	63	80	1	-1	-4.439870
697	92.004167	92.170833	E2	63	80	1	-5	-2.314770
698	92.170833	92.337500	B2	45	80	1	-5	-5.954471
699	92.337500	92.504167	B3	45	80	1	-1	-1.202832
700	92.504167	92.670833	G#3	45	80	1	-2	-3.299403
701	92.670833	92.837500	F#3	45	80	1	-3	-2.891080
702	92.837500	93.004167	E3	45	80	1	-1	-4.439870
703	93.004167	93.170833	E2	45	80	1	-5	-2.314770
704	93.170833	93.337500	B2	45	80	1	-5	-5.954471
705	93.337500	93.504167	B3	45	80	1	-1	-1.202832
706	93.504167	93.670833	G#3	45	80	1	-2	-3.299403
707	93.670833	93.837500	F#3	45	80	1	-3	-2.891080
708	93.837500	94.004167	E3	45	80	1	-1	-4.439870
709	94.004167	94.170833	E2	45	80	1	-5	-2.314770
710	94.170833	94.337500	E3	45	80	1	-4	-4.924626
711	94.337500	94.504167	C#4	45	80	1	-1	-4.244654
712	94.348901	96.491758	B4	90	80	0	1	-5.027158
713	94.348901	96.491758	D#5	90	80	0	3	-3.998423
714	94.504167	94.670833	A3	45	80	1	-2	-4.597368
715	94.670833	94.837500	F#3	45	80	1	-3	-3.464153
716	94.837500	95.004167	E3	45	80	1	-1	-4.439870
717	95.004167	95.170833	E2	45	80	1	-5	-2.314770
718	95.170833	95.337500	E3	45	80	1	-4	-4.924626
719	95.337500	95.504167	C#4	45	80	1	-1	-4.244654
720	95.504167	95.670833	A3	45	80	1	-2	-4.597368
721	95.670833	95.837500	F#3	45	80	1	-3	-3.464153
722	95.837500	96.004167	E3	45	80	1	-1	-4.439870
723	96.004167	96.170833	E2	45	80	1	-5	-2.314770
724	96.170833	96.337500	E3	45	80	1	-4	-4.924626
725	96.337500	96.504167	C4	45	80	1	-1	-3.451917
726	96.357830	96.491758	A4	90	80	0	1	-4.323321
727	96.357830	96.491758	C#5	90	80	0	2	-3.275273
728	96.491758	98.634615	A4	90	80	0	1	-4.134704
729	96.491758	98.634615	C#5	90	80	0	2	-3.275273
730	96.504167	96.670833	A3	45	80	1	-2	-3.291596
731	96.670833	96.837500	F#3	45	80	1	-3	-3.464153
732	96.837500	97.004167	E3	45	80	1	-1	-4.439870
733	97.004167	97.170833	E2	45	80	1	-5	-2.314770
734	97.170833	97.337500	E3	45	80	1	-4	-4.924626
735	97.337500	97.504167	C4	45	80	1	-1	-3.451917
736	97.504167	97.670833	A3	45	80	1	-2	-3.291596
737	97.670833	97.837500	F#3	45	80	1	-3	-3.464153
738	97.837500	98.004167	E3	45	80	1	-1	-4.439870
739	98.004167	98.170833	E2	45	80	1	-5	-2.314770
740	98.170833	98.337500	B2	63	80	1	-5	-5.954471
741	98.337500	98.504167	B3	63	80	1	-1	-1.202832
742	98.500687	98.634615	G#4	90	80	0	1	-3.434905
743	98.500687	98.634615	B4	90	80	0	2	-3.493146
744	98.504167	98.670833	G#3	63	80	1	-2	-3.299403
745	98.634615	101.848901	G#4	90	80	0	1	-3.967913
746	98.634615	101.848901	B4	90	80	0	2	-3.493146
747	98.670833	98.837500	F#3	63	80	1	-3	-2.891080
748	98.837500	99.004167	E3	63	80	1	-1	-4.439870
749	99.004167	99.170833	E2	63	80	1	-5	-2.314770
750	99.170833	99.337500	B2	63	80	1	-5	-5.954471
751	99.337500	99.504167	B3	63	80	1	-1	-1.202832
752	99.504167	99.670833	G#3	63	80	1	-2	-3.299403
753	99.670833	99.837500	F#3	63	80	1	-3	-2.891080
754	99.837500	100.004167	E3	63	80	1	-1	-4.439870
755	100.004167	100.170833	E2	63	80	1	-5	-2.314770
756	100.170833	100.337500	B2	63	80	1	-5	-5.954471
757	100.337500	100.504167	B3	63	80	1	-1	-1.202832
758	100.504167	100.670833	G#3	63	80	1	-2	-3.299403
759	100.670833	100.837500	F#3	63	80	1	-3	-2.891080
760	100.837500	101.004167	E3	63	80	1	-1	-4.439870
761	101.004167	101.170833	E2	63	80	1	-5	-2.314770
762	101.170833	101.337500	B2	63	80	1	-5	-5.954471
763	101.337500	101.504167	B3	63	80	1	-1	-1.202832
764	101.504167	101.670833	G#3	63	80	1	-2	-3.299403
765	101.670833	101.837500	F#3	63	80	1	-3	-2.891080
766	101.837500	102.004167	E3	63	80	1	-1	-4.439870
767	101.848901	102.920330	A4	90	80	0	1	-2.609267
768	101.848901	102.920330	C#5	90	80	0	2	-3.275273
769	102.004167	102.170833	E2	63	80	1	-5	-2.314770
770	102.170833	102.337500	E3	63	80	1	-4	-4.924626
771	102.337500	102.504167	C#4	63	80	1	-1	-4.244654
772	102.504167	102.670833	A3	63	80	1	-2	-4.597368
773	102.670833	102.837500	F#3	63	80	1	-3	-3.464153
774	102.837500	103.004167	E3	63	80	1	-1	-4.439870
775	102.920330	104.527473	A#4	90	80	0	1	-3.157580
776	102.920330	104.527473	C#5	90	80	0	2	-2.525967
777	103.004167	103.170833	E2	63	80	1	-5	-2.314770
778	103.170833	103.337500	E3	63	80	1	-4	-4.924626
779	103.337500	103.504167	C#4	63	80	1	-1	-4.244654
780	103.504167	103.670833	A3	63	80	1	-2	-4.597368
781	103.670833	103.837500	F#3	63	80	1	-3	-3.464153
782	103.837500	104.004167	E3	63	80	1	-1	-4.439870
783	104.004167	104.170833	E2	63	80	1	-5	-2.314770
784	104.170833	104.337500	E3	63	80	1	-4	-4.924626
785	104.337500	104.504167	C4	63	80	1	-1	-3.451917
786	104.504167	104.670833	A3	63	80	1	-2	-3.291596
787	104.527473	105.063187	B4	90	80	0	1	-3.360143
788	104.527473	105.063187	D#5	90	80	0	3	-3.998423
789	104.670833	104.837500	F#3	63	80	1	-3	-3.464153
790	104.837500	105.004167	E3	63	80	1	-1	-4.439870
791	105.004167	105.170833	E2	63	80	1	-5	-2.314770
792	105.063187	105.640110	C#5	90	80	0	2	-2.287533
793	105.063187	105.640110	E5	90	80	0	3	-3.265372
794	105.170833	105.337500	E3	45	80	1	-4	-4.924626
795	105.337500	105.504167	C4	45	80	1	-1	-3.451917
796	105.504167	105.670833	A3	45	80	1	-2	-3.291596
797	105.640110	106.217033	D#5	90	80	0	2	-3.151465
798	105.640110	106.217033	F#5	90	80	0	4	-2.758588
799	105.670833	105.837500	F#3	45	80	1	-3	-3.464153
800	105.837500	106.004167	E3	45	80	1	-1	-4.439870
801	106.004167	106.170833	E2	45	80	1	-5	-2.314770
802	106.170833	106.337500	B2	45	80	1	-5	-5.954471
803	106.217033	107.370879	A#4	63	80	0	1	-2.969918
804	106.217033	106.793956	E5	90	80	0	3	-5.088322
805	106.217033	106.793956	G5	90	80	0	5	-2.681011
806	106.337500	106.504167	B3	45	80	1	-1	-1.202832
807	106.504167	106.670833	G#3	45	80	1	-2	-3.299403
808	106.670833	106.837500	F#3	45	80	1	-3	-2.891080
809	106.793956	107.370879	E5	90	80	0	3	-3.509161
810	106.793956	107.370879	G5	90	80	0	5	-2.681011
811	106.837500	107.004167	E3	45	80	1	-1	-4.439870
812	107.004167	107.170833	E2	45	80	1	-5	-2.314770
813	107.170833	107.337500	B2	45	80	1	-5	-5.954471
814	107.337500	107.504167	B3	45	80	1	-1	-1.202832
815	107.370879	109.513736	B4	63	80	0	1	-2.845304
816	107.370879	108.442308	E5	90	80	0	3	-3.401091
817	107.370879	108.442308	G5	90	80	0	5	-2.681011
818	107.504167	107.670833	G#3	45	80	1	-2	-3.299403
819	107.670833	107.837500	F#3	45	80	1	-3	-2.891080
820	107.837500	108.004167	E3	45	80	1	-1	-4.439870
821	108.004167	108.170833	E2	45	80	1	-5	-2.314770
822	108.170833	108.337500	E3	45	80	1	-4	-4.924626
823	108.337500	108.504167	C4	45	80	1	-1	-3.451917
824	108.442308	111.656593	D#5	90	80	0	3	-4.491606
825	108.442308	111.656593	F#5	90	80	0	5	-2.681011
826	108.504167	108.670833	A3	45	80	1	-2	-3.291596
827	108.670833	108.837500	F#3	45	80	1	-3	-3.464153
828	108.837500	109.004167	E3	45	80	1	-1	-4.439870
829	109.004167	109.170833	E2	45	80	1	-5	-2.314770
830	109.170833	109.337500	E3	45	80	1	-4	-4.924626
831	109.337500	109.504167	C4	45	80	1	-1	-3.451917
832	109.504167	109.670833	A3	45	80	1	-2	-3.291596
833	109.670833	109.837500	F#3	45	80	1	-3	-3.464153
834	109.837500	110.004167	E3	45	80	1	-1	-4.439870
835	110.004167	110.170833	E2	45	80	1	-5	-2.314770
836	110.170833	110.337500	B2	45	80	1	-5	-5.954471
837	110.337500	110.504167	B3	45	80	1	-1	-1.202832
838	110.504167	110.670833	G#3	45	80	1	-2	-3.299403
839	110.670833	110.837500	F#3	45	80	1	-3	-2.891080
840	110.837500	111.004167	E3	45	80	1	-1	-4.439870
841	111.004167	111.170833	E2	45	80	1	-5	-2.314770
842	111.170833	111.337500	B2	45	80	1	-5	-5.954471
843	111.337500	111.504167	B3	45	80	1	-1	-1.202832
844	111.504167	111.670833	G#3	45	80	1	-2	-3.299403
845	111.656593	113.799451	D#4	90	80	0	1	-4.340619
846	111.656593	113.799451	B4	90	80	0	3	-5.327229
847	111.656593	113.799451	D#5	90	80	0	5	-3.549127
848	111.670833	111.837500	F#3	45	80	1	-3	-2.891080
849	111.837500	112.004167	E3	45	80	1	-5	-4.372251
850	112.004167	113.504167	G#3	90	80	1	-3	-3.351805
851	112.004167	113.504167	E4	90	80	1	-1	-3.687814
852	113.799451	115.406593	D#4	90	80	0	1	-1.922714
853	113.799451	115.406593	A4	90	80	0	2	-5.302163
854	113.799451	115.406593	C#5	90	80	0	4	-3.522723
855	115.406593	115.942308	E4	90	80	0	1	-3.493957
856	115.406593	115.942308	A4	90	80	0	2	-2.963617
857	115.406593	115.942308	B4	90	80	0	3	-2.675961
858	115.942308	118.085165	E4	90	80	0	1	-3.310457
859	115.942308	118.085165	G#4	90	80	0	2	-3.275273
860	115.942308	117.013736	C#5	126	80	0	4	-2.909306
861	117.013736	119.156593	B4	126	80	0	3	-3.914844
862	119.156593	120.228022	B4	126	80	0	3	-4.378151
863	120.228022	121.835165	E4	90	80	0	1	-3.310457
864	120.228022	121.835165	G4	90	80	0	2	-2.525967
865	120.228022	124.513736	A#4	126	80	0	3	-3.409656
866	121.835165	122.370879	D#4	90	80	0	1	-3.310457
867	121.835165	122.370879	F#4	90	80	0	2	-2.525967
868	122.370879	122.906593	E4	90	80	0	1	-3.360143
869	122.370879	122.906593	G4	90	80	0	2	-2.525967
870	122.906593	123.442308	D#4	90	80	0	1	-3.898407
871	122.906593	123.442308	F#4	90	80	0	2	-2.525967
872	123.442308	123.978022	E4	90	80	0	1	-3.360143
873	123.442308	123.978022	G4	90	80	0	2	-2.525967
874	123.978022	124.513736	E4	90	80	0	1	-3.157580
875	123.978022	124.513736	G4	90	80	0	2	-2.525967
876	124.513736	125.585165	E4	63	80	0	1	-3.157580
877	124.513736	127.728022	F#4	90	80	0	2	-3.246278
878	124.513736	127.728022	A4	90	80	0	4	-3.580467
879	125.585165	127.728022	D#4	63	80	0	1	-4.295977
880	128.858974	128.992903	B4	126	80	0	2	-6.099041
881	128.992903	132.207189	G5	126	80	0	5	-3.767315
882	132.207189	132.475046	B4	126	80	0	1	-2.845304
883	132.475046	132.742903	A#4	126	80	0	2	-4.284147
884	132.742903	133.010760	B4	126	80	0	1	-4.072488
885	133.010760	133.278617	E5	126	80	0	3	-3.401091
886	133.278617	136.492903	D#5	126	80	0	2	-3.151465
887	136.492903	136.671474	E5	126	80	0	3	-3.686981
888	136.671474	136.850046	D#5	126	80	0	2	-3.151465
889	136.850046	137.028617	E5	126	80	0	1	-4.072488
890	137.028617	137.207189	F#5	126	80	0	2	-3.246278
891	137.207189	137.385760	G5	126	80	0	3	-3.686981
892	137.385760	137.564331	A5	126	80	0	4	-2.883688
893	137.564332	140.778617	B5	99	80	0	5	-2.706622
894	140.778617	140.957189	B5	99	80	0	1	-5.027158
895	140.957189	141.135760	C#6	99	80	0	2	-3.246278
896	141.135760	141.314331	D#6	99	80	0	3	-2.675961
897	141.314332	141.492903	E6	99	80	0	1	-4.595018
898	141.492903	141.671474	F#6	99	80	0	3	-4.456068
899	141.671474	141.850046	G6	99	80	0	4	-3.868143
900	141.850046	142.921474	F#6	112	80	0	3	-3.226506
901	142.921474	143.055403	E6	99	80	0	2	-3.286699
902	143.055403	143.189332	C#6	99	80	0	1	-3.967913
903	143.189332	143.323260	A#5	99	80	0	3	-5.936950
904	143.323260	143.457189	G5	99	80	0	2	-3.286699
905	143.457189	143.591117	E5	99	80	0	1	-3.157580
906	143.591117	143.725046	C#5	99	80	0	3	-5.389440
907	143.725046	143.858974	A#4	99	80	0	2	-3.674662
908	143.858974	143.992903	E4	99	80	0	1	-5.928410
909	143.992903	145.064332	D#4	90	80	0	2	-4.284147
910	143.992903	145.064332	B4	90	80	0	5	-3.857051
911	146.314332	147.385760	D4	63	80	0	1	-2.845304
912	147.385760	147.742903	B4	63	80	0	3	-4.659051
913	147.742903	148.100046	B4	63	80	0	3	-4.378151
914	148.100046	148.457189	B4	63	80	0	3	-4.378151
915	148.457189	149.528617	B4	63	80	0	3	-4.378151
916	149.528617	149.635760	A#4	63	80	0	2	-3.151465
917	149.635760	149.742903	G#4	63	80	0	1	-2.609267
918	149.742903	149.850046	A#4	63	80	0	2	-2.867384
919	149.850046	149.957189	B4	63	80	0	1	-4.072488
920	149.957189	150.064332	C#5	63	80	0	2	-3.246278
921	150.064332	150.171474	D5	63	80	0	3	-3.686981
922	150.171474	150.278617	E5	63	80	0	1	-5.198182
923	150.278617	150.385760	F#5	63	80	0	2	-3.246278
924	150.385760	150.492903	G#5	63	80	0	3	-2.675961
925	150.492903	150.600046	A#5	63	80	0	4	-2.883688
926	150.600046	152.742903	B5	63	80	0	5	-3.684684
927	152.028617	152.385760	G4	63	80	0	1	-4.340619
928	152.385760	152.742903	F#4	63	80	0	2	-4.284147
929	152.742903	154.350046	B5	63	80	0	5	-8.495044
930	154.350046	154.528617	A#5	63	80	0	4	-3.640665
931	154.528617	154.707189	B5	63	80	0	1	-5.276270
932	154.707189	154.885760	C#6	63	80	0	2	-3.246278
933	154.885760	157.028617	C#6	63	80	0	2	-4.554564
934	154.894689	157.037546	B5	63	80	0	1	-3.360143
935	157.028617	158.100046	C#6	63	80	0	2	-3.246278
936	157.037546	159.180403	A#5	63	80	0	1	-3.157580
937	158.100046	158.198260	B#5	63	80	0	2	-3.493146
938	158.198260	158.296474	C#6	63	80	0	3	-3.190537
939	158.296474	158.394689	D6	63	80	0	1	-4.595018
940	158.394689	158.492903	D#6	63	80	0	2	-3.900292
941	158.492903	158.591117	E6	63	80	0	1	-4.072488
942	158.591117	158.689331	F6	63	80	0	2	-2.867384
943	158.689332	158.787546	F#6	63	80	0	3	-3.190537
944	158.787546	158.885760	G6	63	80	0	1	-4.595018
945	158.885760	158.983974	G#6	63	80	0	4	-5.465822
946	158.983974	159.082189	A#6	63	80	0	5	-2.706622
947	159.082189	159.180403	A#6	63	80	0	5	-4.495609
948	159.180403	160.251831	B5	90	80	0	1	-3.885272
949	159.180403	160.251831	B6	90	80	0	5	-2.242366
950	160.251831	161.323260	D#4	63	80	0	1	-8.167035
951	161.323260	162.477106	E4	63	80	0	2	-5.579477
952	162.477106	163.727106	F#4	63	80	0	3	-3.409656
953	163.727106	166.941392	G4	90	80	0	1	-4.595018
954	163.727106	166.941392	G5	90	80	0	5	-2.242366
955	166.941392	167.477106	F#4	90	80	0	1	-4.270482
956	166.941392	167.477106	F#5	90	80	0	5	-2.242366
957	167.477106	168.012821	E4	90	80	0	1	-4.990776
958	167.477106	168.012821	E5	90	80	0	5	-2.242366
959	168.012821	170.512821	D#4	90	80	0	1	-4.270482
960	168.012821	170.512821	D#5	90	80	0	5	-2.242366
961	170.512821	170.869963	E4	90	80	0	1	-3.885272
962	170.512821	170.869963	E5	90	80	0	5	-2.242366
963	170.869963	171.227106	F#4	90	80	0	1	-3.521239
964	170.869963	171.227106	F#5	90	80	0	5	-2.242366
965	171.227106	171.584249	G4	90	80	0	1	-3.885272
966	171.227106	171.584249	G5	90	80	0	5	-2.242366
967	171.584249	171.941392	A4	90	80	0	1	-3.027253
968	171.584249	171.941392	A5	90	80	0	5	-2.242366
969	172.119963	172.298535	B4	90	80	0	1	-3.027253
970	172.119963	172.298535	B5	90	80	0	5	-2.242366
971	172.298535	172.655678	B4	90	80	0	1	-1.922714
972	172.298535	172.655678	B5	90	80	0	5	-2.242366
973	172.655678	173.012821	B4	90	80	0	1	-1.922714
974	172.655678	173.012821	B5	90	80	0	5	-2.242366
975	173.012821	173.369963	B4	90	80	0	1	-1.922714
976	173.012821	173.369963	B5	90	80	0	5	-2.242366
977	173.369963	173.727106	B4	90	80	0	1	-1.922714
978	173.369963	173.727106	B5	90	80	0	5	-2.242366
979	173.727106	174.084249	B4	99	80	0	1	-1.922714
980	174.084249	174.441392	A4	90	80	0	2	-4.891425
981	174.084249	174.441392	B4	90	80	0	3	-2.675961
982	174.441392	174.798535	A4	99	80	0	2	-2.287533
983	174.441392	174.798535	B4	112	80	0	3	-2.675961
984	174.798535	175.155678	G#4	99	80	0	2	-3.032881
985	174.798535	175.155678	B4	99	80	0	3	-3.265372
986	175.155678	175.512821	G4	99	80	0	1	-3.281335
987	175.155678	175.512821	B4	99	80	0	2	-2.525967
988	175.512821	175.897436	G4	99	80	0	1	-3.157580
989	175.512821	175.897436	B4	112	80	0	2	-2.525967
990	175.897436	176.282051	F#4	99	80	0	1	-3.898407
991	175.897436	176.282051	A4	99	80	0	2	-3.493146
992	176.282051	176.666667	E4	99	80	0	1	-3.434905
993	176.282051	176.666667	G4	99	80	0	2	-2.525967
994	176.666667	177.738095	D#4	90	80	0	1	-3.898407
995	176.666667	177.738095	F#4	90	80	0	2	-2.525967
996	177.738095	178.095238	E4	90	80	0	1	-3.360143
997	177.738095	178.095238	G4	90	80	0	2	-2.525967
998	178.095238	178.452381	E5	90	80	0	5	-3.767315
999	178.452381	178.809524	G4	90	80	0	1	-2.845304
1000	178.452381	178.809524	E5	90	80	0	5	-3.707830
1001	178.809524	181.034799	F#4	90	80	0	1	-3.521239
1002	178.809524	181.034799	D#5	90	80	0	5	-3.707830
1003	181.034799	186.391941	D#5	63	80	0	5	-4.495609
1004	184.249084	185.320513	D#5	63	80	0	5	-4.495609
1005	185.320513	187.463370	E4	90	80	0	1	-3.885272
1006	185.320513	187.463370	G4	90	80	0	2	-2.525967
1007	185.320513	187.463370	E5	63	80	0	5	-3.767315
1008	187.463370	189.606227	E4	90	80	0	1	-1.922714
1009	187.463370	189.606227	G4	90	80	0	2	-2.525967
1010	187.463370	188.534799	E5	63	80	0	5	-3.767315
1011	188.534799	189.606227	E5	63	80	0	5	-4.495609
1012	189.606227	191.749084	G4	90	80	0	1	-2.845304
1013	189.606227	191.749084	B4	90	80	0	2	-2.525967
1014	189.606227	191.749084	G5	63	80	0	5	-3.767315
1015	191.481227	191.615156	F#5	81	80	0	4	-3.640665
1016	191.615156	191.749084	E5	81	80	0	3	-3.914844
1017	191.749084	193.891941	F#4	90	80	0	1	-5.198182
1018	191.749084	193.891941	A4	90	80	0	2	-3.493146
1019	191.749084	193.891941	B4	90	80	0	3	-2.675961
1020	191.749084	192.820513	E5	81	80	0	5	-3.128600
1021	192.820513	193.891941	D#5	81	80	0	4	-3.640665
1022	193.891941	197.188645	G#4	90	80	0	1	-2.857522
1023	193.891941	197.188645	B4	90	80	0	2	-3.493146
1024	193.891941	197.188645	E5	90	80	0	4	-2.909306
1025	198.438645	200.581502	E5	90	80	0	3	-5.185589
1026	198.438645	200.581502	G#5	90	80	0	5	-3.549127
1027	200.581502	202.724359	D5	90	80	0	2	-4.646957
1028	200.581502	202.724359	F#5	90	80	0	4	-3.522723
1029	202.590430	202.724359	C#5	90	80	0	2	-3.266530
1030	202.590430	202.724359	E5	90	80	0	3	-3.265372
1031	202.724359	205.938645	C#5	90	80	0	2	-3.032881
1032	202.724359	205.938645	E5	90	80	0	3	-3.265372
1033	205.938645	207.010073	D5	90	80	0	2	-2.287533
1034	205.938645	207.010073	F#5	90	80	0	3	-4.632489
1035	207.010073	208.617216	D#5	90	80	0	1	-3.281335
1036	207.010073	208.617216	F#5	90	80	0	2	-2.525967
1037	208.617216	209.152930	E5	90	80	0	1	-3.360143
1038	208.617216	209.152930	G#5	90	80	0	3	-3.998423
1039	209.152930	209.729853	F#5	90	80	0	2	-2.287533
1040	209.152930	209.729853	A5	90	80	0	3	-3.265372
1041	209.729853	210.306777	G#5	90	80	0	2	-3.151465
1042	209.729853	210.306777	B5	90	80	0	4	-3.580467
1043	210.306777	211.460623	D#5	63	80	0	1	-3.577835
1044	210.306777	210.883700	A5	90	80	0	3	-5.088322
1045	210.306777	210.883700	C6	90	80	0	5	-2.681011
1046	210.883700	211.460623	A5	90	80	0	3	-3.509161
1047	210.883700	211.460623	C6	90	80	0	5	-2.681011
1048	211.460623	213.603480	E5	63	80	0	1	-2.845304
1049	211.460623	212.532051	A5	90	80	0	3	-3.401091
1050	211.460623	212.532051	C6	90	80	0	5	-2.681011
1051	212.532051	213.603480	G#5	90	80	0	3	-4.491606
1052	212.532051	213.603480	B5	90	80	0	5	-3.635747
1053	215.746337	216.817766	E5	90	80	0	2	-3.263552
1054	215.746337	216.817766	G#5	90	80	0	4	-3.522723
1055	216.817766	217.889194	G#4	63	80	0	1	-3.627794
1056	217.174908	217.532051	E5	90	80	0	3	-5.327229
1057	217.174908	217.532051	G#5	90	80	0	5	-3.549127
1058	217.532051	217.889194	E5	90	80	0	3	-4.396088
1059	217.532051	217.889194	G#5	90	80	0	5	-3.549127
1060	217.889194	218.960623	D5	90	80	0	2	-4.646957
1061	217.889194	218.424908	G#5	63	80	0	5	-5.283726
1062	218.424908	218.960623	F#5	63	80	0	4	-2.814339
1063	218.960623	220.032051	G#4	63	80	0	1	-3.549056
1064	219.317766	219.674908	D5	90	80	0	2	-5.302163
1065	219.317766	219.674908	F#5	90	80	0	4	-3.522723
1066	219.674908	220.032051	D5	90	80	0	2	-4.058569
1067	219.674908	220.032051	F#5	90	80	0	4	-3.522723
1068	219.898123	220.032051	F#5	63	80	0	4	-4.784491
1069	220.032051	222.174908	A4	90	80	0	1	-3.493957
1070	220.032051	222.174908	C#5	90	80	0	2	-3.275273
1071	220.032051	222.174908	E5	63	80	0	4	-3.580467
1072	224.317766	225.924908	A4	90	80	0	1	-2.857522
1073	224.317766	225.924908	C5	90	80	0	2	-2.525967
1074	224.317766	227.532051	D#5	63	80	0	3	-3.409656
1075	225.924908	226.460623	G#4	90	80	0	1	-3.310457
1076	225.924908	226.460623	B4	90	80	0	2	-3.493146
1077	226.460623	226.996337	A4	90	80	0	1	-2.609267
1078	226.460623	226.996337	C5	90	80	0	2	-2.525967
1079	226.996337	227.532051	G#4	90	80	0	1	-3.898407
1080	226.996337	227.532051	B4	90	80	0	2	-3.493146
1081	227.532051	228.067766	A4	90	80	0	1	-2.609267
1082	227.532051	228.067766	C5	90	80	0	2	-2.525967
1083	227.532051	228.603480	D#5	63	80	0	3	-3.409656
1084	228.067766	228.603480	A4	90	80	0	1	-4.323321
1085	228.067766	228.603480	C5	90	80	0	2	-2.525967
1086	228.603480	231.817766	G#4	90	80	0	1	-3.898407
1087	228.603480	231.817766	B4	90	80	0	2	-3.493146
1088	228.603480	231.817766	E5	90	80	0	5	-3.228870
1089	232.889194	236.103480	D#4	90	80	0	1	-4.270482
1090	232.889194	236.103480	F#4	90	80	0	2	-2.525967
1091	232.889194	236.103480	A4	90	80	0	4	-3.580467
1092	236.103480	237.174908	D#4	90	80	0	1	-4.295977
1093	236.103480	237.174908	F#4	90	80	0	2	-2.525967
1094	236.103480	237.174908	A4	90	80	0	4	-3.580467
1095	237.174908	238.246337	E4	90	80	0	2	-3.266530
1096	237.174908	238.246337	G#4	90	80	0	4	-3.522723
1097	242.591575	248.591575	E2	45	80	0	1	-7.338864
