//Version: PianoFingering_v170101
1	0.000000	1.250000	E-2	90	80	0	1	-0.925785
2	0.000000	1.250000	B-2	90	80	0	2	-3.928858
3	0.000000	1.250000	F3	90	80	0	5	-3.857051
4	0.000000	2.000000	B-1	90	80	1	-5	-0.504576
5	0.000000	2.000000	B-2	90	80	1	-1	-1.202832
6	1.250000	1.500000	C-2	90	80	0	1	-5.027158
7	1.250000	1.500000	G-2	90	80	0	3	-5.042408
8	1.250000	1.500000	D-3	90	80	0	5	-4.855832
9	1.500000	1.875000	D-2	90	80	0	1	-1.922714
10	1.500000	1.875000	A-2	90	80	0	2	-3.928858
11	1.500000	1.875000	E-3	90	80	0	5	-3.528229
12	1.875000	2.000000	A-2	90	80	0	1	-3.425130
13	1.875000	2.000000	E-3	90	80	0	2	-3.928858
14	1.875000	2.000000	B-3	90	80	0	5	-3.528229
15	2.000000	3.250000	E-2	90	80	0	1	-5.027158
16	2.000000	3.250000	B-2	90	80	0	2	-3.928858
17	2.000000	3.250000	F3	90	80	0	5	-3.857051
18	2.000000	4.000000	B-1	90	80	1	-5	-2.314770
19	2.000000	4.000000	B-2	90	80	1	-1	-1.202832
20	3.250000	3.500000	C-2	90	80	0	1	-5.027158
21	3.250000	3.500000	G-2	90	80	0	3	-5.042408
22	3.250000	3.500000	D-3	90	80	0	5	-4.855832
23	3.500000	3.875000	D-2	90	80	0	1	-1.922714
24	3.500000	3.875000	A-2	90	80	0	2	-3.928858
25	3.500000	3.875000	E-3	90	80	0	5	-3.528229
26	3.875000	4.000000	A-2	90	80	0	1	-3.425130
27	3.875000	4.000000	E-3	90	80	0	2	-3.928858
28	3.875000	4.000000	B-3	90	80	0	5	-3.528229
29	4.000000	6.000000	E-2	90	80	0	1	-5.027158
30	4.000000	6.000000	B-2	90	80	0	2	-3.928858
31	4.000000	6.000000	F3	90	80	0	5	-3.857051
32	4.000000	5.500000	B-1	90	80	1	-5	-2.314770
33	4.000000	5.500000	B-2	90	80	1	-1	-1.202832
34	5.500000	6.250000	B-3	90	80	0	1	-8.167035
35	5.500000	6.250000	B-4	90	80	0	5	-2.242366
36	5.500000	6.500000	E-2	90	80	1	-4	-3.752799
37	5.500000	6.500000	B-2	90	80	1	-1	-2.959487
38	6.000000	6.375000	D-4	63	80	0	2	-4.028221
39	6.250000	6.750000	B-3	90	80	0	1	-3.157580
40	6.250000	6.750000	B-4	90	80	0	5	-2.242366
41	6.375000	6.500000	E-4	63	80	0	3	-5.492188
42	6.500000	7.000000	D-4	63	80	0	2	-2.287533
43	6.500000	7.000000	B-1	90	80	1	-5	-2.314770
44	6.500000	7.000000	F2	90	80	1	-2	-4.203307
45	6.750000	7.500000	B-3	90	80	0	1	-3.157580
46	6.750000	7.500000	B-4	90	80	0	5	-2.242366
47	7.000000	7.250000	F-4	63	80	0	3	-6.003674
48	7.000000	8.000000	E-2	90	80	1	-3	-3.464153
49	7.000000	8.000000	B-2	90	80	1	-1	-3.342645
50	7.250000	7.500000	E-4	63	80	0	2	-3.151465
51	7.500000	7.750000	B-3	90	80	0	1	-3.434905
52	7.500000	7.875000	C4	63	80	0	2	-3.493146
53	7.500000	7.750000	B-4	90	80	0	5	-4.989350
54	7.750000	8.000000	B-4	90	80	0	5	-4.495609
55	7.875000	8.000000	E-4	63	80	0	2	-3.263552
56	8.000000	8.500000	E-4	63	80	0	2	-4.554564
57	8.000000	8.500000	B-1	90	80	1	-5	-2.314770
58	8.000000	8.500000	F2	90	80	1	-2	-4.203307
59	8.250000	8.750000	B-3	90	80	0	1	-3.434905
60	8.250000	8.750000	B-4	90	80	0	5	-2.242366
61	8.500000	10.000000	D-4	63	80	0	2	-4.028221
62	8.500000	9.500000	E-2	90	80	1	-3	-3.464153
63	8.500000	9.500000	B-2	90	80	1	-1	-3.342645
64	8.750000	9.500000	B-3	90	80	0	1	-3.157580
65	8.750000	9.500000	B-4	90	80	0	5	-2.242366
66	9.000000	10.500000	E-1	90	80	1	-5	-4.212346
67	9.000000	10.500000	E-2	90	80	1	-1	-1.202832
68	10.000000	11.250000	E-2	90	80	0	1	-6.163296
69	10.000000	11.250000	B-2	90	80	0	2	-3.928858
70	10.000000	11.250000	F3	90	80	0	5	-3.857051
71	11.000000	13.000000	E-1	90	80	1	-5	-2.314770
72	11.000000	13.000000	E-2	90	80	1	-1	-1.202832
73	11.250000	11.500000	C-2	90	80	0	1	-5.027158
74	11.250000	11.500000	G-2	90	80	0	3	-5.042408
75	11.250000	11.500000	D-3	90	80	0	5	-4.855832
76	11.500000	11.875000	D-2	90	80	0	1	-1.922714
77	11.500000	11.875000	A-2	90	80	0	2	-3.928858
78	11.500000	11.875000	E-3	90	80	0	5	-3.528229
79	11.875000	12.000000	A-2	90	80	0	1	-3.425130
80	11.875000	12.000000	E-3	90	80	0	2	-3.928858
81	11.875000	12.000000	B-3	90	80	0	5	-3.528229
82	12.000000	14.000000	E-2	90	80	0	1	-5.027158
83	12.000000	14.000000	B-2	90	80	0	2	-3.928858
84	12.000000	14.000000	F3	90	80	0	5	-3.857051
85	13.000000	14.500000	E-1	90	80	1	-5	-2.314770
86	13.000000	14.500000	E-2	90	80	1	-1	-1.202832
87	13.500000	14.250000	B-3	90	80	0	1	-8.167035
88	13.500000	14.250000	B-4	90	80	0	5	-2.242366
89	14.000000	14.375000	D-4	90	80	0	2	-4.028221
90	14.000000	14.375000	F-4	90	80	0	4	-3.580467
91	14.250000	14.750000	B-3	90	80	0	1	-4.295977
92	14.250000	14.750000	B-4	90	80	0	5	-2.242366
93	14.375000	14.500000	E-4	90	80	0	2	-3.263552
94	14.375000	14.500000	G-4	90	80	0	4	-2.758588
95	14.500000	15.000000	D-4	90	80	0	2	-3.266530
96	14.500000	15.000000	F-4	90	80	0	4	-3.580467
97	14.500000	16.500000	A-1	90	80	1	-5	-3.242781
98	14.500000	16.500000	A-2	90	80	1	-1	-1.202832
99	14.750000	15.500000	B-3	90	80	0	1	-4.295977
100	14.750000	15.500000	B-4	90	80	0	5	-2.242366
101	14.750000	15.000000	A-2	90	80	1	-5	-4.801795
102	14.750000	15.000000	E--3	90	80	1	-3	-5.278707
103	14.750000	15.000000	C-4	90	80	1	-1	-4.439870
104	15.000000	15.250000	F-4	90	80	0	2	-4.646957
105	15.000000	15.250000	A-4	90	80	0	4	-3.522723
106	15.000000	15.250000	C-3	90	80	1	-5	-2.314770
107	15.000000	15.250000	F-3	90	80	1	-5	-5.427640
108	15.000000	15.250000	E--4	90	80	1	-1	-3.610078
109	15.250000	15.500000	E-4	90	80	0	2	-3.266530
110	15.250000	15.500000	G4	90	80	0	4	-3.927704
111	15.250000	15.500000	E--3	90	80	1	-5	-2.314770
112	15.250000	15.500000	A-3	90	80	1	-3	-5.669550
113	15.250000	15.500000	F-4	90	80	1	-1	-3.687814
114	15.500000	15.750000	B-3	90	80	0	1	-4.500880
115	15.500000	15.875000	C4	90	80	0	2	-3.493146
116	15.500000	15.875000	E-4	90	80	0	3	-3.409656
117	15.500000	15.750000	B-4	90	80	0	5	-4.855832
118	15.500000	15.750000	F-3	90	80	1	-5	-2.314770
119	15.500000	15.750000	A-3	90	80	1	-3	-3.351805
120	15.500000	15.750000	E--4	90	80	1	-1	-4.001517
121	15.750000	16.000000	B-4	90	80	0	5	-4.495609
122	15.750000	16.000000	A-3	90	80	1	-4	-6.237620
123	15.750000	16.000000	E--4	90	80	1	-2	-4.383116
124	15.750000	16.000000	G-4	90	80	1	-1	-3.194227
125	15.875000	16.000000	E-4	90	80	0	2	-3.263552
126	15.875000	16.000000	G-4	90	80	0	4	-2.758588
127	16.000000	16.500000	E-4	90	80	0	2	-3.359779
128	16.000000	16.500000	G-4	90	80	0	4	-2.758588
129	16.000000	16.250000	C-4	90	80	1	-4	-5.233707
130	16.000000	16.250000	F-4	90	80	1	-1	-3.219441
131	16.250000	16.750000	B-3	90	80	0	1	-2.969918
132	16.250000	16.750000	B-4	90	80	0	5	-2.242366
133	16.250000	16.500000	E--4	90	80	1	-2	-2.745489
134	16.250000	16.500000	G-4	90	80	1	-1	-3.194227
135	16.500000	17.500000	D-4	90	80	0	2	-4.028221
136	16.500000	17.500000	F-4	90	80	0	4	-3.580467
137	16.500000	16.750000	C-4	90	80	1	-4	-5.233707
138	16.500000	16.750000	F-4	90	80	1	-1	-3.219441
139	16.750000	17.500000	B-3	90	80	0	1	-4.295977
140	16.750000	17.500000	B-4	90	80	0	5	-2.242366
141	16.750000	17.000000	A-3	90	80	1	-4	-4.339145
142	16.750000	17.000000	E--4	90	80	1	-1	-4.817923
143	18.000000	19.750000	F3	90	80	0	1	-5.695314
144	18.000000	19.750000	C-4	90	80	0	3	-3.401091
145	18.000000	19.750000	E-4	90	80	0	5	-3.549127
146	19.250000	19.500000	C#3	90	80	0	1	-3.460971
147	19.250000	19.500000	A-3	90	80	0	3	-3.751952
148	19.250000	19.500000	B3	90	80	0	5	-3.635747
149	19.500000	19.875000	D3	90	80	0	1	-2.845304
150	19.500000	19.875000	A-3	90	80	0	2	-5.017340
151	19.500000	19.875000	B-3	90	80	0	3	-2.675961
152	19.500000	19.875000	C4	90	80	0	4	-4.111873
153	19.875000	20.000000	A-3	90	80	0	1	-5.534855
154	19.875000	20.000000	B-3	90	80	0	2	-2.867384
155	19.875000	20.000000	D4	90	80	0	3	-4.453766
156	19.875000	20.000000	G-4	90	80	0	5	-3.549127
157	20.000000	21.750000	F3	90	80	0	1	-4.287540
158	20.000000	21.750000	C-4	90	80	0	3	-3.401091
159	20.000000	21.750000	E-4	90	80	0	5	-3.549127
160	20.500000	22.500000	G1	90	80	1	-5	-4.456078
161	20.500000	22.500000	G2	90	80	1	-1	-1.202832
162	20.750000	21.000000	B2	90	80	1	-5	-7.255468
163	20.750000	21.000000	F3	90	80	1	-3	-3.416097
164	20.750000	21.000000	D4	90	80	1	-1	-4.439870
165	21.000000	21.250000	D3	90	80	1	-5	-2.314770
166	21.000000	21.250000	G#3	90	80	1	-3	-5.669550
167	21.000000	21.250000	E4	90	80	1	-1	-3.687814
168	21.250000	21.500000	C#3	90	80	0	1	-3.460971
169	21.250000	21.500000	A-3	90	80	0	3	-3.751952
170	21.250000	21.500000	B3	90	80	0	5	-3.635747
171	21.250000	21.500000	B3	90	80	1	-3	-3.831713
172	21.250000	21.500000	F4	90	80	1	-1	-3.342645
173	21.500000	21.666667	D3	90	80	0	1	-2.845304
174	21.500000	21.666667	A-3	90	80	0	2	-5.017340
175	21.500000	21.666667	B-3	90	80	0	3	-2.675961
176	21.500000	21.666667	C4	90	80	0	4	-4.111873
177	21.500000	21.750000	F3	90	80	1	-5	-2.314770
178	21.500000	21.750000	D4	90	80	1	-2	-4.349399
179	21.500000	21.750000	G4	90	80	1	-1	-2.320150
180	21.666667	21.833333	A-3	90	80	0	1	-5.534855
181	21.666667	21.833333	B-3	90	80	0	2	-2.867384
182	21.666667	21.833333	D4	90	80	0	3	-4.453766
183	21.666667	21.833333	G-4	90	80	0	5	-3.549127
184	21.750000	22.000000	G#3	90	80	1	-5	-4.582913
185	21.750000	22.000000	D4	90	80	1	-3	-5.278707
186	21.750000	22.000000	G#4	90	80	1	-1	-4.411093
187	21.833333	22.000000	D-4	90	80	0	3	-3.854029
188	21.833333	22.000000	F4	90	80	0	5	-3.340065
189	22.000000	23.250000	F3	90	80	0	1	-1.922714
190	22.000000	23.250000	C-4	90	80	0	2	-2.963617
191	22.000000	23.250000	E-4	90	80	0	4	-3.522723
192	22.000000	22.250000	B3	90	80	1	-4	-5.354361
193	22.000000	22.250000	D4	90	80	1	-2	-2.359478
194	22.250000	22.500000	B3	90	80	1	-3	-4.063676
195	22.250000	22.500000	E4	90	80	1	-1	-2.717521
196	22.500000	22.750000	G3	90	80	1	-5	-3.730225
197	22.500000	22.750000	D4	90	80	1	-2	-2.554480
198	22.500000	22.750000	F4	90	80	1	-1	-2.415329
199	22.750000	23.000000	F3	90	80	1	-5	-2.314770
200	22.750000	23.000000	B3	90	80	1	-2	-3.272976
201	22.750000	23.000000	D4	90	80	1	-1	-2.415329
202	23.000000	23.250000	D3	90	80	1	-5	-2.314770
203	23.000000	23.250000	G#3	90	80	1	-2	-5.232676
204	23.000000	23.250000	B3	90	80	1	-1	-2.464298
205	23.250000	23.750000	F3	90	80	0	1	-3.493957
206	23.250000	23.750000	B-3	90	80	0	3	-3.998423
207	23.250000	23.750000	D4	90	80	0	5	-3.340065
208	23.250000	23.500000	B2	90	80	1	-5	-2.314770
209	23.250000	23.500000	G3	90	80	1	-1	-4.009362
210	23.500000	23.750000	G2	90	80	1	-5	-2.314770
211	23.500000	23.750000	F3	90	80	1	-1	-3.610078
212	23.750000	24.000000	D3	90	80	0	1	-1.922714
213	23.750000	24.000000	A-3	90	80	0	2	-5.017340
214	23.750000	24.000000	B-3	90	80	0	3	-2.675961
215	23.750000	24.000000	C4	90	80	0	5	-3.635747
216	23.750000	24.000000	C2	90	80	1	-5	-3.781310
217	23.750000	24.000000	E3	90	80	1	-1	-4.493372
218	24.000000	25.000000	E-3	90	80	0	2	-4.240163
219	24.000000	25.000000	A-3	90	80	0	5	-3.228870
220	24.000000	24.250000	F#1	90	80	1	-5	-5.753604
221	24.000000	24.250000	F#2	90	80	1	-1	-1.202832
222	24.250000	24.500000	B-1	90	80	1	-5	-3.730225
223	24.250000	24.500000	B-2	90	80	1	-1	-1.202832
224	24.500000	24.750000	D#2	45	80	1	-5	-3.242781
225	24.750000	25.000000	G#2	45	80	1	-3	-3.463793
226	25.000000	25.500000	B-2	90	80	0	1	-3.027253
227	25.000000	25.500000	E-3	90	80	0	2	-2.963617
228	25.000000	25.250000	G2	90	80	1	-4	-3.777019
229	25.000000	25.250000	F3	90	80	1	-1	-4.427076
230	25.250000	25.500000	C2	90	80	1	-5	-3.781310
231	25.250000	25.500000	E3	90	80	1	-1	-4.493372
232	25.500000	26.500000	E-3	90	80	0	2	-4.554564
233	25.500000	26.500000	A-3	90	80	0	5	-3.228870
234	25.500000	25.750000	F#1	90	80	1	-5	-5.753604
235	25.500000	25.750000	F#2	90	80	1	-1	-1.202832
236	25.750000	26.000000	B-1	90	80	1	-5	-3.730225
237	25.750000	26.000000	B-2	90	80	1	-1	-1.202832
238	26.000000	26.250000	D#2	45	80	1	-2	-4.659581
239	26.250000	26.500000	G#1	90	80	1	-5	-3.155341
240	26.250000	26.500000	G#2	90	80	1	-1	-1.202832
241	26.500000	27.000000	B-2	90	80	0	1	-3.027253
242	26.500000	27.000000	E-3	90	80	0	4	-4.278061
243	26.500000	28.500000	C#1	90	80	1	-5	-4.212346
244	26.500000	28.500000	C#2	90	80	1	-1	-1.202832
245	26.750000	27.250000	A#3	90	80	1	-5	-15.251169
246	26.750000	27.250000	A#4	90	80	1	-1	-1.202832
247	27.000000	28.000000	B-3	90	80	0	1	-7.338864
248	27.000000	28.000000	F-4	90	80	0	3	-5.088322
249	27.000000	28.000000	A-4	90	80	0	5	-3.549127
250	27.250000	28.000000	A#3	90	80	1	-5	-2.314770
251	27.250000	28.000000	A#4	90	80	1	-1	-1.202832
252	27.750000	28.500000	B-3	45	80	0	2	-5.139378
253	28.000000	28.250000	A#3	90	80	1	-5	-2.314770
254	28.000000	28.250000	A#4	90	80	1	-1	-1.202832
255	28.250000	28.500000	F#3	90	80	0	1	-3.157580
256	28.250000	28.500000	C4	90	80	0	3	-5.088322
257	28.250000	28.500000	E4	90	80	0	5	-2.681011
258	28.250000	28.500000	A#4	90	80	1	-1	-4.426668
259	28.500000	28.875000	G3	90	80	0	1	-2.845304
260	28.500000	28.750000	B-3	45	80	0	2	-3.246278
261	28.500000	28.875000	D-4	90	80	0	3	-3.012122
262	28.500000	28.875000	F4	90	80	0	5	-3.340065
263	28.500000	30.500000	C#1	90	80	1	-5	-4.456078
264	28.500000	30.500000	C#2	90	80	1	-1	-1.202832
265	28.750000	29.250000	A#3	90	80	1	-5	-15.251169
266	28.750000	29.250000	A#4	90	80	1	-1	-1.202832
267	28.875000	29.000000	D-4	90	80	0	2	-4.555079
268	28.875000	29.000000	G4	90	80	0	4	-5.030376
269	28.875000	29.000000	C-5	90	80	0	5	-3.402079
270	29.000000	30.250000	D-4	90	80	0	2	-4.240163
271	29.000000	30.250000	F-4	90	80	0	3	-3.265372
272	29.000000	30.250000	A-4	90	80	0	5	-3.549127
273	29.250000	30.000000	A#3	90	80	1	-5	-2.314770
274	29.250000	30.000000	A#4	90	80	1	-1	-1.202832
275	29.750000	30.500000	B-3	45	80	0	2	-5.139378
276	30.000000	30.250000	A#3	90	80	1	-5	-2.314770
277	30.000000	30.250000	A#4	90	80	1	-1	-1.202832
278	30.250000	30.500000	F#3	90	80	0	1	-3.157580
279	30.250000	30.500000	C4	90	80	0	3	-5.088322
280	30.250000	30.500000	E4	90	80	0	5	-2.681011
281	30.250000	30.500000	A#4	90	80	1	-1	-4.426668
282	30.500000	30.666667	G3	90	80	0	1	-2.845304
283	30.500000	30.750000	B-3	45	80	0	2	-3.246278
284	30.500000	30.666667	D-4	90	80	0	3	-3.012122
285	30.500000	30.666667	F4	90	80	0	5	-3.340065
286	30.500000	30.750000	B-3	90	80	1	-5	-2.314770
287	30.500000	30.750000	B-4	90	80	1	-1	-1.202832
288	30.666667	30.833333	D-4	90	80	0	2	-4.555079
289	30.666667	30.833333	G4	90	80	0	4	-5.030376
290	30.666667	30.833333	C-5	90	80	0	5	-3.402079
291	30.750000	31.000000	B-3	90	80	0	1	-4.270482
292	30.750000	31.000000	B-4	90	80	0	5	-2.242366
293	30.750000	31.250000	B-3	90	80	1	-5	-2.314770
294	30.750000	31.250000	B-4	90	80	1	-1	-1.202832
295	30.833333	31.000000	C4	90	80	0	1	-4.031984
296	30.833333	31.000000	G-4	90	80	0	3	-5.112123
297	30.833333	31.000000	B-4	90	80	0	5	-2.681011
298	31.000000	32.000000	B-3	90	80	0	1	-1.922714
299	31.000000	32.000000	F-4	90	80	0	3	-5.088322
300	31.000000	32.000000	A-4	90	80	0	5	-3.549127
301	31.250000	32.000000	B-3	90	80	1	-5	-2.314770
302	31.250000	32.000000	B-4	90	80	1	-1	-1.202832
303	32.000000	32.750000	B-3	90	80	1	-5	-2.314770
304	32.000000	32.750000	B-4	90	80	1	-1	-1.202832
305	32.250000	32.750000	B-3	90	80	0	1	-3.027253
306	32.250000	32.750000	E-4	90	80	0	2	-2.963617
307	32.250000	32.750000	G4	90	80	0	4	-3.927704
308	32.500000	32.750000	B-4	64	80	0	5	-4.070264
309	32.750000	33.000000	G3	90	80	0	1	-4.990776
310	32.750000	33.000000	D-4	90	80	0	3	-5.112123
311	32.750000	33.000000	F4	90	80	0	5	-3.340065
312	32.750000	33.500000	B-3	90	80	1	-5	-2.314770
313	32.750000	33.500000	B-4	90	80	1	-1	-1.202832
314	33.125000	33.625000	B-3	90	80	0	1	-3.862851
315	33.125000	33.625000	B-4	90	80	0	5	-2.242366
316	33.500000	34.250000	B-3	90	80	1	-5	-2.314770
317	33.500000	34.250000	B-4	90	80	1	-1	-1.202832
318	33.625000	33.875000	B-4	64	80	0	5	-4.495609
319	33.875000	34.500000	B-4	51	80	0	5	-4.495609
320	34.250000	35.000000	B-3	90	80	1	-5	-2.314770
321	34.250000	35.000000	B-4	90	80	1	-1	-1.202832
322	34.500000	34.750000	B-4	64	80	0	5	-4.495609
323	34.750000	35.250000	B-4	51	80	0	5	-4.495609
324	35.000000	35.750000	B-3	90	80	1	-5	-2.314770
325	35.000000	35.750000	B-4	90	80	1	-1	-1.202832
326	35.250000	35.750000	B-4	39	80	0	5	-4.495609
327	35.500000	35.750000	F3	90	80	0	1	-5.695314
328	35.500000	35.750000	A-3	90	80	0	2	-3.246278
329	35.500000	35.750000	E--4	90	80	0	5	-4.764150
330	35.750000	36.000000	C-3	90	80	0	1	-4.340619
331	35.750000	36.000000	G-3	90	80	0	3	-5.042408
332	35.750000	36.000000	C-4	90	80	0	5	-3.340065
333	35.750000	36.250000	B-3	90	80	1	-5	-2.314770
334	35.750000	36.250000	B-4	90	80	1	-1	-1.202832
335	36.000000	38.000000	A-2	45	80	0	1	-4.588094
336	36.000000	36.250000	F-3	90	80	0	3	-5.327229
337	36.000000	36.250000	A-3	90	80	0	5	-3.549127
338	36.250000	36.500000	D-3	90	80	0	2	-3.263552
339	36.250000	36.500000	F3	90	80	0	4	-3.927704
340	36.250000	36.500000	B-3	90	80	1	-5	-2.314770
341	36.250000	36.500000	B-4	90	80	1	-1	-1.202832
342	36.500000	36.750000	D3	90	80	0	2	-3.359779
343	36.500000	36.750000	F#3	90	80	0	4	-3.522723
344	36.500000	38.500000	C#2	90	80	1	-5	-4.456078
345	36.500000	38.500000	C#3	90	80	1	-1	-1.202832
346	36.750000	37.000000	C-3	90	80	0	1	-3.549056
347	36.750000	37.000000	E-3	90	80	0	2	-3.275273
348	36.750000	37.250000	A#3	90	80	1	-5	-7.923418
349	36.750000	37.250000	A#4	90	80	1	-1	-1.202832
350	37.000000	37.250000	F-3	90	80	0	3	-3.686981
351	37.000000	37.250000	A-3	90	80	0	5	-3.549127
352	37.250000	37.500000	D-3	90	80	0	2	-3.263552
353	37.250000	37.500000	F3	90	80	0	4	-3.927704
354	37.250000	38.000000	A#3	90	80	1	-5	-2.314770
355	37.250000	38.000000	A#4	90	80	1	-1	-1.202832
356	37.500000	37.750000	D3	90	80	0	2	-3.359779
357	37.500000	37.750000	F#3	90	80	0	4	-3.522723
358	37.750000	38.000000	C-3	90	80	0	1	-3.549056
359	37.750000	38.000000	E-3	90	80	0	3	-3.998423
360	38.000000	39.000000	A-2	45	80	0	1	-3.310457
361	38.000000	38.250000	F-3	90	80	0	3	-5.327229
362	38.000000	38.250000	A-3	90	80	0	5	-3.549127
363	38.000000	38.250000	A#3	90	80	1	-5	-2.314770
364	38.000000	38.250000	A#4	90	80	1	-1	-1.202832
365	38.250000	38.500000	D-3	90	80	0	2	-3.263552
366	38.250000	38.500000	F3	90	80	0	4	-3.927704
367	38.250000	38.500000	A#4	90	80	1	-1	-4.426668
368	38.500000	38.750000	D3	90	80	0	2	-3.359779
369	38.500000	38.750000	F#3	90	80	0	4	-3.522723
370	38.500000	40.500000	B-1	90	80	1	-5	-4.456078
371	38.500000	40.500000	B-2	90	80	1	-5	-5.534856
372	38.500000	38.750000	B-3	90	80	1	-5	-5.534856
373	38.500000	38.750000	B-4	90	80	1	-1	-1.202832
374	38.750000	39.000000	C-3	90	80	0	1	-3.549056
375	38.750000	39.000000	E-3	90	80	0	2	-3.275273
376	38.750000	39.250000	B-3	90	80	1	-5	-2.314770
377	38.750000	39.250000	B-4	90	80	1	-1	-1.202832
378	39.125000	39.625000	A#3	90	80	0	5	-3.528229
379	39.125000	39.625000	A#4	90	80	0	5	-7.226525
380	39.250000	40.000000	B-3	90	80	1	-5	-2.314770
381	39.250000	40.000000	B-4	90	80	1	-1	-1.202832
382	39.625000	39.875000	A#4	64	80	0	5	-4.495609
383	39.875000	40.500000	A#4	51	80	0	5	-4.495609
384	40.000000	40.250000	B-3	90	80	1	-5	-2.314770
385	40.000000	40.250000	B-4	90	80	1	-1	-1.202832
386	40.250000	43.000000	B-3	90	80	1	-5	-2.314770
387	40.250000	43.000000	B-4	90	80	1	-1	-1.202832
388	40.500000	40.750000	A#4	64	80	0	5	-4.495609
389	40.750000	41.250000	A#4	51	80	0	5	-4.495609
390	42.000000	42.250000	B3	90	80	0	1	-3.885272
391	42.000000	42.250000	E4	90	80	0	4	-4.278061
392	42.250000	42.500000	B-3	90	80	0	1	-4.295977
393	42.250000	42.500000	A4	90	80	0	5	-6.053771
394	42.500000	42.750000	A#3	90	80	0	1	-4.221033
395	42.500000	42.750000	E4	90	80	0	3	-5.088322
396	42.500000	42.750000	G#4	90	80	0	5	-3.549127
397	42.750000	43.000000	A-3	90	80	0	1	-1.922714
398	42.750000	43.000000	D4	90	80	0	3	-5.088322
399	42.750000	43.000000	G4	90	80	0	5	-3.128600
400	43.000000	43.250000	F##3	90	80	0	1	-1.922714
401	43.000000	43.250000	C#4	90	80	0	3	-5.112123
402	43.000000	43.250000	F#4	90	80	0	5	-3.128600
403	43.000000	45.000000	E-2	90	80	1	-5	-4.456078
404	43.000000	45.000000	B-2	90	80	1	-2	-2.554480
405	43.250000	43.500000	F#3	90	80	0	1	-1.922714
406	43.250000	43.500000	B#3	90	80	0	3	-5.088322
407	43.250000	43.500000	E#4	90	80	0	5	-3.128600
408	43.500000	43.750000	B3	90	80	0	2	-3.263552
409	43.500000	43.750000	E4	90	80	0	4	-2.909306
410	43.750000	44.000000	B-3	90	80	0	1	-4.295977
411	43.750000	44.000000	A4	90	80	0	5	-6.053771
412	44.000000	44.250000	A#3	90	80	0	1	-4.221033
413	44.000000	44.250000	E4	90	80	0	3	-5.088322
414	44.000000	44.250000	G#4	90	80	0	5	-3.549127
415	44.250000	44.500000	A-3	90	80	0	1	-1.922714
416	44.250000	44.500000	D4	90	80	0	3	-5.088322
417	44.250000	44.500000	G4	90	80	0	5	-3.128600
418	44.500000	44.750000	F##3	90	80	0	1	-1.922714
419	44.500000	44.750000	C#4	90	80	0	3	-5.112123
420	44.500000	44.750000	F#4	90	80	0	5	-3.128600
421	44.750000	45.000000	F#3	90	80	0	1	-1.922714
422	44.750000	45.000000	B#3	90	80	0	3	-5.088322
423	44.750000	45.000000	E#4	90	80	0	5	-3.128600
424	45.000000	47.000000	E#3	90	80	0	1	-1.922714
425	45.000000	47.000000	B3	90	80	0	2	-2.963617
426	45.000000	45.500000	E4	76	80	0	5	-3.228870
427	45.000000	47.000000	E-2	90	80	1	-5	-3.155341
428	45.000000	47.000000	B-2	90	80	1	-1	-3.477173
429	45.500000	47.000000	D4	63	80	0	4	-2.814339
430	47.000000	49.000000	E#3	90	80	0	1	-2.969918
431	47.000000	49.000000	B3	90	80	0	2	-2.963617
432	47.000000	47.500000	E4	76	80	0	4	-2.909306
433	47.000000	49.000000	C2	90	80	1	-5	-4.087479
434	47.000000	49.000000	C3	90	80	1	-4	-4.924626
435	47.000000	49.000000	E-3	90	80	1	-3	-3.762277
436	47.000000	49.000000	G-3	90	80	1	-2	-3.046717
437	47.000000	49.000000	B-3	90	80	1	-1	-2.415329
438	47.500000	49.000000	D4	63	80	0	3	-2.238713
439	49.250000	49.500000	C2	90	80	1	-5	-6.473863
440	49.250000	49.500000	C3	90	80	1	-1	-1.202832
441	49.500000	51.250000	C2	90	80	1	-5	-2.314770
442	49.500000	51.250000	C3	90	80	1	-1	-1.202832
443	51.250000	51.500000	C2	90	80	1	-5	-2.314770
444	51.250000	51.500000	C3	90	80	1	-1	-1.202832
445	51.500000	54.750000	C2	90	80	1	-5	-2.314770
446	51.500000	54.750000	C3	90	80	1	-1	-1.202832
447	53.250000	55.000000	A3	90	80	0	1	-2.905888
448	53.250000	55.000000	C#4	90	80	0	2	-3.275273
449	53.250000	55.000000	G4	90	80	0	5	-4.764150
450	54.750000	55.000000	C2	90	80	1	-5	-2.314770
451	54.750000	55.000000	C3	90	80	1	-1	-1.202832
452	55.000000	57.000000	E#3	90	80	0	1	-3.460971
453	55.000000	57.000000	B3	90	80	0	2	-2.963617
454	55.000000	55.500000	E4	63	80	0	5	-3.228870
455	55.500000	56.000000	D4	63	80	0	4	-2.814339
456	56.500000	59.500000	B-0	90	80	1	-5	-5.704159
457	56.500000	59.500000	B-1	90	80	1	-1	-1.202832
458	57.000000	59.000000	D3	90	80	0	1	-3.627794
459	57.000000	59.000000	A-3	90	80	0	2	-5.017340
460	57.000000	57.500000	E4	76	80	0	5	-3.857051
461	57.500000	58.000000	D4	63	80	0	4	-2.814339
462	59.250000	59.750000	B-3	90	80	0	1	-5.534855
463	59.250000	59.750000	B-4	90	80	0	5	-2.242366
464	59.500000	60.500000	B-0	90	80	1	-5	-2.314770
465	59.500000	60.500000	B-1	90	80	1	-1	-1.202832
466	59.750000	60.500000	B-3	90	80	0	1	-1.922714
467	59.750000	60.500000	B-4	90	80	0	5	-2.242366
468	60.500000	61.250000	B-3	90	80	0	1	-1.922714
469	60.500000	61.250000	B-4	90	80	0	5	-2.242366
470	60.500000	63.500000	B-0	90	80	1	-5	-2.314770
471	60.500000	63.500000	B-1	90	80	1	-5	-5.534856
472	60.500000	62.500000	B-2	90	80	1	-1	-1.202832
473	61.250000	61.750000	B-3	90	80	0	1	-1.922714
474	61.250000	61.750000	B-4	90	80	0	5	-2.242366
475	61.750000	62.250000	B-3	90	80	0	1	-1.922714
476	61.750000	62.250000	B-4	90	80	0	5	-2.242366
477	62.250000	63.000000	B-3	90	80	0	1	-1.922714
478	62.250000	63.000000	B-4	90	80	0	5	-2.242366
479	63.000000	63.250000	B-3	90	80	0	1	-1.922714
480	63.000000	63.250000	B-4	90	80	0	5	-2.242366
481	63.250000	63.500000	B-4	90	80	0	5	-4.495609
482	63.500000	66.250000	B-0	90	80	1	-5	-5.451251
483	63.500000	66.250000	B-1	90	80	1	-1	-1.202832
484	63.750000	64.250000	B-3	90	80	0	1	-1.922714
485	63.750000	64.250000	B-4	90	80	0	5	-2.242366
486	64.250000	65.000000	B-3	90	80	0	1	-1.922714
487	64.250000	65.000000	B-4	90	80	0	5	-2.242366
488	65.000000	65.750000	B-3	90	80	0	1	-1.922714
489	65.000000	65.750000	B-4	90	80	0	5	-2.242366
490	65.750000	66.000000	B-3	90	80	0	1	-1.922714
491	65.750000	66.500000	E-4	90	80	0	2	-2.963617
492	65.750000	66.500000	G-4	90	80	0	3	-3.012122
493	65.750000	66.500000	B-4	90	80	0	5	-2.681011
494	66.000000	66.500000	B-4	90	80	0	5	-4.495609
495	66.250000	69.250000	B-0	90	80	1	-5	-2.314770
496	66.250000	69.250000	B-1	90	80	1	-1	-1.202832
497	66.500000	66.750000	B-3	90	80	0	1	-1.922714
498	66.500000	66.750000	B-4	90	80	0	5	-2.242366
499	66.750000	67.000000	B3	90	80	0	1	-3.885272
500	66.750000	67.000000	E-4	90	80	0	2	-3.275273
501	66.750000	67.000000	G-4	90	80	0	3	-3.012122
502	66.750000	67.250000	B-4	90	80	0	5	-2.681011
503	67.000000	67.375000	C4	90	80	0	1	-4.031984
504	67.000000	67.375000	E-4	90	80	0	2	-3.246278
505	67.000000	67.375000	G-4	90	80	0	4	-2.758588
506	67.250000	67.500000	B-3	90	80	0	1	-2.969918
507	67.250000	67.500000	B-4	90	80	0	5	-2.242366
508	67.375000	67.500000	F4	90	80	0	1	-6.163296
509	67.375000	67.500000	G-4	90	80	0	2	-3.900292
510	67.375000	67.500000	D-5	90	80	0	5	-3.528229
511	67.500000	68.500000	E-4	90	80	0	1	-3.027253
512	67.500000	68.500000	G-4	90	80	0	3	-3.473158
513	67.500000	68.500000	B-4	90	80	0	5	-2.681011
514	68.000000	68.750000	B-3	90	80	0	1	-1.922714
515	68.000000	68.750000	B-4	90	80	0	5	-2.242366
516	68.750000	69.000000	B-3	90	80	0	1	-1.922714
517	68.750000	69.000000	B3	90	80	0	1	-6.856287
518	68.750000	69.000000	E-4	90	80	0	2	-3.275273
519	68.750000	69.000000	G-4	90	80	0	3	-3.012122
520	68.750000	69.000000	B-4	90	80	0	5	-2.681011
521	69.000000	69.166667	C4	90	80	0	1	-4.031984
522	69.000000	69.166667	E-4	90	80	0	2	-3.246278
523	69.000000	69.166667	G-4	90	80	0	3	-3.012122
524	69.000000	69.500000	B-4	90	80	0	4	-4.820507
525	69.166667	69.333333	F4	90	80	0	2	-4.058569
526	69.166667	69.333333	A-4	90	80	0	3	-3.409656
527	69.166667	69.333333	C5	90	80	0	5	-3.340065
528	69.250000	69.750000	B-3	63	80	0	1	-4.588094
529	69.250000	71.250000	B-0	90	80	1	-5	-2.314770
530	69.250000	71.250000	B-1	90	80	1	-1	-1.202832
531	69.333333	69.500000	E4	90	80	0	2	-5.302163
532	69.333333	69.500000	G4	90	80	0	3	-3.012122
533	69.333333	69.500000	B4	90	80	0	5	-2.681011
534	69.500000	70.250000	C4	90	80	0	1	-3.027253
535	69.500000	70.250000	E-4	90	80	0	2	-3.246278
536	69.500000	70.250000	G-4	90	80	0	3	-3.012122
537	69.500000	70.250000	B-4	90	80	0	5	-2.681011
538	70.250000	70.500000	B-3	90	80	0	1	-1.922714
539	70.250000	70.500000	E-4	90	80	0	3	-3.401091
540	70.250000	70.500000	G-4	90	80	0	5	-2.681011
541	70.500000	71.000000	A-3	90	80	0	1	-3.027253
542	70.500000	71.000000	C4	90	80	0	2	-3.465862
543	70.500000	71.000000	E-4	90	80	0	4	-4.064995
544	71.000000	71.250000	G-3	90	80	0	1	-2.969918
545	71.000000	71.250000	B-3	90	80	0	2	-2.525967
546	71.000000	71.250000	E-4	90	80	0	4	-2.909306
547	71.250000	71.500000	A-3	90	80	0	1	-2.857522
548	71.250000	71.500000	C4	90	80	0	2	-3.465862
549	71.250000	71.500000	E-4	90	80	0	3	-3.409656
550	71.250000	73.250000	B-0	90	80	1	-5	-2.314770
551	71.250000	73.250000	B-1	90	80	1	-1	-1.202832
552	71.500000	71.750000	D-4	90	80	0	2	-2.287533
553	71.500000	71.750000	G-4	90	80	0	4	-2.909306
554	71.500000	72.000000	B-4	63	80	0	5	-3.402079
555	71.500000	71.750000	B-4	90	80	0	5	-4.495609
556	71.750000	72.000000	B-3	90	80	0	1	-1.922714
557	71.750000	72.000000	E-4	90	80	0	3	-3.401091
558	71.750000	72.000000	G-4	90	80	0	5	-2.681011
559	72.000000	72.500000	F3	90	80	0	1	-4.287540
560	72.000000	72.500000	A-3	90	80	0	2	-3.246278
561	72.000000	72.500000	B-3	90	80	0	3	-2.675961
562	72.000000	72.500000	C4	90	80	0	5	-3.635747
563	72.500000	72.750000	E-3	90	80	0	1	-3.521239
564	72.500000	72.750000	G-3	90	80	0	2	-2.525967
565	72.500000	72.750000	B-3	90	80	0	3	-3.012122
566	72.750000	73.000000	F3	90	80	0	1	-3.996553
567	72.750000	73.000000	A-3	90	80	0	2	-3.246278
568	72.750000	73.000000	B-3	90	80	0	3	-2.675961
569	72.750000	73.000000	C4	90	80	0	4	-4.111873
570	73.000000	73.750000	A-3	90	80	0	2	-3.901124
571	73.000000	73.750000	B-3	90	80	0	3	-2.675961
572	73.000000	73.750000	C4	90	80	0	4	-4.111873
573	73.000000	73.750000	E-4	90	80	0	5	-4.070264
574	73.250000	75.250000	B-0	45	80	1	-5	-2.314770
575	73.750000	74.000000	G-3	90	80	0	1	-2.845304
576	73.750000	74.000000	E-4	90	80	0	5	-3.707830
577	74.000000	74.500000	E-3	90	80	0	1	-1.922714
578	74.000000	74.500000	G-3	90	80	0	2	-2.525967
579	74.000000	74.250000	B-3	90	80	0	4	-2.758588
580	74.250000	74.750000	B-3	69	80	0	5	-5.360328
581	74.500000	75.000000	B-2	90	80	0	1	-1.922714
582	74.500000	75.000000	E-3	90	80	0	2	-2.963617
583	74.500000	75.000000	G-3	90	80	0	4	-2.758588
584	75.250000	75.500000	B-2	90	80	0	1	-2.969918
585	75.250000	75.500000	F-3	90	80	0	2	-5.302163
586	75.250000	75.500000	D-4	90	80	0	5	-4.989350
587	75.250000	77.250000	B-0	45	80	1	-5	-4.242005
588	75.500000	75.750000	D-3	90	80	0	1	-1.922714
589	75.500000	75.750000	G-3	90	80	0	2	-2.963617
590	75.500000	75.750000	E-4	90	80	0	5	-3.767315
591	75.750000	76.000000	B-3	82	80	0	2	-3.071676
592	75.750000	76.000000	F-4	90	80	0	5	-4.764150
593	76.000000	76.250000	F-3	90	80	0	1	-1.922714
594	76.000000	76.500000	B-3	69	80	0	2	-5.017340
595	76.000000	76.250000	G-4	90	80	0	5	-3.767315
596	76.250000	76.500000	F-3	90	80	0	1	-4.990776
597	76.250000	76.500000	D-4	90	80	0	2	-6.638459
598	76.250000	76.500000	A-4	90	80	0	5	-3.528229
599	76.500000	76.750000	A-3	90	80	0	1	-1.922714
600	76.500000	76.750000	D-4	90	80	0	2	-2.963617
601	76.500000	76.750000	B-4	69	80	0	5	-3.767315
602	76.500000	76.750000	B-4	90	80	0	5	-4.495609
603	76.750000	77.000000	B-3	90	80	0	1	-1.922714
604	76.750000	77.000000	D-4	90	80	0	2	-2.525967
605	76.750000	77.000000	A-4	90	80	0	5	-3.528229
606	77.000000	77.250000	D-4	90	80	0	2	-3.263552
607	77.000000	77.250000	G-4	90	80	0	5	-3.228870
608	77.250000	77.500000	B-3	90	80	0	2	-4.028221
609	77.250000	77.500000	F-4	90	80	0	5	-4.764150
610	77.250000	78.500000	B-0	45	80	1	-5	-4.242005
611	77.500000	77.750000	A-3	90	80	0	2	-3.763668
612	77.500000	77.750000	D-4	90	80	0	4	-2.909306
613	77.750000	78.000000	F-3	90	80	0	1	-3.493957
614	77.750000	78.000000	B-3	90	80	0	4	-4.926369
615	78.250000	79.000000	F-3	90	80	0	1	-3.845468
616	78.250000	79.000000	F-4	90	80	0	5	-2.242366
617	79.375000	79.500000	G-3	90	80	0	1	-3.521239
618	79.375000	79.500000	G-4	90	80	0	5	-2.242366
619	79.500000	80.000000	F-3	90	80	0	1	-4.990776
620	79.500000	80.000000	F-4	90	80	0	5	-2.242366
621	80.000000	80.250000	A-3	90	80	0	1	-3.862851
622	80.000000	80.250000	A-4	90	80	0	5	-2.242366
623	80.250000	80.500000	G3	90	80	0	1	-4.287540
624	80.250000	80.500000	G4	90	80	0	5	-2.242366
625	80.500000	80.875000	D-3	90	80	0	1	-7.499323
626	80.500000	80.875000	D-4	90	80	0	5	-2.242366
627	80.875000	81.000000	G-3	90	80	0	1	-3.425130
628	80.875000	81.000000	G-4	90	80	0	5	-2.242366
629	81.000000	81.500000	G-3	90	80	0	1	-1.922714
630	81.000000	81.500000	G-4	90	80	0	5	-2.242366
631	81.500000	82.500000	F-3	90	80	0	1	-4.990776
632	81.500000	82.500000	F-4	90	80	0	5	-2.242366
633	82.250000	82.500000	F-2	90	80	0	1	-6.163296
634	82.250000	82.500000	B-2	90	80	0	2	-5.017340
635	82.250000	82.500000	G-3	90	80	0	5	-3.767315
636	82.500000	82.750000	D-3	90	80	0	2	-3.071676
637	82.500000	82.750000	B-3	90	80	0	5	-3.767315
638	82.500000	82.750000	B-3	100	80	0	5	-4.495609
639	82.750000	83.000000	D-3	90	80	0	1	-2.845304
640	82.750000	83.250000	B-3	87	80	0	2	-5.302163
641	82.750000	83.000000	F-4	90	80	0	5	-4.764150
642	83.000000	83.250000	G-3	90	80	0	1	-3.521239
643	83.000000	83.250000	D-4	90	80	0	4	-4.054949
644	83.250000	83.500000	B-3	90	80	0	2	-3.359779
645	83.250000	83.500000	F-4	90	80	0	5	-4.764150
646	83.500000	83.750000	A-3	90	80	0	2	-3.763668
647	83.500000	83.750000	D-4	90	80	0	4	-2.909306
648	83.750000	84.000000	F-3	90	80	0	1	-3.493957
649	83.750000	84.000000	B-3	90	80	0	4	-4.926369
650	84.000000	85.000000	D-3	90	80	0	1	-2.969918
651	84.000000	85.000000	G-3	90	80	0	3	-3.401091
652	84.000000	85.000000	B-3	90	80	0	5	-2.681011
653	87.000000	89.000000	B-2	90	80	0	1	-1.922714
654	87.000000	89.000000	E-3	90	80	0	2	-2.963617
655	87.000000	89.000000	A-3	90	80	0	4	-2.909306
656	87.000000	89.000000	B-3	90	80	0	5	-2.706622
657	89.000000	91.000000	A-2	90	80	0	1	-3.460971
658	89.000000	91.000000	C3	90	80	0	2	-3.465862
659	89.000000	91.000000	G-3	90	80	0	5	-5.283726
660	91.000000	92.250000	E-2	90	80	0	1	-4.340619
661	91.000000	92.250000	B-2	90	80	0	2	-3.928858
662	91.000000	92.250000	F3	90	80	0	5	-3.857051
663	92.250000	92.500000	C-2	90	80	0	1	-5.027158
664	92.250000	92.500000	G-2	90	80	0	3	-5.042408
665	92.250000	92.500000	D-3	90	80	0	5	-4.855832
666	92.500000	92.875000	D-2	90	80	0	1	-1.922714
667	92.500000	92.875000	A-2	90	80	0	2	-3.928858
668	92.500000	92.875000	E-3	90	80	0	5	-3.528229
669	92.875000	93.000000	A-2	90	80	0	1	-3.425130
670	92.875000	93.000000	C-3	90	80	0	2	-3.493146
671	92.875000	93.000000	E-3	90	80	0	3	-4.632489
672	92.875000	93.000000	B-3	90	80	0	5	-4.855832
673	93.000000	94.250000	E-2	90	80	0	1	-5.027158
674	93.000000	94.250000	B-2	90	80	0	2	-3.928858
675	93.000000	94.250000	F3	90	80	0	5	-3.857051
676	94.250000	94.500000	C-2	90	80	0	1	-5.027158
677	94.250000	94.500000	G-2	90	80	0	3	-5.042408
678	94.250000	94.500000	D-3	90	80	0	5	-4.855832
679	94.500000	94.875000	D-2	90	80	0	1	-1.922714
680	94.500000	94.875000	A-2	90	80	0	2	-3.928858
681	94.500000	94.875000	E-3	90	80	0	5	-3.528229
682	94.875000	95.000000	A-2	90	80	0	1	-3.425130
683	94.875000	95.000000	C-3	90	80	0	2	-3.493146
684	94.875000	95.000000	E-3	90	80	0	3	-4.632489
685	94.875000	95.000000	B-3	90	80	0	5	-4.855832
686	95.000000	97.000000	E-2	90	80	0	1	-5.027158
687	95.000000	97.000000	B-2	90	80	0	2	-3.928858
688	95.000000	97.000000	F3	90	80	0	5	-3.857051
