//Version: PianoFingering_v170101
1	0.000000	0.125000	E3	90	80	0	1	-0.925785
2	0.000000	0.500000	F1	90	80	1	-5	-0.504576
3	0.000000	0.500000	F2	90	80	1	-1	-1.202832
4	0.125000	0.250000	F3	90	80	0	2	-2.867384
5	0.250000	1.000000	G3	90	80	0	3	-2.675961
6	0.500000	1.000000	F1	90	80	1	-5	-2.314770
7	0.500000	1.000000	F2	90	80	1	-1	-1.202832
8	1.000000	1.125000	F3	90	80	0	2	-2.287533
9	1.000000	1.500000	G1	90	80	1	-5	-3.181034
10	1.000000	1.500000	G2	90	80	1	-1	-1.202832
11	1.125000	1.250000	E3	90	80	0	1	-2.609267
12	1.250000	2.250000	A3	63	80	0	2	-2.963617
13	1.500000	2.250000	E1	90	80	1	-5	-4.233080
14	1.500000	2.250000	E2	90	80	1	-1	-1.202832
15	2.250000	3.250000	B-3	90	80	0	3	-3.190537
16	2.250000	3.250000	D4	90	80	0	5	-3.340065
17	2.250000	2.500000	F1	90	80	1	-5	-3.181034
18	2.250000	2.500000	F2	90	80	1	-1	-1.202832
19	2.500000	3.000000	G1	90	80	1	-5	-3.181034
20	2.500000	3.000000	G2	90	80	1	-1	-1.202832
21	3.000000	3.500000	A1	90	80	1	-5	-3.181034
22	3.000000	3.500000	A2	90	80	1	-1	-1.202832
23	3.500000	4.000000	A1	90	80	1	-5	-2.314770
24	3.500000	4.000000	A2	90	80	1	-1	-1.202832
25	4.000000	4.500000	B-1	90	80	1	-5	-4.582913
26	4.000000	4.500000	B-2	90	80	1	-1	-1.202832
27	4.500000	5.250000	A1	90	80	1	-5	-4.645128
28	4.500000	5.250000	A2	90	80	1	-1	-1.202832
29	5.250000	5.500000	G1	90	80	1	-5	-3.842215
30	5.250000	5.500000	G2	90	80	1	-1	-1.202832
31	5.500000	6.000000	F1	90	80	1	-5	-3.842215
32	5.500000	6.000000	F2	90	80	1	-1	-1.202832
33	6.000000	6.250000	A1	90	80	1	-5	-3.730225
34	6.000000	6.250000	A2	90	80	1	-1	-1.202832
35	6.250000	6.500000	G1	90	80	1	-5	-3.842215
36	6.250000	6.500000	G2	90	80	1	-1	-1.202832
37	6.500000	7.000000	F1	90	80	1	-5	-3.842215
38	6.500000	7.000000	F2	90	80	1	-1	-1.202832
39	7.000000	7.500000	E1	90	80	1	-5	-3.842215
40	7.000000	7.500000	E2	90	80	1	-1	-1.202832
41	7.250000	7.750000	E3	45	80	0	1	-3.027253
42	7.500000	8.500000	F1	90	80	1	-5	-3.181034
43	7.500000	8.500000	F2	90	80	1	-1	-1.202832
44	7.750000	8.250000	F3	45	80	0	2	-2.867384
45	8.250000	8.750000	G3	90	80	0	3	-2.675961
46	8.250000	8.750000	B-3	90	80	0	4	-4.476680
47	8.500000	9.000000	G1	90	80	1	-5	-3.181034
48	8.500000	9.000000	G2	90	80	1	-5	-5.534856
49	8.500000	9.000000	D3	90	80	1	-2	-2.554480
50	8.500000	9.000000	F3	90	80	1	-1	-2.415329
51	8.750000	9.250000	E3	63	80	0	1	-3.845468
52	9.250000	9.750000	F3	63	80	0	2	-2.867384
53	9.500000	10.500000	A1	90	80	1	-5	-5.860818
54	9.500000	10.500000	A2	90	80	1	-5	-5.534856
55	9.500000	10.500000	F3	90	80	1	-4	-6.359022
56	9.500000	10.500000	A3	90	80	1	-2	-2.359478
57	9.500000	10.500000	C4	90	80	1	-1	-2.415329
58	9.750000	10.250000	G3	90	80	0	3	-2.675961
59	9.750000	10.250000	B-3	90	80	0	5	-3.990232
60	10.250000	11.000000	B-3	45	80	0	5	-4.495609
61	10.500000	11.000000	B1	90	80	1	-5	-4.456078
62	10.500000	11.000000	B2	90	80	1	-5	-5.534856
63	10.500000	11.000000	A3	90	80	1	-4	-6.683330
64	10.500000	11.000000	D4	90	80	1	-2	-2.507290
65	10.500000	11.000000	F4	90	80	1	-1	-2.415329
66	12.750000	12.937500	B-3	45	80	0	5	-4.495609
67	12.750000	13.000000	C4	90	80	1	-2	-3.456527
68	12.937500	13.000000	A3	51	80	0	4	-4.300502
69	13.000000	13.187500	G3	45	80	0	3	-2.238713
70	13.000000	13.250000	A3	90	80	1	-4	-3.718276
71	13.187500	13.250000	F3	51	80	0	2	-2.287533
72	13.250000	13.437500	G3	81	80	0	3	-2.675961
73	13.250000	13.500000	F3	90	80	1	-1	-5.372527
74	13.437500	13.500000	F3	87	80	0	2	-2.287533
75	13.500000	13.687500	G3	81	80	0	3	-2.675961
76	13.500000	13.750000	A2	90	80	1	-3	-5.389809
77	13.500000	15.000000	C3	90	80	1	-1	-2.967507
78	13.687500	13.750000	F3	87	80	0	2	-2.287533
79	13.750000	13.937500	G3	81	80	0	3	-2.675961
80	13.750000	14.000000	G2	90	80	1	-2	-3.456527
81	13.937500	14.000000	F3	87	80	0	2	-2.287533
82	14.000000	14.187500	G3	81	80	0	3	-2.675961
83	14.000000	14.500000	F2	90	80	1	-3	-2.891080
84	14.187500	14.250000	F3	87	80	0	2	-2.287533
85	14.250000	14.437500	G3	81	80	0	1	-5.369497
86	14.437500	14.500000	A3	87	80	0	2	-2.867384
87	14.500000	14.687500	B-3	81	80	0	3	-3.190537
88	14.500000	15.000000	E2	90	80	1	-4	-3.061136
89	14.687500	14.750000	C4	87	80	0	5	-3.635747
90	14.750000	15.750000	A3	63	80	0	3	-3.509161
91	15.000000	15.250000	A2	90	80	1	-2	-2.507290
92	15.000000	16.500000	C3	90	80	1	-1	-2.415329
93	15.250000	15.500000	G2	90	80	1	-2	-3.456527
94	15.500000	16.000000	F2	90	80	1	-3	-2.891080
95	15.750000	15.937500	B-3	63	80	0	4	-4.152325
96	15.937500	16.000000	A3	69	80	0	3	-3.302559
97	16.000000	16.187500	G3	63	80	0	2	-2.287533
98	16.000000	16.500000	E2	90	80	1	-4	-3.061136
99	16.187500	16.250000	F3	69	80	0	1	-2.609267
100	16.250000	16.437500	G3	63	80	0	2	-2.867384
101	16.437500	16.500000	F3	69	80	0	1	-2.609267
102	16.500000	16.687500	G3	81	80	0	2	-2.867384
103	16.500000	17.250000	C3	90	80	1	-1	-3.451917
104	16.687500	16.750000	F3	87	80	0	1	-2.609267
105	16.750000	16.937500	G3	81	80	0	2	-2.867384
106	16.937500	17.000000	F3	87	80	0	1	-2.609267
107	17.000000	17.187500	G3	81	80	0	2	-2.867384
108	17.187500	17.250000	F3	87	80	0	1	-2.609267
109	17.250000	17.437500	G3	81	80	0	2	-2.867384
110	17.437500	17.500000	A3	87	80	0	3	-2.675961
111	17.500000	17.687500	B-3	81	80	0	4	-4.152325
112	17.687500	17.750000	C4	87	80	0	5	-3.871087
113	17.750000	18.750000	A3	63	80	0	4	-4.387405
114	18.000000	18.250000	D4	96	80	1	-3	-8.634950
115	18.250000	18.500000	C4	96	80	1	-1	-3.930078
116	18.500000	18.750000	B-3	96	80	1	-2	-3.299403
117	18.750000	18.937500	B-3	63	80	0	5	-4.385182
118	18.750000	19.000000	A3	96	80	1	-3	-3.281947
119	18.937500	19.000000	A3	69	80	0	4	-4.300502
120	19.000000	19.187500	G3	63	80	0	3	-2.238713
121	19.000000	19.250000	G3	96	80	1	-1	-3.930078
122	19.187500	19.250000	F3	69	80	0	2	-2.287533
123	19.250000	19.437500	G3	63	80	0	3	-2.675961
124	19.250000	19.500000	F3	96	80	1	-2	-2.745489
125	19.437500	19.500000	F3	69	80	0	2	-2.287533
126	19.500000	19.687500	G3	63	80	0	3	-2.675961
127	19.500000	19.750000	E3	96	80	1	-3	-2.891080
128	19.687500	19.750000	F3	69	80	0	2	-2.287533
129	19.750000	19.937500	G3	63	80	0	3	-2.675961
130	19.750000	20.000000	D3	96	80	1	-1	-3.930078
131	19.937500	20.000000	F3	69	80	0	2	-2.287533
132	20.000000	20.187500	G3	63	80	0	3	-2.675961
133	20.000000	20.250000	C3	96	80	1	-2	-2.745489
134	20.187500	20.250000	F3	69	80	0	2	-2.287533
135	20.250000	20.437500	G3	63	80	0	3	-2.675961
136	20.250000	20.500000	B-2	96	80	1	-3	-3.464153
137	20.437500	20.500000	A3	69	80	0	1	-5.198182
138	20.500000	20.687500	B-3	63	80	0	2	-3.900292
139	20.500000	20.750000	A2	96	80	1	-1	-3.371140
140	20.687500	20.750000	C4	69	80	0	3	-3.265372
141	20.750000	21.000000	A3	81	80	0	1	-3.281335
142	20.750000	21.000000	G2	96	80	1	-2	-2.745489
143	21.000000	24.000000	F2	90	80	1	-3	-2.891080
144	21.000000	22.000000	C3	90	80	1	-1	-3.342645
145	22.000000	22.500000	C#3	90	80	1	-3	-5.495075
146	22.500000	23.000000	D3	90	80	1	-2	-3.642491
147	23.000000	23.500000	E3	90	80	1	-1	-2.578439
148	23.500000	24.000000	D3	90	80	1	-2	-2.745489
149	24.000000	25.500000	F2	90	80	1	-5	-5.049983
150	24.000000	25.000000	C3	90	80	1	-3	-3.416097
151	24.250000	24.750000	E4	90	80	0	2	-3.928858
152	24.250000	24.750000	G4	90	80	0	3	-3.012122
153	24.250000	24.750000	C5	90	80	0	5	-3.128600
154	25.000000	25.500000	C#3	90	80	1	-2	-3.081523
155	25.250000	25.750000	C4	90	80	0	1	-1.922714
156	25.250000	25.750000	E4	90	80	0	2	-2.525967
157	25.250000	25.750000	A4	90	80	0	5	-3.228870
158	25.500000	27.250000	F2	90	80	1	-5	-4.626444
159	25.500000	26.000000	D3	90	80	1	-4	-6.359022
160	26.000000	26.500000	D#3	90	80	1	-3	-2.906925
161	26.250000	26.750000	B3	90	80	0	1	-3.027253
162	26.250000	26.750000	D4	90	80	0	2	-2.525967
163	26.250000	26.750000	G4	90	80	0	5	-3.228870
164	26.500000	27.000000	E3	90	80	1	-2	-3.642491
165	27.000000	27.250000	F3	90	80	1	-1	-2.578439
166	27.812500	27.875000	D3	126	80	0	1	-4.498352
167	27.875000	27.937500	E3	126	80	0	2	-2.867384
168	27.937500	28.000000	F3	126	80	0	3	-2.675961
169	28.000000	28.062500	G3	126	80	0	4	-2.883688
170	28.062500	28.125000	F3	126	80	0	3	-2.238713
171	28.125000	28.187500	E3	126	80	0	2	-2.287533
172	28.187500	28.250000	D3	126	80	0	1	-2.609267
173	28.250000	29.250000	E3	90	80	0	2	-2.867384
174	28.250000	29.250000	G3	90	80	0	3	-3.012122
175	28.250000	29.250000	C4	90	80	0	5	-3.128600
176	29.250000	30.250000	C3	90	80	0	1	-1.922714
177	29.250000	30.250000	E3	90	80	0	2	-2.525967
178	29.250000	30.250000	A3	90	80	0	5	-3.228870
179	30.000000	31.000000	C2	90	80	1	-5	-3.781310
180	30.000000	31.000000	G2	90	80	1	-2	-2.554480
181	30.000000	31.000000	C3	90	80	1	-1	-2.320150
182	30.250000	31.250000	B2	90	80	0	1	-3.027253
183	30.250000	31.250000	D3	90	80	0	2	-2.525967
184	30.250000	31.250000	G3	90	80	0	5	-3.228870
185	30.500000	31.000000	G3	90	80	1	-2	-6.730551
186	30.500000	31.000000	C4	90	80	1	-1	-2.320150
187	31.000000	31.500000	A1	90	80	1	-5	-4.456078
188	31.000000	31.500000	E2	90	80	1	-2	-2.554480
189	31.000000	31.500000	A2	90	80	1	-1	-2.320150
190	31.500000	32.000000	E3	90	80	1	-2	-6.730551
191	31.500000	32.000000	A3	90	80	1	-1	-2.320150
192	32.000000	33.000000	G1	90	80	1	-5	-4.456078
193	32.000000	33.000000	D2	90	80	1	-2	-2.554480
194	32.000000	33.000000	G2	90	80	1	-1	-2.320150
195	32.500000	33.000000	D3	90	80	1	-2	-6.730551
196	32.500000	33.000000	G3	90	80	1	-1	-2.320150
197	32.541667	32.583333	G3	127	80	0	1	-5.027158
198	32.583333	32.625000	A3	45	80	0	2	-2.867384
199	32.625000	32.666667	B3	45	80	0	3	-2.675961
200	32.666667	32.708333	C4	45	80	0	4	-2.883688
201	32.708333	32.750000	D4	45	80	0	5	-2.706622
202	34.041667	34.083333	F3	45	80	0	1	-2.845304
203	34.083333	34.125000	G3	45	80	0	2	-2.867384
204	34.125000	34.166667	A-3	45	80	0	3	-3.190537
205	34.166667	34.208333	B-3	45	80	0	4	-2.883688
206	34.208333	34.250000	C4	45	80	0	5	-3.871087
207	34.500000	35.500000	C2	90	80	1	-5	-4.212346
208	34.500000	35.500000	G2	90	80	1	-2	-2.554480
209	34.500000	35.500000	C3	90	80	1	-1	-2.320150
210	35.500000	36.500000	A1	90	80	1	-5	-4.233080
211	35.500000	36.500000	E2	90	80	1	-2	-2.554480
212	35.500000	36.500000	A2	90	80	1	-1	-2.320150
213	35.541667	35.583333	G3	45	80	0	1	-4.713462
214	35.583333	35.625000	A3	45	80	0	2	-2.867384
215	35.625000	35.666667	B3	45	80	0	3	-2.675961
216	35.666667	35.708333	C4	45	80	0	4	-2.883688
217	35.708333	35.750000	D4	45	80	0	5	-2.706622
218	36.500000	38.000000	G1	90	80	1	-5	-3.842215
219	36.500000	38.000000	D2	90	80	1	-2	-2.554480
220	36.500000	38.000000	G2	90	80	1	-1	-2.320150
221	36.750000	36.937500	C4	45	80	0	4	-2.814339
222	36.937500	37.000000	B3	51	80	0	3	-2.238713
223	37.041667	37.083333	F3	45	80	0	1	-2.905888
224	37.083333	37.125000	G3	45	80	0	2	-2.867384
225	37.125000	37.166667	A-3	45	80	0	3	-3.190537
226	37.166667	37.208333	B-3	45	80	0	4	-2.883688
227	37.208333	37.250000	C4	45	80	0	5	-3.871087
228	38.250000	38.437500	B-3	45	80	0	3	-4.229469
229	38.437500	38.500000	A3	51	80	0	2	-2.803601
230	38.500000	38.687500	G3	45	80	0	1	-2.609267
231	38.687500	38.750000	F3	51	80	0	2	-4.891425
232	38.750000	38.937500	G3	45	80	0	3	-2.675961
233	38.937500	39.000000	F3	51	80	0	2	-2.287533
234	39.000000	39.187500	G3	45	80	0	3	-2.675961
235	39.187500	39.250000	F3	51	80	0	2	-2.287533
236	39.250000	39.437500	G3	45	80	0	3	-2.675961
237	39.437500	39.500000	F3	51	80	0	2	-2.287533
238	39.500000	39.687500	G3	45	80	0	3	-2.675961
239	39.687500	39.750000	F3	51	80	0	2	-2.287533
240	39.750000	39.937500	A3	45	80	0	4	-2.758588
241	39.937500	40.000000	G3	51	80	0	3	-2.238713
242	40.000000	40.187500	A3	45	80	0	4	-2.883688
243	40.187500	40.250000	G3	51	80	0	3	-2.238713
244	40.250000	40.437500	G3	45	80	0	3	-4.378151
245	40.437500	40.500000	F3	51	80	0	2	-2.287533
246	40.500000	40.687500	G3	45	80	0	3	-2.675961
247	40.687500	40.750000	F3	51	80	0	2	-2.287533
248	40.750000	40.937500	A3	45	80	0	3	-3.012122
249	40.937500	41.000000	G3	51	80	0	2	-2.287533
250	41.000000	41.187500	A3	45	80	0	3	-2.675961
251	41.187500	41.250000	G3	51	80	0	2	-2.287533
252	41.250000	41.437500	B-3	45	80	0	3	-3.409656
253	41.437500	41.500000	A3	51	80	0	2	-2.803601
254	41.500000	41.687500	B-3	45	80	0	3	-3.190537
255	41.687500	41.750000	A3	51	80	0	2	-2.803601
256	41.750000	41.937500	C4	63	80	0	3	-3.012122
257	41.937500	42.000000	B-3	69	80	0	2	-3.032881
258	42.000000	42.187500	C4	63	80	0	3	-3.265372
259	42.187500	42.250000	B-3	69	80	0	2	-3.032881
260	42.250000	42.437500	C4	63	80	0	3	-3.265372
261	42.437500	42.500000	B-3	69	80	0	2	-3.032881
262	42.500000	42.687500	C4	63	80	0	3	-3.265372
263	42.687500	42.750000	B-3	69	80	0	2	-3.032881
264	42.750000	42.937500	D4	63	80	0	4	-3.927704
265	42.937500	43.000000	C4	69	80	0	3	-2.238713
266	43.000000	43.187500	D4	63	80	0	4	-2.883688
267	43.187500	43.250000	C4	69	80	0	3	-2.238713
268	43.250000	43.437500	C4	63	80	0	3	-4.378151
269	43.437500	43.500000	B-3	69	80	0	2	-3.032881
270	43.500000	43.687500	C4	63	80	0	3	-3.265372
271	43.687500	43.750000	B-3	69	80	0	2	-3.032881
272	43.750000	43.937500	D4	63	80	0	3	-4.453766
273	43.937500	44.000000	C4	69	80	0	2	-2.287533
274	44.000000	44.187500	D4	63	80	0	3	-2.675961
275	44.187500	44.250000	C4	69	80	0	2	-2.287533
276	44.250000	44.437500	E-4	63	80	0	3	-3.409656
277	44.437500	44.500000	D4	69	80	0	2	-2.803601
278	44.500000	44.687500	E-4	63	80	0	3	-3.190537
279	44.687500	44.750000	D4	87	80	0	2	-2.803601
280	44.750000	44.937500	D4	63	80	0	2	-4.554564
281	44.937500	45.000000	E-4	69	80	0	3	-3.190537
282	45.000000	45.187500	E4	63	80	0	1	-4.595018
283	45.000000	45.250000	B-2	90	80	1	-3	-5.700951
284	45.000000	45.250000	F3	90	80	1	-1	-3.687814
285	45.187500	45.250000	F4	69	80	0	2	-2.867384
286	45.250000	45.437500	D4	63	80	0	1	-3.157580
287	45.250000	45.500000	F2	96	80	1	-5	-2.314770
288	45.437500	45.500000	E-4	69	80	0	2	-3.900292
289	45.500000	45.687500	E4	63	80	0	1	-4.072488
290	45.500000	45.750000	B-1	90	80	1	-5	-7.597455
291	45.500000	45.750000	F2	90	80	1	-2	-4.203307
292	45.687500	45.750000	F4	69	80	0	2	-2.867384
293	45.750000	45.937500	F#4	63	80	0	3	-3.190537
294	45.750000	46.000000	B-2	96	80	1	-1	-3.194227
295	45.937500	46.000000	G4	69	80	0	1	-4.595018
296	46.000000	46.187500	G#4	63	80	0	2	-3.900292
297	46.000000	46.250000	C3	90	80	1	-5	-6.473863
298	46.000000	46.250000	G3	90	80	1	-1	-3.477173
299	46.187500	46.250000	A4	69	80	0	3	-3.686981
300	46.250000	46.437500	A4	63	80	0	2	-4.935872
301	46.250000	46.500000	G2	96	80	1	-5	-2.314770
302	46.437500	46.500000	B-4	69	80	0	3	-3.190537
303	46.500000	46.687500	B4	63	80	0	1	-4.595018
304	46.500000	46.750000	B-2	90	80	1	-3	-4.350585
305	46.500000	46.750000	F3	90	80	1	-1	-3.687814
306	46.687500	46.750000	C5	69	80	0	2	-2.867384
307	46.750000	46.937500	C#5	63	80	0	3	-3.190537
308	46.750000	47.000000	F2	96	80	1	-5	-2.314770
309	46.937500	47.000000	D5	69	80	0	1	-4.595018
310	47.000000	47.187500	D#5	63	80	0	2	-3.900292
311	47.000000	47.250000	C2	90	80	1	-5	-6.929501
312	47.000000	47.250000	G2	90	80	1	-2	-2.554480
313	47.187500	47.250000	E5	69	80	0	1	-4.072488
314	47.250000	47.437500	F5	63	80	0	2	-2.867384
315	47.250000	47.500000	C3	96	80	1	-1	-2.320150
316	47.437500	47.500000	F#5	69	80	0	3	-3.190537
317	47.500000	47.687500	G5	63	80	0	1	-4.595018
318	47.500000	47.750000	D3	90	80	1	-3	-4.611792
319	47.500000	47.750000	A3	90	80	1	-1	-3.342645
320	47.687500	47.750000	G#5	69	80	0	2	-3.900292
321	47.750000	48.250000	A5	120	80	0	3	-3.686981
322	47.750000	48.000000	A2	96	80	1	-5	-2.314770
323	48.000000	48.250000	E-3	90	80	1	-3	-5.669550
324	48.000000	48.250000	B-3	90	80	1	-1	-3.342645
325	48.250000	49.000000	A5	120	80	0	2	-4.935872
326	48.250000	48.500000	B-2	96	80	1	-5	-2.314770
327	48.500000	48.750000	E-2	90	80	1	-5	-6.147898
328	48.500000	48.750000	B-2	90	80	1	-2	-2.554480
329	48.750000	49.000000	E-3	96	80	1	-1	-2.320150
330	49.000000	49.250000	B-5	120	80	0	3	-3.190537
331	49.000000	49.250000	F3	90	80	1	-5	-6.473863
332	49.000000	49.250000	C4	90	80	1	-1	-3.477173
333	49.250000	50.416667	G5	120	80	0	2	-3.286699
334	49.250000	49.500000	C3	96	80	1	-5	-2.314770
335	49.500000	49.750000	E-3	90	80	1	-3	-4.350585
336	49.500000	49.750000	B-3	90	80	1	-1	-3.342645
337	49.750000	50.000000	B-2	96	80	1	-4	-4.702385
338	50.000000	50.250000	F2	90	80	1	-5	-4.745687
339	50.000000	50.250000	C3	90	80	1	-2	-2.554480
340	50.250000	50.500000	F3	96	80	1	-1	-2.320150
341	50.416667	50.583333	A5	120	80	0	3	-2.675961
342	50.500000	50.750000	G3	90	80	1	-3	-4.611792
343	50.500000	50.750000	D4	90	80	1	-1	-3.342645
344	50.583333	50.750000	B5	120	80	0	4	-2.883688
345	50.750000	51.250000	A5	84	80	0	3	-2.238713
346	50.750000	51.000000	G2	90	80	1	-5	-4.212346
347	50.750000	51.000000	D3	90	80	1	-4	-4.864358
348	51.250000	52.000000	A5	84	80	0	2	-4.935872
349	52.000000	52.250000	B-5	84	80	0	3	-3.190537
350	52.250000	53.416667	G5	127	80	0	2	-3.286699
351	53.416667	53.583333	A5	127	80	0	3	-2.675961
352	53.583333	53.750000	B5	127	80	0	4	-2.883688
353	55.250000	55.750000	E3	45	80	0	1	-6.948157
354	55.750000	56.250000	F3	45	80	0	2	-2.867384
355	56.250000	56.750000	G3	90	80	0	3	-2.675961
356	56.250000	56.750000	B-3	90	80	0	4	-4.476680
357	56.750000	57.250000	E3	63	80	0	1	-3.845468
358	57.250000	57.750000	F3	63	80	0	2	-2.867384
359	57.750000	58.250000	G3	90	80	0	3	-2.675961
360	57.750000	58.250000	B-3	90	80	0	4	-4.476680
361	60.750000	61.000000	C4	90	80	1	-1	-4.427076
362	61.000000	61.250000	A3	90	80	1	-2	-3.291596
363	61.250000	61.500000	F3	90	80	1	-4	-3.718276
364	61.500000	61.750000	A2	90	80	1	-2	-6.817477
365	61.500000	63.000000	C3	90	80	1	-1	-2.415329
366	61.750000	62.250000	B-3	45	80	0	3	-5.185589
367	61.750000	62.000000	G2	90	80	1	-2	-3.456527
368	62.000000	62.500000	F2	90	80	1	-3	-2.891080
369	62.250000	62.750000	A3	45	80	0	2	-2.803601
370	62.500000	63.000000	E2	90	80	1	-4	-3.061136
371	62.750000	63.250000	B-3	45	80	0	3	-3.190537
372	63.000000	63.250000	A2	90	80	1	-2	-2.507290
373	63.000000	64.500000	C3	90	80	1	-1	-2.415329
374	63.250000	63.750000	A3	45	80	0	2	-2.803601
375	63.250000	63.500000	G2	90	80	1	-2	-3.456527
376	63.500000	64.000000	F2	90	80	1	-3	-2.891080
377	63.750000	63.791667	B-3	45	80	0	3	-3.190537
378	63.791667	63.833333	A3	45	80	0	2	-2.803601
379	64.000000	64.500000	E2	90	80	1	-4	-3.061136
380	67.750000	68.125000	B-3	27	80	0	3	-3.190537
381	68.000000	68.125000	B-3	127	80	1	-3	-14.173084
382	68.125000	68.250000	A3	27	80	0	2	-2.803601
383	68.250000	68.625000	G3	27	80	0	1	-2.609267
384	68.625000	68.750000	F3	27	80	0	3	-4.737465
385	69.250000	71.000000	C3	90	80	0	1	-2.905888
386	69.250000	71.000000	D3	90	80	0	2	-2.867384
387	69.250000	71.000000	F3	90	80	0	4	-2.758588
388	70.083333	70.125000	G3	127	80	1	-1	-4.439870
389	70.125000	70.166667	F3	127	80	1	-2	-2.745489
390	70.166667	70.208333	E3	127	80	1	-3	-2.891080
391	70.208333	70.250000	D3	127	80	1	-1	-3.930078
392	70.250000	70.375000	C3	127	80	1	-2	-2.745489
393	71.750000	73.250000	F4	90	80	0	3	-7.355404
394	71.750000	73.250000	A4	90	80	0	5	-2.681011
395	72.000000	74.000000	F2	90	80	1	-5	-3.155341
396	72.000000	74.000000	C3	90	80	1	-2	-2.554480
397	75.000000	75.375000	D3	127	80	1	-1	-2.578439
398	75.375000	75.500000	C3	127	80	1	-2	-2.745489
399	75.500000	76.000000	B-1	90	80	1	-5	-6.177855
400	75.500000	76.000000	B-2	90	80	1	-1	-1.202832
401	76.000000	76.500000	A1	90	80	1	-5	-4.645128
402	76.000000	76.500000	A2	90	80	1	-1	-1.202832
403	76.500000	77.000000	G1	90	80	1	-5	-3.842215
404	76.500000	77.000000	G2	90	80	1	-1	-1.202832
405	77.000000	77.500000	B-1	90	80	1	-5	-4.114892
406	77.000000	77.500000	B-2	90	80	1	-1	-1.202832
407	77.500000	78.000000	D2	90	80	1	-5	-5.060396
408	77.500000	78.000000	D3	90	80	1	-4	-4.924626
409	77.791667	77.833333	G3	99	80	1	-2	-2.507290
410	77.833333	77.875000	A3	99	80	1	-1	-2.578439
411	77.875000	77.916667	B-3	99	80	1	-2	-4.643648
412	77.916667	77.958333	C4	99	80	1	-1	-2.464298
413	77.958333	78.000000	D4	99	80	1	-3	-4.611792
414	78.000000	78.750000	E4	93	80	1	-2	-2.510186
415	78.750000	79.000000	D4	93	80	1	-1	-4.644141
416	79.000000	79.500000	C3	90	80	1	-5	-3.842215
417	79.000000	79.500000	F3	90	80	1	-3	-3.463793
418	79.000000	79.500000	A3	90	80	1	-2	-3.046717
419	79.000000	79.500000	C4	90	80	1	-1	-2.415329
420	79.500000	81.000000	F1	90	80	1	-5	-4.456078
421	79.500000	81.000000	C2	90	80	1	-2	-2.554480
422	79.500000	81.000000	F2	90	80	1	-1	-2.320150
