//Version: PianoFingering_v170101
1	0.000000	0.250000	F3	63	80	1	-5	-0.504576
2	0.250000	0.500000	C4	63	80	1	-1	-3.477173
3	0.500000	0.750000	E-3	63	80	1	-5	-4.114892
4	0.750000	1.000000	B3	63	80	1	-2	-4.203307
5	0.810811	2.432432	A4	90	80	0	1	-0.925785
6	0.810811	2.432432	C5	90	80	0	2	-2.525967
7	1.000000	1.250000	F3	63	80	1	-4	-4.045906
8	1.250000	1.500000	C4	63	80	1	-1	-2.959487
9	1.500000	1.750000	E-3	63	80	1	-4	-4.497131
10	1.750000	2.000000	B3	63	80	1	-1	-3.887622
11	2.000000	2.250000	G2	63	80	1	-5	-4.233080
12	2.250000	2.500000	A3	90	80	1	-2	-6.875857
13	2.250000	2.500000	D4	90	80	1	-1	-2.320150
14	2.432432	4.054054	G4	90	80	0	1	-3.434905
15	2.432432	4.054054	B4	90	80	0	2	-2.525967
16	2.500000	2.750000	A2	63	80	1	-5	-3.781310
17	2.750000	3.000000	G3	90	80	1	-2	-5.277521
18	2.750000	3.000000	C4	90	80	1	-1	-2.320150
19	3.000000	3.250000	C3	63	80	1	-5	-2.314770
20	3.250000	3.500000	G#3	90	80	1	-3	-5.375180
21	3.250000	3.500000	E4	90	80	1	-1	-3.687814
22	3.500000	3.750000	A2	63	80	1	-5	-4.212346
23	3.750000	4.000000	F3	90	80	1	-2	-4.349399
24	3.750000	4.000000	C4	90	80	1	-1	-4.047397
25	4.000000	4.250000	G2	63	80	1	-5	-3.781310
26	4.054054	5.675676	A4	90	80	0	1	-2.609267
27	4.054054	5.675676	C5	90	80	0	2	-2.525967
28	4.250000	4.500000	D3	90	80	1	-3	-3.416097
29	4.250000	4.500000	B3	90	80	1	-1	-4.439870
30	4.500000	4.750000	A-2	63	80	1	-5	-4.510402
31	4.750000	5.000000	E-3	90	80	1	-3	-3.416097
32	4.750000	5.000000	C4	90	80	1	-1	-4.531747
33	5.000000	5.250000	E2	63	80	1	-5	-5.860818
34	5.250000	5.500000	B2	90	80	1	-3	-3.416097
35	5.250000	5.500000	G3	90	80	1	-1	-4.439870
36	5.500000	5.750000	F#2	63	80	1	-5	-4.553252
37	5.675676	6.486486	G4	90	80	0	1	-3.434905
38	5.675676	6.486486	B4	90	80	0	2	-2.525967
39	5.750000	6.000000	D-3	90	80	1	-3	-3.416097
40	5.750000	6.000000	B-3	90	80	1	-1	-4.439870
41	6.000000	6.250000	G#2	63	80	1	-5	-3.842215
42	6.250000	6.500000	E-3	90	80	1	-3	-3.416097
43	6.250000	6.500000	B3	90	80	1	-1	-3.687814
44	6.500000	6.750000	B-2	63	80	1	-5	-4.553252
45	6.750000	7.000000	F3	90	80	1	-2	-4.203307
46	6.750000	7.000000	C#4	90	80	1	-1	-6.027486
47	7.000000	7.250000	F2	63	80	1	-5	-6.196562
48	7.250000	7.500000	F#3	90	80	1	-2	-7.543808
49	7.250000	7.500000	C4	90	80	1	-1	-4.366821
50	7.500000	7.750000	F#2	63	80	1	-5	-6.587391
51	7.750000	8.000000	C#3	90	80	1	-3	-3.416097
52	7.750000	8.000000	A3	90	80	1	-1	-3.687814
53	8.000000	8.250000	G#2	63	80	1	-5	-4.553252
54	8.250000	8.500000	D#3	90	80	1	-3	-3.416097
55	8.250000	8.500000	B3	90	80	1	-1	-3.687814
56	8.500000	8.750000	A2	63	80	1	-5	-3.842215
57	8.750000	9.000000	E3	90	80	1	-2	-2.554480
58	8.750000	9.000000	A3	90	80	1	-1	-2.320150
59	9.000000	9.250000	F2	63	80	1	-5	-4.233080
60	9.250000	9.500000	F3	90	80	1	-2	-5.035265
61	9.250000	9.500000	A3	90	80	1	-1	-2.415329
62	9.500000	9.750000	G2	63	80	1	-5	-3.842215
63	9.750000	10.000000	E3	90	80	1	-2	-4.349399
64	9.750000	10.000000	G3	90	80	1	-1	-2.415329
65	10.000000	10.250000	E2	63	80	1	-5	-4.233080
66	10.250000	10.500000	D3	90	80	1	-2	-5.277521
67	10.250000	10.500000	F3	90	80	1	-1	-2.415329
68	10.500000	10.750000	G2	63	80	1	-5	-3.181034
69	10.750000	11.000000	F#3	90	80	1	-2	-6.336491
70	10.750000	11.000000	D4	90	80	1	-1	-6.242573
71	11.000000	11.250000	B2	63	80	1	-5	-4.233080
72	11.250000	11.500000	G3	90	80	1	-2	-4.349399
73	11.250000	11.500000	D4	90	80	1	-1	-4.047397
74	11.500000	11.750000	E2	63	80	1	-5	-5.805721
75	11.750000	12.000000	B2	90	80	1	-3	-3.416097
76	11.750000	12.000000	G3	90	80	1	-1	-4.439870
77	12.000000	12.250000	F2	63	80	1	-5	-3.842215
78	12.250000	12.500000	C3	90	80	1	-3	-3.416097
79	12.250000	12.500000	A3	90	80	1	-1	-4.439870
80	12.500000	12.750000	D2	63	80	1	-5	-4.212346
81	12.750000	13.000000	A2	90	80	1	-3	-3.416097
82	12.750000	13.000000	F#3	90	80	1	-1	-4.469532
83	13.000000	13.250000	E2	63	80	1	-5	-5.012184
84	13.250000	13.500000	E3	90	80	1	-2	-5.035265
85	13.250000	13.500000	G#3	90	80	1	-1	-3.194227
86	13.500000	13.750000	F#2	63	80	1	-5	-3.842215
87	13.750000	14.000000	F#3	90	80	1	-2	-5.035265
88	13.750000	14.000000	B3	90	80	1	-1	-3.262923
89	14.000000	14.250000	A2	63	80	1	-5	-3.842215
90	14.250000	14.500000	G#3	90	80	1	-2	-6.336491
91	14.250000	14.500000	B3	90	80	1	-1	-2.464298
92	14.500000	14.750000	F#2	63	80	1	-5	-5.753604
93	14.750000	15.000000	E3	90	80	1	-2	-6.336491
94	14.750000	15.000000	A3	90	80	1	-1	-2.320150
95	15.000000	15.250000	D2	63	80	1	-5	-4.212346
96	15.250000	15.500000	A2	90	80	1	-2	-2.554480
97	15.250000	15.500000	E3	90	80	1	-1	-4.047397
98	15.500000	15.750000	E2	63	80	1	-5	-2.314770
99	15.750000	16.000000	B2	90	80	1	-3	-3.416097
100	15.750000	16.000000	G3	90	80	1	-1	-4.439870
101	16.000000	16.250000	F2	63	80	1	-5	-3.842215
102	16.250000	16.500000	C3	90	80	1	-2	-2.554480
103	16.250000	16.500000	F3	90	80	1	-1	-2.320150
104	16.500000	16.750000	A2	63	80	1	-5	-3.730225
105	16.750000	17.000000	G3	90	80	1	-2	-5.277521
106	16.750000	17.000000	C4	90	80	1	-1	-2.320150
107	17.000000	17.250000	G2	63	80	1	-5	-3.781310
108	17.250000	17.500000	E3	90	80	1	-2	-4.349399
109	17.250000	17.500000	B3	90	80	1	-1	-4.047397
110	17.500000	17.750000	A2	63	80	1	-5	-3.842215
111	17.750000	18.000000	E3	90	80	1	-3	-3.416097
112	17.750000	18.000000	C4	90	80	1	-1	-4.439870
113	18.000000	18.250000	E2	63	80	1	-5	-5.860818
114	18.250000	18.500000	D3	90	80	1	-4	-6.683330
115	18.250000	18.500000	B3	90	80	1	-1	-3.451917
116	18.500000	18.750000	B2	63	80	1	-5	-2.314770
117	18.750000	19.000000	F#3	90	80	1	-3	-5.375180
118	18.750000	19.000000	D4	90	80	1	-1	-3.687814
119	19.000000	19.250000	A2	63	80	1	-5	-3.781310
120	19.250000	19.500000	E3	90	80	1	-3	-3.416097
121	19.250000	19.500000	C#4	90	80	1	-1	-4.469532
122	19.500000	19.750000	F#2	63	80	1	-5	-4.212346
123	19.750000	20.000000	C#3	90	80	1	-3	-3.416097
124	19.750000	20.000000	A3	90	80	1	-1	-3.687814
125	20.000000	20.250000	D2	63	80	1	-5	-4.212346
126	20.250000	20.500000	A2	90	80	1	-3	-3.416097
127	20.250000	20.500000	F#3	90	80	1	-1	-4.469532
128	20.500000	20.750000	E2	63	80	1	-5	-5.012184
129	20.750000	21.000000	B2	90	80	1	-3	-3.416097
130	20.750000	21.000000	G3	90	80	1	-1	-4.439870
131	21.000000	21.250000	F#2	63	80	1	-5	-4.553252
132	21.250000	21.500000	C#3	90	80	1	-3	-3.416097
133	21.250000	21.500000	A3	90	80	1	-1	-3.687814
134	21.500000	21.750000	A2	63	80	1	-5	-2.314770
135	21.750000	22.000000	D3	90	80	1	-2	-3.272976
136	21.750000	22.000000	G3	90	80	1	-1	-2.320150
137	22.000000	22.250000	F2	63	80	1	-5	-3.842215
138	22.250000	22.500000	C3	90	80	1	-3	-3.416097
139	22.250000	22.500000	A3	90	80	1	-1	-4.439870
140	22.500000	22.750000	C#3	63	80	1	-4	-4.339145
141	22.750000	23.000000	G3	90	80	1	-2	-4.383116
142	22.750000	23.000000	B3	90	80	1	-1	-2.415329
143	23.000000	23.250000	F2	63	80	1	-5	-3.781310
144	23.250000	23.500000	C3	90	80	1	-3	-3.416097
145	23.250000	23.500000	A3	90	80	1	-1	-4.439870
146	23.500000	23.750000	C#3	63	80	1	-4	-4.339145
147	23.750000	24.000000	G3	90	80	1	-2	-4.383116
148	23.750000	24.000000	B3	90	80	1	-1	-2.415329
149	24.000000	24.250000	A2	63	80	1	-5	-3.842215
150	24.250000	24.500000	G3	63	80	1	-1	-3.610078
151	24.500000	24.750000	F2	63	80	1	-5	-3.842215
152	24.750000	25.000000	C3	90	80	1	-3	-3.416097
153	24.750000	25.000000	A3	90	80	1	-1	-4.439870
154	25.000000	25.250000	G-2	63	80	1	-5	-4.510402
155	25.250000	25.500000	D-3	90	80	1	-3	-3.416097
156	25.250000	25.500000	B-3	90	80	1	-1	-4.439870
157	25.500000	25.750000	D2	63	80	1	-5	-6.196562
158	25.750000	26.000000	C3	90	80	1	-2	-5.277521
159	25.750000	26.000000	F3	90	80	1	-1	-2.320150
160	26.000000	26.250000	E2	63	80	1	-5	-3.842215
161	26.250000	26.500000	B2	90	80	1	-3	-3.416097
162	26.250000	26.500000	G#3	90	80	1	-1	-4.469532
163	26.500000	26.750000	F#2	63	80	1	-5	-3.842215
164	26.750000	27.000000	C#3	90	80	1	-3	-3.416097
165	26.750000	27.000000	A3	90	80	1	-1	-3.687814
166	27.000000	27.250000	G#2	63	80	1	-5	-4.553252
167	27.250000	27.500000	D#3	90	80	1	-3	-3.416097
168	27.250000	27.500000	B3	90	80	1	-1	-3.687814
169	27.500000	27.750000	F#2	63	80	1	-5	-5.753604
170	27.750000	28.000000	E3	63	80	1	-1	-5.006981
171	28.000000	28.250000	F2	63	80	1	-5	-3.181034
172	28.250000	28.500000	A3	63	80	1	-1	-4.493372
173	28.500000	28.750000	C3	63	80	1	-5	-3.730225
174	28.750000	29.000000	G#3	63	80	1	-2	-4.281723
175	29.000000	29.250000	C3	63	80	1	-5	-4.626444
176	29.250000	29.500000	A3	63	80	1	-1	-4.009362
177	29.500000	29.750000	F2	63	80	1	-5	-4.233080
178	29.750000	30.000000	G#3	90	80	1	-2	-6.485069
179	29.750000	30.000000	B3	90	80	1	-1	-2.464298
180	30.000000	30.250000	F2	63	80	1	-5	-3.781310
181	30.250000	30.500000	C3	90	80	1	-3	-3.416097
182	30.250000	30.500000	A3	90	80	1	-1	-4.439870
183	30.500000	30.750000	C#3	63	80	1	-4	-4.339145
184	30.750000	31.000000	G3	90	80	1	-2	-4.383116
185	30.750000	31.000000	B3	90	80	1	-1	-2.415329
186	31.000000	31.250000	F2	63	80	1	-5	-3.781310
187	31.250000	31.500000	C3	90	80	1	-3	-3.416097
188	31.250000	31.500000	A3	90	80	1	-1	-4.439870
189	31.500000	31.750000	C#3	63	80	1	-4	-4.339145
190	31.750000	32.000000	G3	90	80	1	-2	-4.383116
191	31.750000	32.000000	B3	90	80	1	-1	-2.415329
192	32.000000	32.250000	A2	63	80	1	-5	-3.842215
193	32.250000	32.500000	G3	63	80	1	-1	-3.610078
194	32.500000	32.750000	F2	63	80	1	-5	-3.842215
195	32.750000	33.000000	C3	90	80	1	-3	-3.416097
196	32.750000	33.000000	A3	90	80	1	-1	-4.439870
197	33.000000	33.250000	G-2	63	80	1	-5	-4.510402
198	33.250000	33.500000	D-3	90	80	1	-3	-3.416097
199	33.250000	33.500000	B-3	90	80	1	-1	-4.439870
200	33.500000	33.750000	D2	63	80	1	-5	-6.196562
201	33.750000	34.000000	C3	90	80	1	-2	-5.277521
202	33.750000	34.000000	F3	90	80	1	-1	-2.320150
203	34.000000	34.250000	E2	63	80	1	-5	-3.842215
204	34.250000	34.500000	B2	90	80	1	-3	-3.416097
205	34.250000	34.500000	G#3	90	80	1	-1	-4.469532
206	34.500000	34.750000	F#2	63	80	1	-5	-3.842215
207	34.750000	35.000000	C#3	90	80	1	-3	-3.416097
208	34.750000	35.000000	A3	90	80	1	-1	-3.687814
209	35.000000	35.250000	G#2	63	80	1	-5	-4.553252
210	35.250000	35.500000	D#3	90	80	1	-3	-3.416097
211	35.250000	35.500000	B3	90	80	1	-1	-3.687814
212	35.500000	35.750000	F#2	63	80	1	-5	-5.753604
213	35.750000	36.000000	E3	63	80	1	-1	-5.006981
214	36.000000	36.250000	F2	63	80	1	-5	-3.181034
215	36.250000	36.500000	A3	63	80	1	-1	-4.493372
216	36.500000	36.750000	C3	63	80	1	-5	-3.730225
217	36.750000	37.000000	G#3	63	80	1	-2	-4.281723
218	37.000000	37.250000	C3	63	80	1	-5	-4.626444
219	37.250000	37.500000	A3	63	80	1	-1	-4.009362
220	37.500000	37.750000	F2	63	80	1	-5	-4.233080
221	37.750000	38.000000	G#3	90	80	1	-2	-6.485069
222	37.750000	38.000000	B3	90	80	1	-1	-2.464298
223	38.000000	38.250000	A2	63	80	1	-5	-3.842215
224	38.250000	38.500000	G#3	90	80	1	-2	-6.336491
225	38.250000	38.500000	C#4	90	80	1	-1	-2.320150
226	38.500000	38.750000	B2	63	80	1	-5	-5.012184
227	38.750000	39.000000	F#3	90	80	1	-4	-5.762335
228	38.750000	39.000000	D#4	90	80	1	-1	-3.451917
229	39.000000	39.250000	G#2	63	80	1	-5	-4.212346
230	39.250000	39.500000	F3	90	80	1	-2	-6.336491
231	39.250000	39.500000	A-3	90	80	1	-1	-3.101885
232	39.500000	39.750000	F2	63	80	1	-5	-5.012184
233	39.750000	40.000000	E3	90	80	1	-2	-5.277521
234	39.750000	40.000000	G3	90	80	1	-1	-2.415329
235	40.000000	40.250000	B-2	81	80	1	-5	-4.114892
236	40.250000	40.500000	A-3	90	80	1	-2	-5.277521
237	40.250000	40.500000	D4	90	80	1	-1	-4.366821
238	40.500000	40.750000	E-3	81	80	1	-5	-4.582913
239	40.750000	41.000000	E4	81	80	1	-1	-6.632510
240	41.000000	41.250000	C3	81	80	1	-5	-4.233080
241	41.250000	41.500000	A-3	90	80	1	-2	-4.281723
242	41.250000	41.500000	C4	90	80	1	-1	-3.262923
243	41.500000	41.750000	A2	81	80	1	-5	-4.233080
244	41.750000	42.000000	E3	90	80	1	-3	-3.416097
245	41.750000	42.000000	C#4	90	80	1	-1	-4.469532
246	42.000000	42.250000	E2	81	80	1	-5	-6.473863
247	42.250000	42.500000	G#3	90	80	1	-2	-6.875857
248	42.250000	42.500000	C4	90	80	1	-1	-3.262923
249	42.500000	42.750000	A2	81	80	1	-5	-4.233080
250	42.750000	43.000000	E3	90	80	1	-3	-3.416097
251	42.750000	43.000000	C#4	90	80	1	-1	-4.469532
252	43.000000	43.250000	F2	81	80	1	-5	-6.196562
253	43.250000	43.500000	G#3	90	80	1	-2	-6.485069
254	43.250000	43.500000	D#4	90	80	1	-1	-4.047397
255	43.500000	43.750000	A2	81	80	1	-5	-7.040401
256	43.750000	44.000000	G#3	90	80	1	-2	-6.336491
257	43.750000	44.000000	B3	90	80	1	-1	-2.464298
258	44.000000	44.250000	A2	81	80	1	-5	-3.842215
259	44.250000	44.500000	G3	90	80	1	-4	-6.683330
260	44.250000	44.500000	E-4	90	80	1	-1	-4.009808
261	44.500000	44.750000	A-2	81	80	1	-5	-4.212346
262	44.750000	45.000000	E-3	90	80	1	-3	-3.416097
263	44.750000	45.000000	C4	90	80	1	-1	-4.531747
264	45.000000	45.250000	F2	81	80	1	-5	-4.212346
265	45.250000	45.500000	C3	90	80	1	-3	-3.416097
266	45.250000	45.500000	A-3	90	80	1	-1	-4.707497
267	45.500000	45.750000	G-2	81	80	1	-5	-3.842215
268	45.750000	46.000000	D-3	90	80	1	-3	-3.416097
269	45.750000	46.000000	B-3	90	80	1	-1	-4.439870
270	46.000000	46.250000	C3	63	80	1	-5	-4.087479
271	46.250000	46.500000	G3	90	80	1	-3	-3.416097
272	46.250000	46.500000	E4	90	80	1	-1	-4.439870
273	46.500000	46.750000	G2	63	80	1	-5	-5.860818
274	46.750000	47.000000	A3	90	80	1	-3	-7.544998
275	46.750000	47.000000	F4	90	80	1	-1	-4.439870
276	47.000000	47.250000	B2	63	80	1	-5	-4.212346
277	47.250000	47.500000	G3	90	80	1	-2	-4.349399
278	47.250000	47.500000	D4	90	80	1	-1	-4.047397
279	47.500000	47.750000	G2	63	80	1	-5	-4.212346
280	47.750000	48.000000	A3	90	80	1	-2	-6.875857
281	47.750000	48.000000	C4	90	80	1	-1	-2.415329
282	48.000000	48.250000	G2	63	80	1	-5	-3.781310
283	48.250000	48.500000	G3	90	80	1	-2	-5.035265
284	48.250000	48.500000	C4	90	80	1	-1	-2.320150
285	48.500000	48.750000	A2	63	80	1	-5	-4.233080
286	48.750000	49.000000	G3	90	80	1	-2	-5.277521
287	48.750000	49.000000	D4	90	80	1	-1	-4.047397
288	49.000000	49.250000	G2	63	80	1	-5	-4.212346
289	49.250000	49.500000	D3	90	80	1	-3	-3.416097
290	49.250000	49.500000	B3	90	80	1	-1	-4.439870
291	49.500000	49.750000	E2	63	80	1	-5	-4.212346
292	49.750000	50.000000	G3	90	80	1	-4	-6.898392
293	49.750000	50.000000	E-4	90	80	1	-1	-4.009808
294	50.000000	50.250000	G2	63	80	1	-5	-6.196562
295	50.250000	50.500000	F3	90	80	1	-2	-5.277521
296	50.250000	50.500000	A3	90	80	1	-1	-2.415329
297	50.500000	50.750000	D3	63	80	1	-4	-3.752799
298	50.750000	51.000000	G3	90	80	1	-2	-2.507290
299	50.750000	51.000000	B3	90	80	1	-1	-2.415329
300	51.000000	51.250000	B2	63	80	1	-5	-2.314770
301	51.250000	51.500000	G3	90	80	1	-2	-4.349399
302	51.250000	51.500000	C4	90	80	1	-1	-2.320150
303	51.500000	51.750000	E2	63	80	1	-5	-5.860818
304	51.750000	52.000000	B2	90	80	1	-2	-2.554480
305	51.750000	52.000000	D3	90	80	1	-1	-2.415329
306	52.000000	54.000000	A2	90	80	1	-2	-3.456527
307	52.000000	54.000000	C3	90	80	1	-1	-2.415329
308	54.000000	56.000000	G2	90	80	1	-2	-3.456527
309	54.000000	56.000000	B2	90	80	1	-1	-2.415329
310	103.783784	104.189189	D5	63	80	0	3	-3.012122
311	104.189189	104.594595	G5	63	80	0	4	-6.520473
312	104.594595	105.405405	A5	63	80	0	5	-2.706622
313	105.405405	105.810811	B4	63	80	0	1	-3.027253
314	105.810811	106.216216	C5	63	80	0	2	-2.867384
315	106.216216	107.027027	E5	63	80	0	4	-2.758588
316	107.027027	107.837838	A4	63	80	0	1	-2.857522
317	107.837838	108.648649	G#4	63	80	0	3	-4.859211
318	108.648649	110.270270	F4	63	80	0	2	-3.286699
319	110.270270	110.675676	G4	63	80	0	3	-2.675961
320	110.675676	111.081081	F#4	63	80	0	2	-3.151465
321	111.081081	111.891892	D4	63	80	0	1	-4.134704
322	111.891892	112.702703	E-4	63	80	0	2	-3.900292
323	112.702703	113.513514	A-4	63	80	0	4	-2.909306
324	113.513514	114.324324	E4	63	80	0	2	-4.058569
325	114.324324	115.135135	B3	63	80	0	1	-3.434905
326	115.135135	116.756757	F#4	63	80	0	3	-5.042408
327	117.567568	119.189189	B4	63	80	0	5	-3.340065
328	119.189189	120.000000	F4	63	80	0	2	-3.071676
329	120.000000	120.810811	G#4	63	80	0	3	-3.409656
330	120.810811	121.621622	E-4	63	80	0	1	-2.905888
331	121.621622	122.432432	F#4	63	80	0	2	-2.525967
332	122.432432	123.243243	C#4	63	80	0	1	-3.434905
333	123.243243	124.054054	G#4	63	80	0	4	-4.054949
334	124.054054	124.864865	G4	63	80	0	3	-3.302559
335	124.864865	125.675676	E4	63	80	0	2	-3.674662
336	125.675676	126.486486	C#4	63	80	0	1	-3.967913
337	126.486486	127.297297	C5	63	80	0	5	-6.053771
338	127.297297	128.108108	F4	63	80	0	2	-3.263552
339	128.108108	128.918919	B-4	63	80	0	4	-3.522723
340	128.918919	129.729730	E4	63	80	0	1	-3.845468
341	129.729730	130.540541	D4	63	80	0	3	-4.737465
342	130.540541	131.351351	B3	63	80	0	1	-3.281335
343	131.351351	131.756757	B4	63	80	0	4	-3.867317
344	131.756757	132.162162	D5	63	80	0	5	-3.402079
345	132.162162	132.972973	F#4	63	80	0	3	-7.164080
346	132.972973	134.594595	F4	63	80	0	2	-2.803601
347	134.594595	135.000000	E4	63	80	0	1	-2.609267
348	135.000000	135.405405	F#4	63	80	0	2	-3.246278
349	135.405405	136.216216	G4	63	80	0	3	-3.686981
350	136.216216	137.837838	E-4	63	80	0	1	-4.375439
351	137.837838	138.243243	A4	63	80	0	2	-5.302163
352	138.243243	138.648649	B4	63	80	0	3	-2.675961
353	138.648649	139.459459	D5	63	80	0	5	-2.681011
354	139.459459	140.270270	E4	90	80	0	1	-3.027253
355	139.459459	140.270270	C#5	90	80	0	4	-4.568866
356	140.270270	141.081081	G#4	63	80	0	2	-3.266530
357	141.081081	141.891892	A4	63	80	0	3	-3.686981
358	141.891892	142.702703	F#4	90	80	0	2	-3.032881
359	141.891892	142.702703	D5	90	80	0	5	-3.857051
360	142.702703	143.513514	E4	90	80	0	1	-3.027253
361	142.702703	143.513514	C#5	90	80	0	4	-4.568866
362	143.513514	144.324324	G#4	63	80	0	1	-3.216633
363	144.324324	144.729730	F#4	63	80	0	3	-4.737465
364	144.729730	145.135135	A4	63	80	0	5	-3.635747
365	145.135135	145.945946	C#4	63	80	0	2	-3.763668
366	145.945946	146.756757	D4	63	80	0	3	-3.686981
367	146.756757	147.162162	A3	63	80	0	1	-2.905888
368	147.162162	147.567568	B3	63	80	0	2	-2.867384
369	147.567568	148.378378	E4	63	80	0	4	-2.909306
370	148.378378	149.189189	D#4	63	80	0	3	-3.226506
371	149.189189	150.000000	C4	63	80	0	2	-3.286699
372	150.000000	150.810811	A3	63	80	0	1	-3.157580
373	151.621622	153.243243	E4	63	80	0	3	-3.751952
374	153.243243	153.648649	D4	63	80	0	2	-2.287533
375	153.648649	154.054054	E4	63	80	0	3	-2.675961
376	154.054054	154.864865	C4	63	80	0	1	-3.281335
377	154.864865	155.675676	E4	63	80	0	2	-2.525967
378	155.675676	156.081081	F4	63	80	0	3	-2.675961
379	156.081081	156.486486	E4	63	80	0	2	-2.287533
380	156.486486	157.297297	D4	63	80	0	1	-2.609267
381	157.297297	157.702703	B4	63	80	0	2	-5.302163
382	157.702703	158.108108	E5	63	80	0	4	-2.909306
383	158.108108	158.918919	F#5	63	80	0	5	-4.070264
384	158.918919	159.324324	G4	63	80	0	1	-3.885272
385	159.324324	159.729730	B4	63	80	0	3	-3.473158
386	159.729730	160.540541	C#5	63	80	0	5	-3.990232
387	160.540541	161.351351	F#4	63	80	0	2	-3.263552
388	161.351351	162.162162	G4	63	80	0	3	-3.686981
389	162.162162	163.783784	D4	63	80	0	1	-2.905888
390	163.783784	164.594595	E4	63	80	0	2	-2.867384
391	164.594595	165.000000	B3	63	80	0	1	-3.434905
392	165.000000	165.405405	C#4	63	80	0	2	-3.246278
393	165.405405	166.216216	F#4	63	80	0	4	-2.909306
394	166.216216	167.027027	E#4	63	80	0	3	-3.302559
395	167.027027	167.837838	D4	63	80	0	2	-3.674662
396	167.837838	168.648649	B3	63	80	0	1	-3.157580
397	168.648649	169.459459	C5	63	80	0	5	-5.684589
398	169.459459	170.270270	F5	63	80	0	5	-7.226525
399	170.270270	171.081081	A4	63	80	0	1	-2.845304
400	170.270270	171.891892	E5	63	80	0	3	-3.751952
401	171.081081	171.891892	B4	63	80	0	1	-2.905888
402	171.891892	172.702703	C5	63	80	0	2	-2.867384
403	172.702703	173.513514	F5	63	80	0	4	-2.909306
404	173.513514	174.324324	A4	63	80	0	1	-2.969918
405	173.513514	175.135135	E5	63	80	0	4	-4.054949
406	174.324324	175.135135	B4	63	80	0	2	-3.266530
407	175.135135	176.756757	A4	63	80	0	1	-2.609267
408	175.135135	175.945946	A4	63	80	0	3	-5.268790
409	175.945946	176.756757	C#4	90	80	0	1	-4.449629
410	175.945946	176.756757	E4	90	80	0	2	-3.493146
411	176.756757	177.162162	F4	63	80	0	3	-2.675961
412	177.162162	177.567568	E4	63	80	0	2	-2.287533
413	177.567568	178.378378	C4	63	80	0	1	-3.157580
414	178.378378	179.189189	D-4	63	80	0	2	-3.900292
415	179.189189	180.000000	F#4	63	80	0	4	-2.909306
416	180.000000	180.810811	D-4	63	80	0	2	-3.266530
417	180.810811	181.621622	A3	63	80	0	1	-4.134704
418	181.621622	184.054054	E4	63	80	0	3	-3.751952
419	184.054054	185.675676	A4	63	80	0	5	-3.128600
420	185.675676	186.486486	D#4	63	80	0	2	-4.412763
421	186.486486	188.108108	F#4	63	80	0	4	-2.758588
422	186.486486	187.297297	F#4	63	80	0	4	-4.784491
423	187.297297	188.108108	A#3	90	80	0	1	-2.969918
424	187.297297	188.108108	C#4	90	80	0	2	-2.525967
425	188.918919	190.540541	F4	90	80	0	3	-4.453766
426	188.918919	190.540541	A4	90	80	0	5	-2.681011
427	190.540541	192.162162	E4	90	80	0	2	-3.071676
428	190.540541	192.162162	G#4	90	80	0	4	-3.522723
429	192.162162	193.783784	F4	90	80	0	2	-4.043146
430	192.162162	193.783784	A4	90	80	0	3	-3.012122
431	193.783784	194.594595	E4	90	80	0	1	-2.905888
432	193.783784	194.594595	G#4	90	80	0	2	-3.275273
433	194.594595	195.405405	C5	63	80	0	3	-4.453766
434	195.405405	196.216216	F5	63	80	0	5	-3.128600
435	196.216216	197.027027	A4	63	80	0	1	-2.845304
436	196.216216	197.837838	E5	63	80	0	3	-3.751952
437	197.027027	197.837838	B4	63	80	0	1	-2.905888
438	197.837838	198.648649	C5	63	80	0	2	-2.867384
439	198.648649	199.459459	F5	63	80	0	4	-2.909306
440	199.459459	200.270270	A4	63	80	0	1	-2.969918
441	199.459459	201.081081	E5	63	80	0	4	-4.054949
442	200.270270	201.081081	B4	63	80	0	2	-3.266530
443	201.081081	202.702703	A4	63	80	0	1	-2.609267
444	201.081081	201.891892	A4	63	80	0	3	-5.268790
445	201.891892	202.702703	C#4	90	80	0	1	-4.449629
446	201.891892	202.702703	E4	90	80	0	2	-3.493146
447	202.702703	203.108108	F4	63	80	0	3	-2.675961
448	203.108108	203.513514	E4	63	80	0	2	-2.287533
449	203.513514	204.324324	C4	63	80	0	1	-3.157580
450	204.324324	205.135135	D-4	63	80	0	2	-3.900292
451	205.135135	205.945946	F#4	63	80	0	4	-2.909306
452	205.945946	206.756757	D-4	63	80	0	2	-3.266530
453	206.756757	207.567568	A3	63	80	0	1	-4.134704
454	207.567568	210.000000	E4	63	80	0	3	-3.751952
455	210.000000	211.621622	A4	63	80	0	5	-3.128600
456	211.621622	212.432432	D#4	63	80	0	2	-4.412763
457	212.432432	214.054054	F#4	63	80	0	4	-2.758588
458	212.432432	213.243243	F#4	63	80	0	4	-4.784491
459	213.243243	214.054054	A#3	90	80	0	1	-2.969918
460	213.243243	214.054054	C#4	90	80	0	2	-2.525967
461	214.864865	216.486486	F4	90	80	0	3	-4.453766
462	214.864865	216.486486	A4	90	80	0	5	-2.681011
463	216.486486	218.108108	E4	90	80	0	2	-3.071676
464	216.486486	218.108108	G#4	90	80	0	4	-3.522723
465	218.108108	219.729730	F4	90	80	0	2	-4.043146
466	218.108108	219.729730	A4	90	80	0	3	-3.012122
467	219.729730	220.540541	E4	90	80	0	1	-2.905888
468	219.729730	220.540541	G#4	90	80	0	1	-7.395652
469	220.540541	220.945946	C#5	63	80	0	2	-2.963617
470	220.945946	221.351351	F#5	63	80	0	4	-2.909306
471	221.351351	222.162162	G#5	63	80	0	5	-2.706622
472	222.162162	222.567568	A4	63	80	0	1	-3.885272
473	222.567568	222.972973	B4	63	80	0	2	-2.867384
474	222.972973	223.783784	D#5	63	80	0	4	-3.522723
475	223.783784	224.189189	G#4	63	80	0	3	-6.296664
476	224.189189	224.594595	F4	63	80	0	2	-3.286699
477	224.594595	225.405405	C4	63	80	0	1	-3.434905
478	225.405405	226.216216	D4	63	80	0	2	-2.867384
479	226.216216	227.027027	E4	63	80	0	1	-5.369497
480	227.027027	227.432432	G5	81	80	0	5	-6.268865
481	227.432432	227.837838	F5	81	80	0	4	-2.814339
482	227.837838	228.648649	G4	81	80	0	1	-3.549056
483	228.648649	228.918919	B-5	81	80	0	5	-6.659694
484	228.918919	229.189189	B-4	81	80	0	1	-1.922714
485	229.189189	229.459459	B-5	81	80	0	5	-2.242366
486	229.459459	230.270270	E5	81	80	0	3	-6.003674
487	230.270270	231.891892	F5	81	80	0	4	-2.883688
488	231.891892	232.702703	E5	81	80	0	3	-2.238713
489	232.702703	233.108108	C#5	81	80	0	2	-3.032881
490	233.108108	233.513514	A5	81	80	0	5	-3.857051
491	246.486486	247.297297	C5	81	80	0	1	-2.845304
492	246.486486	248.108108	G#5	81	80	0	5	-4.305381
493	247.297297	248.108108	D#5	81	80	0	2	-3.071676
494	248.108108	248.918919	E5	81	80	0	3	-3.686981
495	248.918919	249.729730	C#5	90	80	0	2	-3.032881
496	248.918919	249.729730	A5	90	80	0	5	-3.857051
497	249.729730	250.540541	C5	81	80	0	1	-2.845304
498	249.729730	251.351351	G#5	81	80	0	4	-4.298356
499	250.540541	251.351351	D#5	81	80	0	1	-3.216633
500	251.351351	252.162162	C#5	81	80	0	3	-4.737465
501	252.162162	252.972973	F4	90	80	0	1	-4.449629
502	252.162162	252.972973	A-4	90	80	0	2	-3.246278
503	252.972973	253.378378	C5	81	80	0	4	-3.927704
504	253.378378	253.783784	E-5	81	80	0	5	-4.070264
505	253.783784	254.594595	G4	81	80	0	1	-3.738292
506	254.594595	256.216216	G-4	81	80	0	2	-4.284147
507	256.216216	256.621622	F4	81	80	0	1	-3.290753
508	256.621622	257.027027	G4	81	80	0	2	-2.867384
509	257.027027	257.837838	A-4	81	80	0	3	-3.190537
510	257.837838	259.459459	E4	81	80	0	1	-3.996553
511	259.459459	261.891892	C5	63	80	0	3	-4.659051
512	261.891892	263.513514	F5	63	80	0	5	-3.128600
513	263.513514	264.324324	B4	63	80	0	2	-3.263552
514	264.324324	265.945946	D5	63	80	0	4	-2.758588
515	264.324324	265.135135	D5	63	80	0	4	-4.784491
516	265.135135	265.945946	F#4	90	80	0	1	-3.577835
517	265.135135	265.945946	A4	90	80	0	2	-3.493146
518	291.891892	292.320463	B4	63	80	0	3	-2.675961
519	292.320463	292.749035	A4	63	80	0	2	-2.287533
520	292.749035	293.606178	E4	63	80	0	1	-3.434905
521	293.606178	294.463320	F#4	63	80	0	2	-3.246278
522	294.463320	295.320463	C5	63	80	0	5	-4.764150
523	295.320463	296.177606	A4	63	80	0	3	-3.509161
524	296.177606	297.034749	D4	63	80	0	1	-3.310457
525	297.034749	297.891892	C5	63	80	0	5	-4.284649
526	297.891892	298.320463	G4	63	80	0	2	-3.071676
527	298.320463	298.749035	A4	63	80	0	3	-2.675961
528	298.749035	299.686535	D5	63	80	0	5	-3.128600
529	299.686535	300.624035	E4	90	80	0	1	-3.027253
530	299.686535	300.624035	C5	90	80	0	5	-3.707830
531	300.624035	301.561535	B4	63	80	0	4	-2.814339
532	301.561535	302.499035	D4	90	80	0	1	-2.969918
533	301.561535	302.499035	G4	90	80	0	4	-4.278061
534	302.499035	303.499035	E-4	63	80	0	2	-3.901124
535	303.499035	304.499035	A4	63	80	0	5	-4.764150
536	304.499035	305.499035	G4	63	80	0	4	-2.814339
537	305.499035	306.499035	G3	90	80	0	1	-3.627794
538	305.499035	306.499035	B3	90	80	0	2	-2.525967
539	306.499035	308.499035	F#3	90	80	0	1	-3.898407
540	306.499035	308.499035	A3	90	80	0	2	-3.493146
541	308.499035	310.499035	C4	63	80	0	4	-2.758588
542	310.499035	312.499035	E4	63	80	0	1	-6.131546
543	312.499035	314.499035	B4	63	80	0	3	-3.751952
544	314.499035	324.099035	G4	90	80	0	1	-3.281335
545	314.499035	324.099035	B4	90	80	0	2	-2.525967
546	314.499035	324.099035	G5	90	80	0	5	-3.767315
