//Version: PianoFingering_v170101
1	0.000000	0.500000	D5	63	80	0	3	-1.701607
2	0.000000	0.500000	B2	63	80	1	-5	-0.504576
3	0.500000	0.666667	D5	63	80	0	3	-4.378151
4	0.500000	1.000000	F#3	90	80	1	-3	-5.375180
5	0.500000	1.000000	D4	90	80	1	-1	-3.687814
6	0.666667	0.833333	E5	63	80	0	4	-2.883688
7	0.833333	1.000000	D5	63	80	0	3	-2.238713
8	1.000000	1.500000	C#5	63	80	0	2	-3.151465
9	1.000000	1.500000	F#3	90	80	1	-4	-4.339145
10	1.000000	1.500000	D4	90	80	1	-1	-3.887622
11	1.500000	2.000000	B4	63	80	0	1	-3.360143
12	1.500000	2.000000	F#2	63	80	1	-5	-6.587391
13	2.000000	2.250000	A#4	63	80	0	2	-4.284147
14	2.000000	2.500000	F#3	90	80	1	-4	-4.924626
15	2.000000	2.500000	A#3	90	80	1	-2	-2.359478
16	2.000000	2.500000	E4	90	80	1	-1	-4.366821
17	2.250000	2.500000	G4	90	80	0	1	-3.360143
18	2.250000	2.500000	G5	90	80	0	5	-2.242366
19	2.500000	3.500000	F#4	90	80	0	1	-4.270482
20	2.500000	3.500000	F#5	90	80	0	5	-2.242366
21	2.500000	3.000000	F#3	90	80	1	-4	-4.497131
22	2.500000	3.000000	A#3	90	80	1	-2	-2.359478
23	2.500000	3.000000	E4	90	80	1	-1	-4.366821
24	3.000000	3.500000	B2	126	80	1	-5	-3.781310
25	3.500000	3.666667	D5	126	80	0	3	-4.396088
26	3.500000	4.000000	F#3	90	80	1	-3	-5.375180
27	3.500000	4.000000	D4	90	80	1	-1	-3.687814
28	3.666667	3.833333	E5	126	80	0	4	-2.883688
29	3.833333	4.000000	D5	126	80	0	3	-2.238713
30	4.000000	4.500000	C#5	126	80	0	2	-3.151465
31	4.000000	4.500000	F#3	90	80	1	-4	-4.339145
32	4.000000	4.500000	D4	90	80	1	-1	-3.887622
33	4.500000	5.000000	B4	126	80	0	1	-3.360143
34	4.500000	5.000000	F#2	126	80	1	-5	-6.587391
35	5.000000	5.250000	A4	127	80	0	3	-4.737465
36	5.000000	5.500000	F#3	90	80	1	-4	-4.924626
37	5.000000	5.500000	A3	90	80	1	-2	-3.571868
38	5.000000	5.500000	C#4	90	80	1	-1	-3.194227
39	5.250000	5.500000	G#4	127	80	0	2	-3.151465
40	5.500000	6.000000	F#4	127	80	0	1	-2.609267
41	5.500000	6.000000	F#3	90	80	1	-3	-4.266477
42	5.500000	6.000000	A3	90	80	1	-2	-2.872099
43	5.500000	6.000000	C#4	90	80	1	-1	-3.194227
44	6.000000	6.500000	G2	63	80	1	-5	-7.040401
45	6.500000	6.666667	B4	63	80	0	2	-3.465862
46	6.500000	7.000000	D3	90	80	1	-3	-3.416097
47	6.500000	7.000000	B3	90	80	1	-1	-4.439870
48	6.666667	6.833333	C#5	63	80	0	4	-4.064995
49	6.833333	7.000000	B4	63	80	0	3	-3.914844
50	7.000000	7.500000	A4	63	80	0	2	-2.287533
51	7.000000	7.500000	D3	90	80	1	-5	-3.730225
52	7.000000	7.500000	B3	90	80	1	-1	-4.009362
53	7.500000	8.000000	G4	63	80	0	1	-2.609267
54	7.500000	8.000000	D2	63	80	1	-5	-5.860818
55	8.000000	8.250000	F#4	63	80	0	2	-4.284147
56	8.000000	8.500000	D3	90	80	1	-4	-4.924626
57	8.000000	8.500000	A3	90	80	1	-1	-2.959487
58	8.250000	8.500000	E4	90	80	0	1	-3.360143
59	8.250000	8.500000	E5	90	80	0	5	-2.242366
60	8.500000	9.500000	D4	90	80	0	1	-3.460971
61	8.500000	9.500000	D5	90	80	0	5	-2.242366
62	8.500000	9.000000	D3	90	80	1	-4	-3.752799
63	8.500000	9.000000	A3	90	80	1	-1	-2.959487
64	9.000000	9.500000	E2	126	80	1	-5	-3.781310
65	9.500000	9.666667	G4	126	80	0	1	-3.425130
66	9.500000	10.000000	B2	90	80	1	-3	-3.416097
67	9.500000	10.000000	C#3	90	80	1	-2	-3.407298
68	9.500000	10.000000	G3	90	80	1	-1	-4.366821
69	9.666667	9.833333	A4	126	80	0	2	-2.867384
70	9.833333	10.000000	G4	126	80	0	1	-2.609267
71	10.000000	10.500000	F#4	126	80	0	3	-4.859211
72	10.000000	10.500000	F#2	126	80	1	-5	-4.553252
73	10.000000	10.500000	A#2	90	80	1	-3	-3.170876
74	10.000000	10.500000	E3	90	80	1	-1	-4.001517
75	10.500000	11.000000	E4	126	80	0	2	-3.286699
76	10.500000	11.500000	B1	126	80	1	-5	-3.781310
77	11.000000	11.250000	D4	127	80	0	1	-2.609267
78	11.000000	11.500000	F#2	90	80	1	-3	-5.375180
79	11.000000	11.500000	D3	90	80	1	-1	-3.687814
80	11.250000	11.500000	C#4	127	80	0	2	-4.284147
81	11.500000	12.000000	B3	127	80	0	1	-3.360143
82	12.000000	12.500000	B2	63	80	1	-5	-6.372304
83	12.250000	12.500000	D5	126	80	0	4	-6.950685
84	12.500000	12.666667	D5	63	80	0	3	-5.185589
85	12.500000	13.000000	F#3	90	80	1	-3	-5.375180
86	12.500000	13.000000	D4	90	80	1	-1	-3.687814
87	12.666667	12.833333	E5	63	80	0	4	-2.883688
88	12.833333	13.000000	D5	63	80	0	3	-2.238713
89	13.000000	13.500000	C#5	63	80	0	2	-3.151465
90	13.000000	13.500000	F#3	90	80	1	-4	-4.339145
91	13.000000	13.500000	D4	90	80	1	-1	-3.887622
92	13.500000	14.000000	B4	63	80	0	1	-3.360143
93	13.500000	14.000000	F#2	63	80	1	-5	-6.587391
94	14.000000	14.250000	A#4	63	80	0	2	-4.284147
95	14.000000	14.500000	F#3	90	80	1	-4	-4.924626
96	14.000000	14.500000	A#3	90	80	1	-2	-2.359478
97	14.000000	14.500000	E4	90	80	1	-1	-4.366821
98	14.375000	14.500000	G4	90	80	0	1	-3.360143
99	14.375000	14.500000	G5	90	80	0	5	-2.242366
100	14.500000	15.500000	F#4	90	80	0	1	-4.270482
101	14.500000	15.500000	F#5	90	80	0	5	-2.242366
102	14.500000	15.000000	F#3	90	80	1	-4	-4.497131
103	14.500000	15.000000	A#3	90	80	1	-2	-2.359478
104	14.500000	15.000000	E4	90	80	1	-1	-4.366821
105	15.000000	15.500000	B2	126	80	1	-5	-3.781310
106	15.500000	15.666667	D5	126	80	0	3	-4.396088
107	15.500000	16.000000	F#3	90	80	1	-3	-5.375180
108	15.500000	16.000000	D4	90	80	1	-1	-3.687814
109	15.666667	15.833333	E5	126	80	0	4	-2.883688
110	15.833333	16.000000	D5	126	80	0	3	-2.238713
111	16.000000	16.500000	C#5	126	80	0	2	-3.151465
112	16.000000	16.500000	F#3	90	80	1	-4	-4.339145
113	16.000000	16.500000	D4	90	80	1	-1	-3.887622
114	16.500000	17.000000	B4	126	80	0	1	-3.360143
115	16.500000	17.000000	F#2	126	80	1	-5	-6.587391
116	17.000000	17.250000	A4	127	80	0	3	-4.737465
117	17.000000	17.500000	F#3	90	80	1	-4	-4.924626
118	17.000000	17.500000	A3	90	80	1	-2	-3.571868
119	17.000000	17.500000	C#4	90	80	1	-1	-3.194227
120	17.375000	17.500000	G#4	127	80	0	2	-3.151465
121	17.500000	18.000000	F#4	127	80	0	1	-2.609267
122	17.500000	18.000000	F#3	90	80	1	-3	-4.266477
123	17.500000	18.000000	A3	90	80	1	-2	-2.872099
124	17.500000	18.000000	C#4	90	80	1	-1	-3.194227
125	18.000000	18.500000	G2	63	80	1	-5	-7.040401
126	18.500000	18.666667	B4	63	80	0	2	-3.465862
127	18.500000	19.000000	D3	90	80	1	-3	-3.416097
128	18.500000	19.000000	B3	90	80	1	-1	-4.439870
129	18.666667	18.833333	C#5	63	80	0	4	-4.064995
130	18.833333	19.000000	B4	63	80	0	3	-3.914844
131	19.000000	19.500000	A4	63	80	0	2	-2.287533
132	19.000000	19.500000	D3	90	80	1	-5	-3.730225
133	19.000000	19.500000	B3	90	80	1	-1	-4.009362
134	19.500000	20.000000	G4	63	80	0	1	-2.609267
135	19.500000	20.000000	D2	63	80	1	-5	-5.860818
136	20.000000	20.250000	F#4	63	80	0	2	-4.284147
137	20.000000	20.500000	D3	90	80	1	-4	-4.924626
138	20.000000	20.500000	A3	90	80	1	-1	-2.959487
139	20.375000	20.500000	E4	90	80	0	1	-3.360143
140	20.375000	20.500000	E5	90	80	0	5	-2.242366
141	20.500000	21.500000	D4	90	80	0	1	-3.460971
142	20.500000	21.500000	D5	90	80	0	5	-2.242366
143	20.500000	21.000000	D3	90	80	1	-4	-3.752799
144	20.500000	21.000000	A3	90	80	1	-1	-2.959487
145	21.000000	21.500000	E2	126	80	1	-5	-3.781310
146	21.500000	21.666667	G4	126	80	0	1	-3.425130
147	21.500000	22.000000	B2	90	80	1	-3	-3.416097
148	21.500000	22.000000	C#3	90	80	1	-2	-3.407298
149	21.500000	22.000000	G3	90	80	1	-1	-4.366821
150	21.666667	21.833333	A4	126	80	0	2	-2.867384
151	21.833333	22.000000	G4	126	80	0	1	-2.609267
152	22.000000	22.500000	F#4	126	80	0	3	-4.859211
153	22.000000	22.500000	F#2	126	80	1	-5	-4.553252
154	22.000000	22.500000	A#2	90	80	1	-3	-3.170876
155	22.000000	22.500000	E3	90	80	1	-1	-4.001517
156	22.500000	23.000000	E4	126	80	0	2	-3.286699
157	22.500000	23.500000	B1	126	80	1	-5	-3.781310
158	23.000000	23.250000	D4	126	80	0	1	-2.609267
159	23.000000	23.500000	F#2	90	80	1	-3	-5.375180
160	23.000000	23.500000	D3	90	80	1	-1	-3.687814
161	23.375000	23.500000	C#4	126	80	0	2	-4.284147
162	23.500000	24.000000	B3	126	80	0	1	-3.360143
163	24.000000	24.500000	F#4	76	80	0	3	-5.042408
164	24.000000	24.500000	C#2	63	80	1	-5	-4.553252
165	24.500000	24.750000	E#4	63	80	0	2	-2.803601
166	24.500000	25.000000	C#3	90	80	1	-4	-4.924626
167	24.500000	25.000000	F#3	90	80	1	-2	-2.507290
168	24.500000	25.000000	B3	90	80	1	-1	-3.262923
169	24.750000	25.000000	F#4	63	80	0	3	-3.190537
170	25.000000	25.500000	D4	63	80	0	1	-3.996553
171	25.000000	25.500000	G#4	63	80	0	4	-4.926369
172	25.000000	25.500000	C#3	90	80	1	-4	-4.497131
173	25.000000	25.500000	E#3	90	80	1	-2	-2.871001
174	25.000000	25.500000	B3	90	80	1	-1	-2.320150
175	25.500000	26.500000	C#4	63	80	0	1	-2.857522
176	25.500000	25.750000	A4	63	80	0	5	-4.655217
177	25.500000	26.000000	F#2	63	80	1	-5	-5.753604
178	25.750000	26.000000	G#4	63	80	0	4	-3.640665
179	26.000000	26.250000	F#4	63	80	0	3	-2.238713
180	26.000000	26.500000	F#3	90	80	1	-2	-5.035265
181	26.000000	26.500000	A3	90	80	1	-1	-2.464298
182	26.250000	26.500000	G#4	63	80	0	4	-2.883688
183	26.500000	27.000000	C#4	63	80	0	1	-2.857522
184	26.500000	27.000000	A4	63	80	0	5	-4.655217
185	26.500000	27.000000	F3	90	80	1	-2	-3.291596
186	26.500000	27.000000	A3	90	80	1	-1	-2.415329
187	27.000000	27.500000	D#4	63	80	0	2	-4.412763
188	27.000000	27.250000	B4	63	80	0	5	-3.857051
189	27.000000	27.500000	E3	90	80	1	-3	-3.831713
190	27.000000	27.500000	B3	90	80	1	-1	-3.342645
191	27.250000	27.500000	A4	63	80	0	4	-2.814339
192	27.500000	28.000000	E4	63	80	0	1	-3.216633
193	27.500000	27.750000	G#4	63	80	0	2	-3.275273
194	27.500000	28.000000	E3	90	80	1	-4	-3.752799
195	27.500000	28.000000	A3	90	80	1	-2	-2.507290
196	27.500000	28.000000	D4	90	80	1	-1	-2.320150
197	27.750000	28.000000	A4	63	80	0	3	-3.686981
198	28.000000	28.500000	F4	63	80	0	2	-3.674662
199	28.000000	28.500000	B4	63	80	0	4	-2.909306
200	28.000000	28.500000	E3	90	80	1	-5	-3.181034
201	28.000000	28.500000	G#3	90	80	1	-3	-3.351805
202	28.000000	28.500000	D4	90	80	1	-1	-4.001517
203	28.500000	29.500000	E4	63	80	0	1	-2.857522
204	28.500000	28.750000	C#5	63	80	0	4	-4.568866
205	28.500000	29.000000	A2	63	80	1	-5	-3.781310
206	28.750000	29.000000	B4	63	80	0	3	-3.914844
207	29.000000	29.250000	A4	63	80	0	2	-2.287533
208	29.000000	29.500000	A3	90	80	1	-4	-4.924626
209	29.000000	29.500000	E4	90	80	1	-1	-2.959487
210	29.250000	29.500000	B4	63	80	0	3	-2.675961
211	29.500000	30.000000	A4	63	80	0	2	-2.287533
212	29.500000	30.000000	C#5	63	80	0	4	-3.522723
213	29.500000	30.000000	A3	90	80	1	-4	-3.752799
214	29.500000	30.000000	C#4	90	80	1	-2	-3.159098
215	30.000000	30.500000	F##4	63	80	0	1	-3.845468
216	30.000000	30.250000	D#5	63	80	0	4	-4.298356
217	30.000000	30.500000	G#3	90	80	1	-5	-3.713619
218	30.000000	30.500000	D#4	90	80	1	-2	-2.554480
219	30.250000	30.500000	C#5	63	80	0	3	-2.238713
220	30.500000	31.000000	G#4	63	80	0	1	-2.905888
221	30.500000	30.750000	B#4	63	80	0	2	-3.465862
222	30.500000	31.000000	G#3	90	80	1	-5	-3.155341
223	30.500000	31.000000	C#4	90	80	1	-2	-3.272976
224	30.500000	31.000000	F#4	90	80	1	-1	-2.320150
225	30.750000	31.000000	C#5	63	80	0	3	-3.190537
226	31.000000	31.500000	A4	63	80	0	1	-3.996553
227	31.000000	31.500000	D#5	63	80	0	4	-4.926369
228	31.000000	31.500000	G#3	90	80	1	-5	-3.181034
229	31.000000	31.500000	B#3	90	80	1	-3	-4.118108
230	31.000000	31.500000	F#4	90	80	1	-1	-4.411093
231	31.500000	32.000000	G#4	63	80	0	1	-2.857522
232	31.500000	31.750000	E#5	63	80	0	4	-4.946245
233	31.500000	32.000000	C#3	63	80	1	-5	-3.781310
234	31.750000	32.000000	D#5	63	80	0	3	-3.510496
235	32.000000	32.500000	B4	63	80	0	1	-3.996553
236	32.000000	32.250000	C#5	63	80	0	2	-3.246278
237	32.000000	32.500000	C#4	90	80	1	-4	-4.924626
238	32.000000	32.500000	G#4	90	80	1	-1	-2.959487
239	32.250000	32.500000	D#5	63	80	0	3	-2.675961
240	32.500000	33.000000	B4	90	80	0	1	-3.996553
241	32.500000	33.000000	C#5	90	80	0	2	-3.246278
242	32.500000	33.000000	E#5	63	80	0	4	-3.927704
243	32.500000	33.000000	C#4	90	80	1	-4	-3.752799
244	32.500000	33.000000	A4	90	80	1	-1	-3.887622
245	33.000000	33.500000	C#5	63	80	0	2	-3.901124
246	33.000000	33.500000	F#5	63	80	0	5	-3.228870
247	33.000000	33.500000	C#4	90	80	1	-4	-4.339145
248	33.000000	33.500000	B4	90	80	1	-1	-4.387723
249	33.250000	33.500000	F#4	63	80	1	-2	-4.444474
250	33.500000	33.750000	G4	63	80	0	1	-3.885272
251	33.500000	33.750000	C#5	90	80	0	2	-5.017340
252	33.500000	33.750000	E#5	90	80	0	4	-3.927704
253	33.500000	34.000000	C#4	90	80	1	-4	-4.045906
254	33.500000	34.000000	E#4	90	80	1	-2	-2.871001
255	33.750000	34.000000	F#5	63	80	0	5	-4.385182
256	34.000000	34.500000	B4	90	80	0	1	-3.738292
257	34.000000	34.500000	C#5	90	80	0	2	-3.246278
258	34.000000	34.500000	G#5	63	80	0	5	-3.528229
259	34.000000	34.500000	C#4	90	80	1	-3	-5.110739
260	34.000000	34.500000	E#4	90	80	1	-1	-3.390615
261	34.500000	35.000000	B4	90	80	0	1	-4.031984
262	34.500000	35.000000	C#5	90	80	0	2	-3.246278
263	34.500000	35.000000	A5	63	80	0	5	-3.857051
264	34.500000	35.000000	F#2	126	80	1	-5	-7.040401
265	35.000000	36.000000	F#5	126	80	0	4	-4.424487
266	35.000000	35.500000	F#3	90	80	1	-5	-5.534856
267	35.000000	35.500000	C#4	90	80	1	-2	-2.554480
268	35.000000	35.500000	F#4	90	80	1	-1	-2.320150
269	35.500000	36.000000	A4	90	80	0	1	-3.493957
270	35.500000	36.000000	C#5	90	80	0	4	-5.030123
271	35.500000	36.000000	D3	126	80	1	-5	-5.345987
272	35.500000	36.500000	G#3	126	80	1	-2	-5.232676
273	36.000000	36.500000	B#3	126	80	0	1	-5.889308
274	36.000000	36.500000	F#4	127	80	0	3	-5.112123
275	36.000000	36.500000	C#3	63	80	1	-5	-3.155341
276	36.500000	36.750000	E#4	63	80	0	2	-2.803601
277	36.500000	37.000000	C#3	90	80	1	-5	-4.242005
278	36.500000	37.000000	F#3	90	80	1	-2	-3.272976
279	36.500000	37.000000	B3	90	80	1	-1	-3.262923
280	36.750000	37.000000	F#4	63	80	0	3	-3.190537
281	37.000000	37.500000	D4	63	80	0	1	-3.996553
282	37.000000	37.500000	G#4	63	80	0	4	-4.926369
283	37.000000	37.500000	C#3	90	80	1	-4	-4.497131
284	37.000000	37.500000	E#3	90	80	1	-2	-2.871001
285	37.000000	37.500000	B3	90	80	1	-1	-2.320150
286	37.500000	38.500000	C#4	63	80	0	1	-2.857522
287	37.500000	37.750000	A4	63	80	0	5	-4.655217
288	37.500000	38.000000	F#2	63	80	1	-5	-5.753604
289	37.750000	38.000000	G#4	63	80	0	4	-3.640665
290	38.000000	38.250000	F#4	63	80	0	3	-2.238713
291	38.000000	38.500000	F#3	90	80	1	-2	-5.035265
292	38.000000	38.500000	A3	90	80	1	-1	-2.464298
293	38.250000	38.500000	G#4	63	80	0	4	-2.883688
294	38.500000	39.000000	C#4	63	80	0	1	-2.857522
295	38.500000	39.000000	A4	63	80	0	5	-4.655217
296	38.500000	39.000000	F3	90	80	1	-2	-3.291596
297	38.500000	39.000000	A3	90	80	1	-1	-2.415329
298	39.000000	39.500000	D#4	63	80	0	2	-4.412763
299	39.000000	39.250000	B4	63	80	0	5	-3.857051
300	39.000000	39.500000	E3	90	80	1	-3	-3.831713
301	39.000000	39.500000	B3	90	80	1	-1	-3.342645
302	39.250000	39.500000	A4	63	80	0	4	-2.814339
303	39.500000	40.000000	E4	63	80	0	1	-3.216633
304	39.500000	39.750000	G#4	63	80	0	2	-3.275273
305	39.500000	40.000000	E3	90	80	1	-4	-3.752799
306	39.500000	40.000000	A3	90	80	1	-2	-2.507290
307	39.500000	40.000000	D4	90	80	1	-1	-2.320150
308	39.750000	40.000000	A4	63	80	0	3	-3.686981
309	40.000000	40.500000	F4	63	80	0	2	-3.674662
310	40.000000	40.500000	B4	63	80	0	4	-2.909306
311	40.000000	40.500000	E3	90	80	1	-5	-3.181034
312	40.000000	40.500000	G#3	90	80	1	-3	-3.351805
313	40.000000	40.500000	D4	90	80	1	-1	-4.001517
314	40.500000	41.500000	E4	63	80	0	1	-2.857522
315	40.500000	40.750000	C#5	63	80	0	4	-4.568866
316	40.500000	41.000000	A2	63	80	1	-5	-3.781310
317	40.750000	41.000000	B4	63	80	0	3	-3.914844
318	41.000000	41.250000	A4	63	80	0	2	-2.287533
319	41.000000	41.500000	A3	90	80	1	-4	-4.924626
320	41.000000	41.500000	E4	90	80	1	-1	-2.959487
321	41.250000	41.500000	B4	63	80	0	3	-2.675961
322	41.500000	42.000000	A4	63	80	0	2	-2.287533
323	41.500000	42.000000	C#5	63	80	0	4	-3.522723
324	41.500000	42.000000	A3	90	80	1	-4	-3.752799
325	41.500000	42.000000	C#4	90	80	1	-2	-3.159098
326	42.000000	42.500000	F##4	63	80	0	1	-3.845468
327	42.000000	42.250000	D#5	63	80	0	4	-4.298356
328	42.000000	42.500000	G#3	90	80	1	-5	-3.713619
329	42.000000	42.500000	D#4	90	80	1	-2	-2.554480
330	42.250000	42.500000	C#5	63	80	0	3	-2.238713
331	42.500000	43.000000	G#4	63	80	0	1	-2.905888
332	42.500000	42.750000	B#4	63	80	0	2	-3.465862
333	42.500000	43.000000	G#3	90	80	1	-5	-3.155341
334	42.500000	43.000000	C#4	90	80	1	-2	-3.272976
335	42.500000	43.000000	F#4	90	80	1	-1	-2.320150
336	42.750000	43.000000	C#5	63	80	0	3	-3.190537
337	43.000000	43.500000	A4	63	80	0	1	-3.996553
338	43.000000	43.500000	D#5	63	80	0	4	-4.926369
339	43.000000	43.500000	G#3	90	80	1	-5	-3.181034
340	43.000000	43.500000	B#3	90	80	1	-3	-4.118108
341	43.000000	43.500000	F#4	90	80	1	-1	-4.411093
342	43.500000	44.000000	G#4	63	80	0	1	-2.857522
343	43.500000	43.750000	E#5	63	80	0	4	-4.946245
344	43.500000	44.000000	C#2	90	80	1	-5	-4.456078
345	43.500000	44.000000	C#3	90	80	1	-1	-1.202832
346	43.750000	44.000000	D#5	63	80	0	3	-3.510496
347	44.000000	44.500000	B4	63	80	0	1	-3.996553
348	44.000000	44.250000	C#5	63	80	0	2	-3.246278
349	44.000000	44.500000	C#4	90	80	1	-5	-6.047974
350	44.000000	44.500000	G#4	90	80	1	-2	-2.554480
351	44.250000	44.500000	D#5	63	80	0	3	-2.675961
352	44.500000	45.000000	B4	90	80	0	1	-3.996553
353	44.500000	45.000000	C#5	90	80	0	2	-3.246278
354	44.500000	45.000000	E#5	63	80	0	4	-3.927704
355	44.500000	45.000000	C#4	90	80	1	-5	-3.155341
356	44.500000	45.000000	A4	90	80	1	-1	-4.813538
357	45.000000	45.500000	C#5	63	80	0	2	-3.901124
358	45.000000	45.500000	F#5	63	80	0	5	-3.228870
359	45.000000	45.375000	C#4	90	80	1	-4	-4.339145
360	45.000000	45.375000	B4	90	80	1	-1	-4.387723
361	45.375000	45.500000	C#4	90	80	1	-4	-4.497131
362	45.375000	45.500000	F#4	90	80	1	-2	-2.507290
363	45.375000	45.500000	B4	90	80	1	-1	-3.262923
364	45.500000	45.875000	G#4	90	80	0	1	-3.027253
365	45.500000	45.875000	C#5	90	80	0	2	-2.963617
366	45.500000	45.875000	E#5	90	80	0	3	-4.453766
367	45.500000	46.000000	C#4	90	80	1	-4	-4.497131
368	45.500000	46.000000	E#4	90	80	1	-2	-2.871001
369	45.500000	46.000000	B4	90	80	1	-1	-2.320150
370	45.875000	46.000000	D5	90	80	0	1	-3.281335
371	45.875000	46.000000	D6	90	80	0	5	-2.242366
372	46.000000	46.500000	C#5	90	80	0	1	-4.270482
373	46.000000	46.500000	C#6	90	80	0	5	-2.242366
374	46.000000	46.500000	C#4	90	80	1	-3	-5.963081
375	46.000000	46.500000	E#4	90	80	1	-1	-3.390615
376	46.500000	47.000000	B4	90	80	0	1	-4.990776
377	46.500000	47.000000	C#5	90	80	0	2	-3.246278
378	46.500000	46.750000	G#5	63	80	0	4	-4.859095
379	46.500000	47.000000	F#2	126	80	1	-5	-7.040401
380	46.750000	47.000000	A5	63	80	0	5	-3.684684
381	47.000000	48.000000	F#5	126	80	0	4	-4.424487
382	47.000000	47.500000	F#3	90	80	1	-5	-5.534856
383	47.000000	47.500000	C#4	90	80	1	-2	-2.554480
384	47.000000	47.500000	F#4	90	80	1	-1	-2.320150
385	47.500000	48.000000	A4	90	80	0	1	-3.493957
386	47.500000	48.000000	C#5	90	80	0	2	-3.275273
387	48.000000	48.500000	F#5	127	80	0	4	-2.909306
388	48.000000	48.500000	B2	63	80	1	-5	-6.196562
389	48.500000	48.750000	F#5	63	80	0	3	-5.185589
390	48.500000	49.000000	F#3	90	80	1	-4	-5.762335
391	48.500000	49.000000	B3	90	80	1	-2	-2.871001
392	48.500000	49.000000	D4	90	80	1	-1	-2.415329
393	48.750000	49.000000	E#5	63	80	0	2	-2.803601
394	49.000000	49.500000	F#5	63	80	0	3	-3.190537
395	49.000000	49.500000	F#3	90	80	1	-4	-4.339145
396	49.000000	49.500000	B3	90	80	1	-2	-2.871001
397	49.000000	49.500000	D4	90	80	1	-1	-2.415329
398	49.500000	50.000000	D5	63	80	0	1	-3.996553
399	49.500000	50.000000	F#2	63	80	1	-5	-6.587391
400	50.000000	50.500000	C#5	63	80	0	2	-4.284147
401	50.000000	50.500000	F#3	90	80	1	-4	-4.924626
402	50.000000	50.500000	A3	90	80	1	-2	-3.571868
403	50.000000	50.500000	C#4	90	80	1	-1	-3.194227
404	50.500000	51.500000	A4	63	80	0	1	-4.134704
405	50.500000	51.000000	F#3	90	80	1	-3	-4.266477
406	50.500000	51.000000	A3	90	80	1	-2	-2.872099
407	50.500000	51.000000	C#4	90	80	1	-1	-3.194227
408	51.000000	51.500000	D3	63	80	1	-5	-4.598096
409	51.500000	51.750000	F#5	63	80	0	3	-5.527385
410	51.500000	52.000000	F#3	90	80	1	-3	-3.351805
411	51.500000	52.000000	A3	90	80	1	-2	-2.872099
412	51.500000	52.000000	D4	90	80	1	-1	-2.320150
413	51.750000	52.000000	E#5	63	80	0	2	-2.803601
414	52.000000	52.500000	F#5	63	80	0	3	-3.190537
415	52.000000	52.500000	F#3	90	80	1	-4	-4.339145
416	52.000000	52.500000	A3	90	80	1	-2	-3.571868
417	52.000000	52.500000	D4	90	80	1	-1	-2.320150
418	52.500000	53.000000	D5	63	80	0	1	-3.996553
419	52.500000	53.000000	A2	63	80	1	-5	-3.781310
420	53.000000	53.500000	C#5	63	80	0	2	-4.284147
421	53.000000	53.500000	E3	90	80	1	-3	-3.416097
422	53.000000	53.500000	A3	90	80	1	-2	-3.936874
423	53.000000	53.500000	C#4	90	80	1	-1	-3.194227
424	53.500000	54.500000	A4	63	80	0	1	-4.134704
425	53.500000	54.000000	E3	90	80	1	-5	-4.087479
426	53.500000	54.000000	A3	90	80	1	-2	-3.272976
427	53.500000	54.000000	C#4	90	80	1	-1	-3.194227
428	54.000000	54.500000	B2	63	80	1	-5	-5.012184
429	54.500000	54.750000	F#5	63	80	0	3	-5.527385
430	54.500000	55.000000	F#3	90	80	1	-4	-5.762335
431	54.500000	55.000000	B3	90	80	1	-2	-2.871001
432	54.500000	55.000000	D4	90	80	1	-1	-2.415329
433	54.750000	55.000000	E#5	63	80	0	2	-2.803601
434	55.000000	55.500000	F#5	63	80	0	3	-3.190537
435	55.000000	55.500000	F#3	90	80	1	-4	-4.339145
436	55.000000	55.500000	B3	90	80	1	-2	-2.871001
437	55.000000	55.500000	D4	90	80	1	-1	-2.415329
438	55.500000	56.000000	D5	63	80	0	1	-3.996553
439	55.500000	56.000000	E3	63	80	1	-5	-3.181034
440	56.000000	56.375000	C#5	63	80	0	2	-4.284147
441	56.000000	56.500000	A3	90	80	1	-3	-3.463793
442	56.000000	56.500000	C#4	90	80	1	-2	-3.749711
443	56.000000	56.500000	E4	90	80	1	-1	-2.464298
444	56.375000	57.203571	A4	63	80	0	1	-4.134704
445	56.500000	57.000000	A3	90	80	1	-4	-3.752799
446	56.500000	57.000000	C#4	90	80	1	-2	-3.159098
447	56.500000	57.000000	E4	90	80	1	-1	-2.464298
448	56.989286	57.203571	G#4	63	80	0	2	-4.284147
449	57.000000	57.500000	B2	63	80	1	-5	-3.781310
450	57.203571	57.380042	F#5	63	80	0	5	-6.184352
451	57.380042	57.556513	E#5	63	80	0	4	-4.300502
452	57.500000	58.000000	E3	90	80	1	-3	-3.463793
453	57.500000	58.000000	G#3	90	80	1	-2	-3.749711
454	57.500000	58.000000	D4	90	80	1	-1	-4.366821
455	57.556513	57.909454	F#5	63	80	0	5	-4.385182
456	57.909454	58.262395	D5	63	80	0	3	-4.396088
457	58.000000	58.500000	E3	90	80	1	-5	-3.181034
458	58.000000	58.500000	G#3	90	80	1	-3	-3.351805
459	58.000000	58.500000	D4	90	80	1	-1	-4.001517
460	58.262395	58.615336	C#5	63	80	0	2	-3.151465
461	58.500000	59.000000	A2	63	80	1	-5	-3.781310
462	58.615336	59.321218	A4	63	80	0	1	-4.134704
463	59.000000	59.500000	E3	90	80	1	-3	-3.416097
464	59.000000	59.500000	A3	90	80	1	-2	-3.936874
465	59.000000	59.500000	C#4	90	80	1	-1	-3.194227
466	59.321218	59.497689	F#5	63	80	0	3	-5.527385
467	59.497689	59.674160	E#5	63	80	0	2	-2.803601
468	59.500000	60.000000	F#3	90	80	1	-4	-3.752799
469	59.500000	60.000000	C#4	90	80	1	-1	-2.959487
470	59.674160	60.027101	F#5	63	80	0	3	-3.190537
471	60.000000	60.500000	B2	63	80	1	-5	-5.012184
472	60.027101	60.380042	D5	63	80	0	1	-3.996553
473	60.380042	60.732983	C#5	63	80	0	2	-4.284147
474	60.500000	61.000000	F#3	90	80	1	-4	-5.762335
475	60.500000	61.000000	B3	90	80	1	-2	-2.871001
476	60.500000	61.000000	D4	90	80	1	-1	-2.415329
477	60.732983	61.438866	A4	63	80	0	1	-4.134704
478	61.000000	61.500000	F#3	90	80	1	-4	-4.339145
479	61.000000	61.500000	B3	90	80	1	-2	-2.871001
480	61.000000	61.500000	D4	90	80	1	-1	-2.415329
481	61.438866	61.615336	F#5	63	80	0	3	-5.527385
482	61.500000	62.000000	F#2	63	80	1	-5	-6.587391
483	61.615336	61.791807	E#5	63	80	0	2	-2.803601
484	61.791807	62.144748	F#5	63	80	0	3	-3.190537
485	62.000000	62.500000	F#3	90	80	1	-4	-4.924626
486	62.000000	62.500000	A3	90	80	1	-2	-3.571868
487	62.000000	62.500000	C#4	90	80	1	-1	-3.194227
488	62.144748	62.497689	D5	63	80	0	1	-3.996553
489	62.497689	62.850630	C#5	63	80	0	2	-4.284147
490	62.500000	63.000000	F#3	90	80	1	-3	-4.266477
491	62.500000	63.000000	A3	90	80	1	-2	-2.872099
492	62.500000	63.000000	C#4	90	80	1	-1	-3.194227
493	62.850630	63.556513	A4	63	80	0	1	-4.134704
494	63.000000	63.500000	D3	63	80	1	-5	-4.598096
495	63.500000	64.000000	F#3	90	80	1	-3	-3.351805
496	63.500000	64.000000	A3	90	80	1	-2	-2.872099
497	63.500000	64.000000	D4	90	80	1	-1	-2.320150
498	63.556513	63.732983	F#5	63	80	0	3	-5.527385
499	63.732983	63.909454	E#5	63	80	0	2	-2.803601
500	63.909454	64.262395	F#5	63	80	0	3	-3.190537
501	64.000000	64.500000	F#3	90	80	1	-4	-4.339145
502	64.000000	64.500000	A3	90	80	1	-2	-3.571868
503	64.000000	64.500000	D4	90	80	1	-1	-2.320150
504	64.262395	64.615336	D5	63	80	0	1	-3.996553
505	64.500000	65.000000	A2	63	80	1	-5	-3.781310
506	64.615336	64.990336	C#5	63	80	0	2	-4.284147
507	64.990336	65.818908	A4	63	80	0	1	-4.134704
508	65.000000	65.500000	E3	90	80	1	-3	-3.416097
509	65.000000	65.500000	A3	90	80	1	-2	-3.936874
510	65.000000	65.500000	C#4	90	80	1	-1	-3.194227
511	65.500000	66.000000	E3	90	80	1	-5	-4.087479
512	65.500000	66.000000	A3	90	80	1	-2	-3.272976
513	65.500000	66.000000	C#4	90	80	1	-1	-3.194227
514	65.604622	65.818908	G#4	63	80	0	2	-4.284147
515	65.818908	65.995378	F#5	63	80	0	3	-8.476926
516	65.995378	66.171849	E#5	63	80	0	2	-2.803601
517	66.000000	66.500000	B2	63	80	1	-5	-5.012184
518	66.171849	66.524790	F#5	63	80	0	3	-3.190537
519	66.500000	67.000000	F#3	90	80	1	-4	-5.762335
520	66.500000	67.000000	B3	90	80	1	-2	-2.871001
521	66.500000	67.000000	D4	90	80	1	-1	-2.415329
522	66.524790	66.877731	D5	63	80	0	1	-3.996553
523	66.877731	67.230672	C#5	63	80	0	3	-4.859211
524	67.000000	67.500000	F#3	90	80	1	-4	-4.339145
525	67.000000	67.500000	B3	90	80	1	-2	-2.871001
526	67.000000	67.500000	D4	90	80	1	-1	-2.415329
527	67.230672	67.583613	A4	63	80	0	2	-5.037433
528	67.500000	68.000000	E3	63	80	1	-5	-3.181034
529	67.583613	68.289496	D4	63	80	0	1	-4.740672
530	67.583613	67.936555	F#4	63	80	0	3	-3.998423
531	67.936555	68.113025	E#4	63	80	0	2	-2.803601
532	68.000000	68.500000	A3	90	80	1	-3	-3.463793
533	68.000000	68.500000	C#4	90	80	1	-2	-3.749711
534	68.000000	68.500000	E4	90	80	1	-1	-2.464298
535	68.113025	68.289496	F#4	63	80	0	3	-3.190537
536	68.289496	68.642437	D4	63	80	0	1	-3.996553
537	68.289496	68.642437	G#4	63	80	0	4	-4.926369
538	68.500000	69.000000	A3	90	80	1	-4	-3.752799
539	68.500000	69.000000	C#4	90	80	1	-2	-3.159098
540	68.500000	69.000000	E4	90	80	1	-1	-2.464298
541	68.642437	69.348319	C#4	63	80	0	1	-2.857522
542	68.642437	68.818908	A4	63	80	0	5	-4.655217
543	68.818908	68.995378	G#4	63	80	0	4	-3.640665
544	68.995378	69.171849	F#4	63	80	0	3	-2.238713
545	69.000000	69.500000	E2	63	80	1	-5	-5.451251
546	69.171849	69.348319	G#4	63	80	0	4	-2.883688
547	69.348319	69.701261	C#4	63	80	0	1	-2.857522
548	69.348319	69.701261	A4	63	80	0	5	-4.655217
549	69.500000	70.000000	E3	90	80	1	-4	-4.924626
550	69.500000	70.000000	G#3	90	80	1	-2	-3.159098
551	69.500000	70.000000	D4	90	80	1	-1	-4.366821
552	69.701261	70.054202	D#4	63	80	0	2	-4.412763
553	69.701261	69.877731	B4	63	80	0	5	-3.857051
554	69.877731	70.054202	A4	63	80	0	4	-2.814339
555	70.000000	70.500000	E3	90	80	1	-5	-3.181034
556	70.000000	70.500000	G#3	90	80	1	-3	-3.351805
557	70.000000	70.500000	D4	90	80	1	-1	-4.001517
558	70.054202	70.407143	E4	63	80	0	1	-3.216633
559	70.054202	70.230672	G#4	63	80	0	2	-3.275273
560	70.230672	70.407143	A4	63	80	0	3	-3.686981
561	70.407143	70.760084	F4	63	80	0	2	-3.674662
562	70.407143	70.760084	B4	63	80	0	4	-2.909306
563	70.500000	71.000000	A2	63	80	1	-5	-3.781310
564	70.760084	71.465966	E4	63	80	0	1	-2.857522
565	70.760084	70.936555	C#5	63	80	0	4	-4.568866
566	70.936555	71.113025	B4	63	80	0	3	-3.914844
567	71.000000	71.500000	A3	90	80	1	-2	-5.035265
568	71.000000	71.500000	C#4	90	80	1	-1	-3.194227
569	71.113025	71.289496	A4	63	80	0	2	-2.287533
570	71.289496	71.465966	B4	63	80	0	3	-2.675961
571	71.465966	71.818908	A4	63	80	0	2	-2.287533
572	71.465966	71.818908	C#5	63	80	0	4	-3.522723
573	71.500000	72.000000	B2	63	80	1	-5	-5.012184
574	71.500000	72.000000	F#3	90	80	1	-2	-4.281723
575	71.500000	72.000000	B3	90	80	1	-1	-3.262923
576	71.818908	72.171849	F##4	63	80	0	1	-3.845468
577	71.818908	71.995378	D#5	63	80	0	4	-4.298356
578	71.995378	72.171849	C#5	63	80	0	3	-2.238713
579	72.000000	72.500000	C#3	63	80	1	-5	-4.114892
580	72.171849	72.524790	G#4	63	80	0	1	-2.905888
581	72.171849	72.348319	B#4	63	80	0	2	-3.465862
582	72.348319	72.524790	C#5	63	80	0	3	-3.190537
583	72.500000	73.000000	C#3	90	80	1	-5	-4.242005
584	72.500000	73.000000	F#3	90	80	1	-2	-3.272976
585	72.500000	73.000000	B3	90	80	1	-1	-3.262923
586	72.524790	72.877731	A4	63	80	0	1	-3.996553
587	72.524790	72.877731	D#5	63	80	0	4	-4.926369
588	72.877731	73.230672	G#4	63	80	0	1	-2.857522
589	72.877731	73.054202	E#5	63	80	0	4	-4.946245
590	73.000000	73.500000	C#3	90	80	1	-4	-4.497131
591	73.000000	73.500000	E#3	90	80	1	-2	-2.871001
592	73.000000	73.500000	B3	90	80	1	-1	-2.320150
593	73.054202	73.230672	D#5	63	80	0	3	-3.510496
594	73.230672	73.583613	B4	63	80	0	1	-3.996553
595	73.230672	73.407143	C#5	63	80	0	2	-3.246278
596	73.407143	73.583613	D#5	63	80	0	3	-2.675961
597	73.500000	74.000000	F#2	63	80	1	-5	-5.753604
598	73.583613	73.936555	B4	90	80	0	1	-3.996553
599	73.583613	73.936555	C#5	90	80	0	2	-3.246278
600	73.583613	73.936555	E#5	63	80	0	4	-3.927704
601	73.936555	74.289496	C#5	63	80	0	2	-3.901124
602	73.936555	74.289496	F#5	63	80	0	5	-3.228870
603	74.000000	74.500000	F#3	90	80	1	-2	-5.035265
604	74.000000	74.500000	A3	90	80	1	-1	-2.464298
605	74.289496	74.465966	G4	63	80	0	1	-3.885272
606	74.289496	74.465966	C#5	90	80	0	2	-5.017340
607	74.289496	74.465966	E#5	90	80	0	4	-3.927704
608	74.465966	74.642437	F#5	63	80	0	5	-4.385182
609	74.500000	75.000000	F3	90	80	1	-2	-3.291596
610	74.500000	75.000000	A3	90	80	1	-1	-2.415329
611	74.642437	74.995378	B4	90	80	0	1	-3.738292
612	74.642437	74.995378	C#5	90	80	0	2	-3.246278
613	74.642437	74.995378	G#5	63	80	0	5	-3.528229
614	74.995378	75.348319	B4	90	80	0	1	-4.031984
615	74.995378	75.348319	C#5	90	80	0	2	-3.246278
616	74.995378	75.348319	A5	63	80	0	5	-3.857051
617	75.000000	75.500000	E3	90	80	1	-3	-3.831713
618	75.000000	75.500000	B3	90	80	1	-1	-3.342645
619	75.348319	76.054202	F#5	126	80	0	4	-4.424487
620	75.500000	76.000000	E3	90	80	1	-4	-3.752799
621	75.500000	76.000000	A3	90	80	1	-2	-2.507290
622	75.500000	76.000000	D4	90	80	1	-1	-2.320150
623	75.701261	76.054202	A4	90	80	0	1	-3.493957
624	75.701261	76.054202	C#5	90	80	0	4	-5.030123
625	76.000000	76.500000	E3	90	80	1	-5	-3.181034
626	76.000000	76.500000	G#3	90	80	1	-3	-3.351805
627	76.000000	76.500000	D4	90	80	1	-1	-4.001517
628	76.054202	76.407143	B#3	126	80	0	1	-5.889308
629	76.054202	76.407143	F#4	127	80	0	3	-5.112123
630	76.407143	76.583613	E#4	63	80	0	2	-2.803601
631	76.500000	77.000000	A2	63	80	1	-5	-3.781310
632	76.583613	76.760084	F#4	63	80	0	3	-3.190537
633	76.760084	77.113025	D4	63	80	0	1	-3.996553
634	76.760084	77.113025	G#4	63	80	0	4	-4.926369
635	77.000000	77.500000	A3	90	80	1	-4	-4.924626
636	77.000000	77.500000	E4	90	80	1	-1	-2.959487
637	77.113025	77.818908	C#4	63	80	0	1	-2.857522
638	77.113025	77.289496	A4	63	80	0	5	-4.655217
639	77.289496	77.465966	G#4	63	80	0	4	-3.640665
640	77.465966	77.642437	F#4	63	80	0	3	-2.238713
641	77.500000	78.000000	A3	90	80	1	-4	-3.752799
642	77.500000	78.000000	C#4	90	80	1	-2	-3.159098
643	77.642437	77.818908	G#4	63	80	0	4	-2.883688
644	77.818908	78.171849	C#4	63	80	0	1	-2.857522
645	77.818908	78.171849	A4	63	80	0	5	-4.655217
646	78.000000	78.500000	G#3	90	80	1	-5	-3.713619
647	78.000000	78.500000	D#4	90	80	1	-2	-2.554480
648	78.171849	78.524790	D#4	63	80	0	2	-4.412763
649	78.171849	78.348319	B4	63	80	0	5	-3.857051
650	78.348319	78.524790	A4	63	80	0	4	-2.814339
651	78.500000	79.000000	G#3	90	80	1	-5	-3.155341
652	78.500000	79.000000	C#4	90	80	1	-2	-3.272976
653	78.500000	79.000000	F#4	90	80	1	-1	-2.320150
654	78.524790	78.877731	E4	63	80	0	1	-3.216633
655	78.524790	78.701261	G#4	63	80	0	2	-3.275273
656	78.701261	78.877731	A4	63	80	0	3	-3.686981
657	78.877731	79.230672	F4	63	80	0	2	-3.674662
658	78.877731	79.230672	B4	63	80	0	4	-2.909306
659	79.000000	79.500000	G#3	90	80	1	-5	-3.181034
660	79.000000	79.500000	B#3	90	80	1	-3	-4.118108
661	79.000000	79.500000	F#4	90	80	1	-1	-4.411093
662	79.230672	79.936555	E4	63	80	0	1	-2.857522
663	79.230672	79.407143	C#5	63	80	0	4	-4.568866
664	79.407143	79.583613	B4	63	80	0	3	-3.914844
665	79.500000	80.000000	C#3	63	80	1	-5	-3.781310
666	79.583613	79.760084	A4	63	80	0	2	-2.287533
667	79.760084	79.936555	B4	63	80	0	3	-2.675961
668	79.936555	80.289496	A4	63	80	0	2	-2.287533
669	79.936555	80.289496	C#5	63	80	0	4	-3.522723
670	80.000000	80.500000	C#4	90	80	1	-4	-4.924626
671	80.000000	80.500000	G#4	90	80	1	-1	-2.959487
672	80.289496	80.642437	F##4	63	80	0	1	-3.845468
673	80.289496	80.465966	D#5	63	80	0	4	-4.298356
674	80.465966	80.642437	C#5	63	80	0	3	-2.238713
675	80.500000	81.000000	C#4	90	80	1	-4	-3.752799
676	80.500000	81.000000	A4	90	80	1	-1	-3.887622
677	80.642437	80.995378	G#4	63	80	0	1	-2.905888
678	80.642437	80.818908	B#4	63	80	0	2	-3.465862
679	80.818908	80.995378	C#5	63	80	0	3	-3.190537
680	80.995378	81.348319	A4	63	80	0	1	-3.996553
681	80.995378	81.348319	D#5	63	80	0	4	-4.926369
682	81.000000	81.500000	C#4	90	80	1	-4	-4.339145
683	81.000000	81.500000	B4	90	80	1	-1	-4.387723
684	81.250000	81.500000	F#4	63	80	1	-2	-4.444474
685	81.348319	81.701261	G#4	63	80	0	1	-2.857522
686	81.348319	81.524790	E#5	63	80	0	4	-4.946245
687	81.500000	82.000000	C#4	90	80	1	-4	-4.045906
688	81.500000	82.000000	E#4	90	80	1	-2	-2.871001
689	81.524790	81.701261	D#5	63	80	0	3	-3.510496
690	81.701261	82.054202	B4	63	80	0	1	-3.996553
691	81.701261	81.877731	C#5	63	80	0	2	-3.246278
692	81.877731	82.054202	D#5	63	80	0	3	-2.675961
693	82.000000	82.500000	C#4	90	80	1	-3	-5.110739
694	82.000000	82.500000	E#4	90	80	1	-1	-3.390615
695	82.054202	82.407143	B4	90	80	0	1	-3.996553
696	82.054202	82.407143	C#5	90	80	0	2	-3.246278
697	82.054202	82.407143	E#5	63	80	0	4	-3.927704
698	82.407143	82.760084	C#5	63	80	0	2	-3.901124
699	82.407143	82.760084	F#5	63	80	0	5	-3.228870
700	82.500000	83.000000	F#2	126	80	1	-5	-7.040401
701	82.760084	83.024790	G#4	90	80	0	1	-3.027253
702	82.760084	83.024790	C#5	90	80	0	2	-2.963617
703	82.760084	83.024790	E#5	90	80	0	3	-4.453766
704	83.000000	83.500000	F#3	90	80	1	-5	-5.534856
705	83.000000	83.500000	C#4	90	80	1	-2	-2.554480
706	83.000000	83.500000	F#4	90	80	1	-1	-2.320150
707	83.024790	83.113025	D5	90	80	0	1	-3.281335
708	83.024790	83.113025	D6	90	80	0	5	-2.242366
709	83.113025	83.465966	C#5	90	80	0	1	-4.270482
710	83.113025	83.465966	C#6	90	80	0	5	-2.242366
711	83.465966	83.818908	B4	90	80	0	1	-4.990776
712	83.465966	83.818908	C#5	90	80	0	2	-3.246278
713	83.465966	83.642437	G#5	63	80	0	4	-4.859095
714	83.500000	84.000000	D3	126	80	1	-5	-5.345987
715	83.500000	84.500000	G#3	126	80	1	-2	-5.232676
716	83.642437	83.818908	A5	63	80	0	5	-3.684684
717	83.818908	84.171849	A4	90	80	0	1	-1.922714
718	83.818908	84.171849	C#5	90	80	0	2	-3.275273
719	83.818908	84.171849	F#5	126	80	0	5	-3.228870
720	84.000000	84.500000	C#3	63	80	1	-5	-3.155341
721	84.171849	84.524790	F#5	90	80	0	1	-5.027158
722	84.171849	84.524790	F#6	90	80	0	5	-2.242366
723	84.500000	85.000000	C#3	90	80	1	-5	-4.242005
724	84.500000	85.000000	F#3	90	80	1	-2	-3.272976
725	84.500000	85.000000	B3	90	80	1	-1	-3.262923
726	85.000000	85.500000	C#3	90	80	1	-4	-4.497131
727	85.000000	85.500000	E#3	90	80	1	-2	-2.871001
728	85.000000	85.500000	B3	90	80	1	-1	-2.320150
729	85.500000	86.000000	F#2	63	80	1	-5	-5.753604
730	86.000000	86.500000	F#3	90	80	1	-2	-5.035265
731	86.000000	86.500000	A3	90	80	1	-1	-2.464298
732	86.500000	87.000000	F3	90	80	1	-2	-3.291596
733	86.500000	87.000000	A3	90	80	1	-1	-2.415329
734	87.000000	87.500000	E3	90	80	1	-3	-3.831713
735	87.000000	87.500000	B3	90	80	1	-1	-3.342645
736	87.500000	88.000000	E3	90	80	1	-4	-3.752799
737	87.500000	88.000000	A3	90	80	1	-2	-2.507290
738	87.500000	88.000000	D4	90	80	1	-1	-2.320150
739	88.000000	88.500000	E3	90	80	1	-5	-3.181034
740	88.000000	88.500000	G#3	90	80	1	-3	-3.351805
741	88.000000	88.500000	D4	90	80	1	-1	-4.001517
742	88.500000	89.000000	A2	63	80	1	-5	-3.781310
743	89.000000	89.500000	A3	90	80	1	-4	-4.924626
744	89.000000	89.500000	E4	90	80	1	-1	-2.959487
745	89.500000	90.000000	A3	90	80	1	-4	-3.752799
746	89.500000	90.000000	C#4	90	80	1	-2	-3.159098
747	90.000000	90.500000	G#3	90	80	1	-5	-3.713619
748	90.000000	90.500000	D#4	90	80	1	-2	-2.554480
749	90.500000	91.000000	G#3	90	80	1	-5	-3.155341
750	90.500000	91.000000	C#4	90	80	1	-2	-3.272976
751	90.500000	91.000000	F#4	90	80	1	-1	-2.320150
752	91.000000	91.500000	G#3	90	80	1	-5	-3.181034
753	91.000000	91.500000	B#3	90	80	1	-3	-4.118108
754	91.000000	91.500000	F#4	90	80	1	-1	-4.411093
755	91.500000	92.000000	C#2	90	80	1	-5	-4.456078
756	91.500000	92.000000	C#3	90	80	1	-1	-1.202832
757	92.000000	92.500000	C#4	90	80	1	-5	-6.047974
758	92.000000	92.500000	G#4	90	80	1	-2	-2.554480
759	92.500000	93.000000	C#4	90	80	1	-5	-3.155341
760	92.500000	93.000000	A4	90	80	1	-1	-4.813538
761	93.000000	93.375000	C#4	90	80	1	-4	-4.339145
762	93.000000	93.375000	B4	90	80	1	-1	-4.387723
763	93.375000	93.500000	C#4	90	80	1	-4	-4.497131
764	93.375000	93.500000	F#4	90	80	1	-2	-2.507290
765	93.375000	93.500000	B4	90	80	1	-1	-3.262923
766	93.500000	94.000000	C#4	90	80	1	-4	-4.497131
767	93.500000	94.000000	E#4	90	80	1	-2	-2.871001
768	93.500000	94.000000	B4	90	80	1	-1	-2.320150
769	94.000000	94.500000	C#4	90	80	1	-4	-4.497131
770	94.000000	94.500000	E#4	90	80	1	-2	-2.871001
771	94.500000	95.000000	F#3	90	80	1	-5	-6.076302
772	94.500000	95.000000	C#4	90	80	1	-2	-2.554480
773	94.500000	95.000000	F#4	90	80	1	-1	-2.320150
774	95.000000	95.500000	F#2	90	80	1	-5	-5.451251
775	95.000000	95.500000	F#3	90	80	1	-1	-1.202832
