//Version: PianoFingering_v170101
1	0.000000	0.208333	C5	90	80	0	5	-1.850019
2	0.000000	1.000000	F2	90	80	1	-5	-0.504576
3	0.000000	1.000000	C3	90	80	1	-3	-3.416097
4	0.000000	1.000000	A3	90	80	1	-1	-4.439870
5	0.208333	0.361395	A4	90	80	0	3	-3.509161
6	0.361395	0.514456	F4	90	80	0	2	-3.674662
7	0.514456	0.667517	D4	90	80	0	1	-3.157580
8	0.667517	0.820578	C4	90	80	0	3	-4.737465
9	0.820578	0.973639	F4	90	80	0	1	-5.548003
10	0.973639	1.126701	F5	90	80	0	5	-2.242366
11	1.126701	1.279762	D5	90	80	0	3	-3.509161
12	1.279762	1.432823	C5	90	80	0	2	-2.287533
13	1.432823	1.585884	A4	90	80	0	1	-3.157580
14	1.585884	1.738946	F4	90	80	0	3	-5.936950
15	1.738946	1.892007	D4	90	80	0	2	-3.674662
16	1.892007	2.045068	C4	90	80	0	1	-2.609267
17	2.000000	2.500000	C2	90	80	1	-5	-5.860818
18	2.045068	2.198129	F4	90	80	0	2	-2.963617
19	2.198129	2.351190	F5	90	80	0	5	-5.608073
20	2.351190	2.504252	D5	90	80	0	3	-3.509161
21	2.500000	3.000000	C3	90	80	1	-1	-1.202832
22	2.504252	2.657313	C5	90	80	0	2	-2.287533
23	2.657313	2.810374	A4	90	80	0	1	-3.157580
24	2.810374	2.963435	F4	90	80	0	3	-5.936950
25	2.963435	3.116497	D4	90	80	0	2	-3.674662
26	3.000000	4.000000	C3	90	80	1	-5	-4.801795
27	3.000000	3.500000	A3	90	80	1	-1	-4.009362
28	3.116497	3.269558	C4	90	80	0	1	-2.609267
29	3.269558	3.422619	F4	90	80	0	2	-2.963617
30	3.422619	3.575680	F5	90	80	0	5	-5.608073
31	3.500000	4.000000	G3	90	80	1	-2	-2.745489
32	3.575680	3.728741	D5	90	80	0	3	-3.509161
33	3.728741	3.881803	C5	90	80	0	2	-2.287533
34	3.881803	4.034864	A4	90	80	0	1	-3.157580
35	4.000000	4.250000	F2	90	80	1	-5	-5.751967
36	4.034864	4.187925	F4	90	80	0	3	-5.936950
37	4.187925	4.340986	D4	90	80	0	2	-3.674662
38	4.250000	4.375000	C3	90	80	1	-3	-3.416097
39	4.340986	4.494048	C4	90	80	0	1	-2.609267
40	4.375000	4.500000	F3	90	80	1	-2	-3.936874
41	4.494048	4.647109	E4	90	80	0	2	-2.525967
42	4.500000	4.750000	A3	90	80	1	-1	-2.415329
43	4.647109	4.800170	B-4	90	80	0	5	-5.283726
44	4.750000	5.000000	C3	90	80	1	-5	-3.730225
45	4.750000	5.000000	G3	90	80	1	-1	-3.477173
46	4.800170	4.953231	G4	90	80	0	4	-4.503222
47	4.953231	5.106293	A4	90	80	0	5	-2.706622
48	5.000000	5.250000	F2	90	80	1	-5	-3.842215
49	5.106293	5.259354	F4	90	80	0	3	-3.509161
50	5.250000	5.375000	C3	90	80	1	-3	-3.416097
51	5.259354	5.412415	D4	90	80	0	2	-3.674662
52	5.375000	5.500000	F3	90	80	1	-2	-3.936874
53	5.412415	5.565476	A3	90	80	0	1	-3.434905
54	5.500000	5.750000	A3	90	80	1	-1	-2.415329
55	5.565476	5.718537	C4	90	80	0	2	-2.525967
56	5.718537	5.871599	F4	90	80	0	4	-2.909306
57	5.750000	6.000000	C3	90	80	1	-5	-3.730225
58	5.750000	6.000000	G3	90	80	1	-1	-3.477173
59	5.871599	6.024660	E4	90	80	0	3	-2.238713
60	5.871599	6.024660	B-4	90	80	0	5	-5.123457
61	6.000000	6.250000	F2	90	80	1	-5	-3.842215
62	6.024660	6.177721	G4	90	80	0	4	-4.503222
63	6.177721	6.330782	A4	90	80	0	5	-2.706622
64	6.250000	6.375000	C3	90	80	1	-2	-2.554480
65	6.330782	6.483844	F4	90	80	0	4	-4.387405
66	6.375000	6.500000	F3	90	80	1	-1	-2.320150
67	6.483844	6.636905	C4	90	80	0	2	-3.266530
68	6.500000	6.625000	A3	90	80	1	-3	-6.091799
69	6.625000	6.750000	F3	90	80	1	-5	-3.990113
70	6.636905	6.789966	A3	90	80	0	1	-3.157580
71	6.750000	6.875000	D4	90	80	1	-2	-4.349399
72	6.789966	6.943027	C4	90	80	0	2	-2.525967
73	6.875000	7.000000	B3	90	80	1	-4	-3.718276
74	6.943027	7.096088	F4	90	80	0	4	-2.909306
75	7.000000	7.250000	C4	90	80	1	-3	-2.915060
76	7.096088	7.249150	E4	90	80	0	3	-2.238713
77	7.096088	7.249150	B-4	90	80	0	5	-5.123457
78	7.249150	7.402211	G4	90	80	0	4	-4.503222
79	7.250000	7.375000	B-4	90	80	1	-1	-4.469532
80	7.375000	7.500000	G#4	90	80	1	-2	-2.745489
81	7.402211	7.555272	A4	90	80	0	5	-2.706622
82	7.500000	7.750000	A4	90	80	1	-1	-3.404249
83	7.555272	7.708333	F4	90	80	0	3	-3.509161
84	7.708333	7.861395	D4	90	80	0	2	-3.674662
85	7.861395	8.014456	A3	90	80	0	1	-3.434905
86	8.000000	9.000000	C3	90	80	1	-5	-5.860818
87	8.000000	9.000000	G3	90	80	1	-3	-3.416097
88	8.000000	9.000000	E4	90	80	1	-1	-4.439870
89	8.014456	8.167517	C4	90	80	0	2	-2.525967
90	8.167517	8.320578	F4	90	80	0	4	-2.909306
91	8.320578	8.473639	B-4	90	80	0	5	-4.855940
92	8.473639	8.626701	G#4	90	80	0	4	-2.814339
93	8.626701	8.779762	A4	90	80	0	1	-5.276270
94	8.779762	8.932823	B-4	90	80	0	2	-3.900292
95	8.932823	9.085884	D5	90	80	0	3	-4.453766
96	9.085884	9.238946	B4	90	80	0	1	-3.281335
97	9.238946	9.392007	C5	90	80	0	2	-2.867384
98	9.392007	9.545068	E5	90	80	0	3	-3.012122
99	9.545068	9.698129	F5	90	80	0	4	-2.883688
100	9.698129	9.851190	A5	90	80	0	5	-3.402079
101	9.851190	10.004252	G5	90	80	0	4	-2.814339
102	10.000000	10.500000	G2	90	80	1	-5	-5.860818
103	10.004252	10.157313	E5	90	80	0	2	-3.359779
104	10.157313	10.310374	C5	90	80	0	1	-3.157580
105	10.310374	10.463435	A4	90	80	0	3	-5.936950
106	10.463435	10.616497	G4	90	80	0	2	-2.287533
107	10.500000	11.000000	G3	90	80	1	-1	-1.202832
108	10.616497	10.769558	C5	90	80	0	1	-6.745114
109	10.769558	10.922619	C6	90	80	0	5	-2.242366
110	10.922619	11.075680	A5	90	80	0	3	-3.509161
111	11.000000	12.000000	G3	90	80	1	-5	-4.801795
112	11.000000	11.500000	E4	90	80	1	-1	-4.009362
113	11.075680	11.228741	G5	90	80	0	2	-2.287533
114	11.228741	11.381803	E5	90	80	0	1	-3.157580
115	11.381803	11.534864	C5	90	80	0	3	-5.936950
116	11.500000	12.000000	D4	90	80	1	-2	-2.745489
117	11.534864	11.687925	A4	90	80	0	2	-3.674662
118	11.687925	11.840986	G4	90	80	0	1	-2.609267
119	11.840986	11.994048	C5	90	80	0	2	-2.963617
120	11.994048	12.147109	C6	90	80	0	5	-5.608073
121	12.000000	12.250000	C3	90	80	1	-5	-5.751967
122	12.147109	12.300170	A5	90	80	0	3	-3.509161
123	12.250000	12.375000	G3	90	80	1	-3	-3.416097
124	12.300170	12.453231	G5	90	80	0	2	-2.287533
125	12.375000	12.500000	C4	90	80	1	-2	-3.936874
126	12.453231	12.606293	E5	90	80	0	1	-3.157580
127	12.500000	12.750000	E4	90	80	1	-1	-2.415329
128	12.606293	12.759354	C5	90	80	0	3	-5.936950
129	12.750000	13.000000	G3	90	80	1	-5	-3.730225
130	12.750000	13.000000	D4	90	80	1	-1	-3.477173
131	12.759354	12.912415	A4	90	80	0	2	-3.674662
132	12.912415	13.065476	G4	90	80	0	1	-2.609267
133	13.000000	13.250000	C3	90	80	1	-5	-3.842215
134	13.065476	13.218537	C5	90	80	0	2	-2.963617
135	13.218537	13.371599	C6	90	80	0	5	-5.608073
136	13.250000	13.375000	G3	90	80	1	-3	-3.416097
137	13.371599	13.524660	A5	90	80	0	3	-3.509161
138	13.375000	13.500000	C4	90	80	1	-2	-3.936874
139	13.500000	13.750000	E4	90	80	1	-1	-2.415329
140	13.524660	13.677721	G5	90	80	0	2	-2.287533
141	13.677721	13.830782	E5	90	80	0	1	-3.157580
142	13.750000	14.000000	G3	90	80	1	-5	-3.730225
143	13.750000	14.000000	D4	90	80	1	-1	-3.477173
144	13.830782	13.983844	C5	90	80	0	3	-5.936950
145	13.983844	14.136905	A4	90	80	0	2	-3.674662
146	14.000000	14.166667	C3	90	80	1	-5	-3.842215
147	14.136905	14.289966	G4	90	80	0	1	-2.609267
148	14.166667	14.333333	G3	90	80	1	-2	-2.554480
149	14.289966	14.443027	B4	90	80	0	2	-2.525967
150	14.333333	14.500000	C4	90	80	1	-1	-2.320150
151	14.443027	14.596088	F5	90	80	0	5	-3.528229
152	14.500000	14.666667	E4	90	80	1	-3	-6.091799
153	14.596088	14.749150	D5	90	80	0	4	-4.387405
154	14.666667	14.833333	B-4	90	80	1	-1	-4.411093
155	14.749150	14.902211	E5	90	80	0	5	-2.706622
156	14.902211	15.055272	C5	90	80	0	3	-3.509161
157	15.055272	15.208333	A4	90	80	0	2	-3.674662
158	15.208333	15.361395	E4	90	80	0	1	-3.434905
159	15.361395	15.514456	G4	90	80	0	2	-2.525967
160	15.514456	15.667517	C5	90	80	0	4	-2.909306
161	15.667517	15.820578	B4	90	80	0	3	-2.238713
162	15.667517	15.820578	F5	90	80	0	5	-4.855832
163	15.820578	15.973639	D5	90	80	0	4	-4.387405
164	15.973639	16.126701	E5	90	80	0	5	-2.706622
165	16.000000	17.000000	F3	90	80	1	-5	-5.345987
166	16.000000	17.000000	C4	90	80	1	-3	-3.416097
167	16.000000	17.000000	A4	90	80	1	-1	-4.439870
168	16.126701	16.279762	C5	90	80	0	4	-4.387405
169	16.279762	16.432823	G4	90	80	0	2	-3.266530
170	16.432823	16.585884	E4	90	80	0	1	-3.157580
171	16.585884	16.738946	G4	90	80	0	2	-2.525967
172	16.738946	16.892007	C5	90	80	0	4	-2.909306
173	16.892007	17.045068	B4	90	80	0	3	-2.238713
174	16.892007	17.045068	F5	90	80	0	5	-4.855832
175	17.045068	17.198129	D5	90	80	0	4	-4.387405
176	17.198129	17.351190	E5	90	80	0	5	-2.706622
177	17.351190	17.504252	C5	90	80	0	4	-4.387405
178	17.504252	17.657313	G4	90	80	0	2	-3.266530
179	17.657313	17.810374	E4	90	80	0	1	-3.157580
180	17.810374	17.963435	G4	90	80	0	2	-2.525967
181	17.963435	18.116497	C5	90	80	0	4	-2.909306
182	18.000000	18.500000	C3	90	80	1	-5	-5.860818
183	18.116497	18.269558	E5	90	80	0	1	-6.131546
184	18.269558	18.422619	G5	90	80	0	2	-2.525967
185	18.422619	18.575680	C6	90	80	0	4	-2.909306
186	18.500000	19.000000	C4	90	80	1	-1	-1.202832
187	18.575680	18.728741	E6	90	80	0	5	-3.402079
188	18.728741	18.881803	D6	90	80	0	4	-2.814339
189	18.881803	19.034864	G5	90	80	0	2	-4.666481
190	19.000000	20.000000	C4	90	80	1	-5	-4.801795
191	19.000000	19.500000	A4	90	80	1	-1	-4.009362
192	19.034864	19.187925	D5	90	80	0	1	-3.434905
193	19.187925	19.340986	G5	90	80	0	3	-3.401091
194	19.340986	19.494048	D5	90	80	0	1	-2.905888
195	19.494048	19.647109	E5	90	80	0	2	-2.867384
196	19.500000	20.000000	G4	90	80	1	-2	-2.745489
197	19.647109	19.800170	C6	90	80	0	5	-3.767315
198	19.800170	19.953231	A5	90	80	0	3	-3.509161
199	19.953231	20.106293	F5	90	80	0	2	-3.674662
200	20.000000	20.250000	F3	90	80	1	-5	-5.751967
201	20.106293	20.259354	D5	90	80	0	1	-3.157580
202	20.250000	20.375000	C4	90	80	1	-3	-3.416097
203	20.259354	20.412415	C5	90	80	0	3	-4.737465
204	20.375000	20.500000	F4	90	80	1	-2	-3.936874
205	20.412415	20.565476	F5	90	80	0	1	-5.548003
206	20.500000	20.750000	A4	90	80	1	-1	-2.415329
207	20.565476	20.718537	F6	90	80	0	5	-2.242366
208	20.718537	20.871599	D6	90	80	0	3	-3.509161
209	20.750000	21.000000	C4	90	80	1	-5	-3.730225
210	20.750000	21.000000	G4	90	80	1	-1	-3.477173
211	20.871599	21.024660	C6	90	80	0	2	-2.287533
212	21.000000	21.250000	F3	90	80	1	-5	-3.842215
213	21.024660	21.177721	A5	90	80	0	1	-3.157580
214	21.177721	21.330782	F5	90	80	0	3	-5.936950
215	21.250000	21.375000	C4	90	80	1	-3	-3.416097
216	21.330782	21.483844	D5	90	80	0	2	-3.674662
217	21.375000	21.500000	F4	90	80	1	-2	-3.936874
218	21.483844	21.636905	C5	90	80	0	1	-2.609267
219	21.500000	21.750000	A4	90	80	1	-1	-2.415329
220	21.636905	21.789966	F5	90	80	0	2	-2.963617
221	21.750000	22.000000	C4	90	80	1	-5	-3.730225
222	21.750000	22.000000	G4	90	80	1	-1	-3.477173
223	21.789966	21.943027	F6	90	80	0	5	-5.608073
224	21.943027	22.096088	D6	90	80	0	3	-3.509161
225	22.000000	22.166667	F3	90	80	1	-5	-3.842215
226	22.096088	22.249150	C6	90	80	0	2	-2.287533
227	22.166667	22.333333	C4	90	80	1	-2	-2.554480
228	22.249150	22.402211	A5	90	80	0	1	-3.157580
229	22.333333	22.500000	F4	90	80	1	-1	-2.320150
230	22.402211	22.555272	F5	90	80	0	3	-5.936950
231	22.500000	22.666667	A4	90	80	1	-3	-6.091799
232	22.555272	22.708333	D5	90	80	0	2	-3.674662
233	22.666667	22.833333	E-5	103	80	1	-1	-4.411093
234	22.708333	22.861395	C5	90	80	0	1	-2.609267
235	22.861395	23.014456	F5	90	80	0	2	-2.963617
236	23.014456	23.167517	F6	90	80	0	5	-5.608073
237	23.167517	23.320578	D6	90	80	0	3	-3.509161
238	23.320578	23.473639	C6	90	80	0	2	-2.287533
239	23.473639	23.626701	A5	90	80	0	1	-3.157580
240	23.626701	23.779762	F5	90	80	0	3	-5.936950
241	23.779762	23.932823	D5	90	80	0	2	-3.674662
242	23.932823	24.085884	C5	90	80	0	1	-2.609267
243	24.000000	24.166667	B-3	90	80	1	-5	-3.781310
244	24.085884	24.238946	E5	90	80	0	2	-2.525967
245	24.166667	24.333333	F4	90	80	1	-2	-4.203307
246	24.238946	24.392007	B-5	90	80	0	5	-5.283726
247	24.333333	24.500000	D5	90	80	1	-1	-5.516002
248	24.392007	24.545068	G5	90	80	0	4	-4.503222
249	24.545068	24.698129	A5	90	80	0	5	-2.706622
250	24.698129	24.851190	F5	90	80	0	3	-3.509161
251	24.851190	25.004252	D5	90	80	0	2	-3.674662
252	25.004252	25.157313	A4	90	80	0	1	-3.434905
253	25.157313	25.310374	C5	90	80	0	2	-2.525967
254	25.310374	25.463435	F5	90	80	0	4	-2.909306
255	25.463435	25.616497	E5	90	80	0	3	-2.238713
256	25.463435	25.616497	B-5	90	80	0	5	-5.123457
257	25.616497	25.769558	G5	90	80	0	4	-4.503222
258	25.769558	25.922619	A5	90	80	0	5	-2.706622
259	25.922619	26.075680	F5	90	80	0	4	-4.387405
260	26.000000	26.166667	G3	90	80	1	-5	-4.212346
261	26.075680	26.228741	C5	90	80	0	2	-3.266530
262	26.166667	26.333333	F4	90	80	1	-4	-6.683330
263	26.228741	26.381803	A4	90	80	0	1	-3.157580
264	26.333333	26.500000	D5	90	80	1	-1	-3.451917
265	26.381803	26.534864	C5	90	80	0	2	-2.525967
266	26.534864	26.687925	F5	90	80	0	4	-2.909306
267	26.687925	26.840986	E5	90	80	0	3	-2.238713
268	26.687925	26.840986	B-5	90	80	0	5	-5.123457
269	26.840986	26.994048	G5	90	80	0	4	-4.503222
270	26.994048	27.147109	A5	90	80	0	5	-2.706622
271	27.147109	27.300170	F5	90	80	0	4	-4.387405
272	27.300170	27.453231	C5	90	80	0	2	-3.266530
273	27.453231	27.606293	A4	90	80	0	1	-3.157580
274	27.606293	27.759354	C5	90	80	0	2	-2.525967
275	27.759354	27.912415	F5	90	80	0	4	-2.909306
276	27.912415	28.065476	A5	90	80	0	1	-6.131546
277	28.000000	28.166667	C4	90	80	1	-5	-3.842215
278	28.065476	28.218537	C6	90	80	0	2	-2.525967
279	28.166667	28.333333	G4	90	80	1	-3	-3.416097
280	28.218537	28.385204	F6	90	80	0	4	-2.909306
281	28.333333	28.500000	C5	90	80	1	-2	-3.936874
282	28.385204	28.551871	A6	90	80	0	5	-3.402079
283	28.500000	30.000000	F5	90	80	1	-1	-2.320150
284	28.551871	28.734798	G6	90	80	0	4	-2.814339
285	28.734798	28.917724	C6	90	80	0	2	-4.666481
286	28.917724	29.120427	G5	90	80	0	1	-3.434905
287	29.120427	29.323130	C6	90	80	0	3	-3.401091
288	29.323130	29.550403	G5	90	80	0	1	-2.905888
289	29.550403	29.777675	A5	90	80	0	2	-2.867384
290	29.777675	30.004948	F6	90	80	0	5	-3.767315
291	30.000000	30.500000	C4	90	80	1	-5	-3.781310
292	30.000000	30.500000	G4	90	80	1	-4	-4.864358
293	30.000000	30.500000	B-4	90	80	1	-3	-3.762277
294	30.000000	30.500000	F5	90	80	1	-1	-3.687814
295	30.004948	30.232221	D6	90	80	0	4	-4.387405
296	30.232221	30.459493	B-5	90	80	0	3	-5.804295
297	30.459493	30.686766	G5	90	80	0	2	-3.286699
298	30.500000	32.000000	E5	90	80	1	-2	-2.745489
299	30.686766	30.914039	F5	90	80	0	1	-2.609267
300	30.914039	31.141312	B-5	90	80	0	2	-3.275273
301	31.000000	31.250000	A5	90	80	1	-1	-2.320150
302	31.141312	31.368584	B-6	90	80	0	5	-5.608073
303	31.368584	31.595857	G6	90	80	0	4	-4.503222
304	31.595857	31.823130	F6	90	80	0	3	-2.238713
305	31.823130	32.050403	D6	90	80	0	2	-3.674662
306	32.000000	33.000000	F3	90	80	1	-5	-4.456078
307	32.000000	33.000000	C4	90	80	1	-3	-3.416097
308	32.000000	33.000000	A4	90	80	1	-1	-4.439870
309	32.050403	32.277675	B-5	90	80	0	3	-7.141258
310	32.277675	32.504948	G5	90	80	0	2	-3.286699
311	32.504948	32.732221	F5	90	80	0	1	-2.609267
312	32.732221	32.959493	B-5	90	80	0	2	-3.275273
313	32.959493	33.186766	B-6	90	80	0	5	-5.608073
314	33.186766	33.414039	G6	90	80	0	4	-4.503222
315	33.414039	33.641312	F6	90	80	0	3	-2.238713
316	33.641312	33.868584	D6	90	80	0	1	-3.281335
317	33.868584	34.095857	B5	90	80	0	3	-5.936950
318	34.000000	34.500000	C3	45	80	1	-5	-5.860818
319	34.095857	34.323130	G5	90	80	0	2	-3.674662
320	34.323130	34.550403	F5	90	80	0	1	-2.609267
321	34.500000	35.000000	C4	45	80	1	-1	-1.202832
322	34.550403	34.777675	G5	90	80	0	2	-2.867384
323	34.777675	35.004948	B6	90	80	0	5	-7.827334
324	35.000000	36.000000	C4	45	80	1	-5	-4.801795
325	35.000000	35.500000	A4	45	80	1	-1	-4.009362
326	35.004948	35.232221	G6	90	80	0	3	-3.509161
327	35.232221	35.459493	F6	90	80	0	2	-2.287533
328	35.459493	35.686766	D6	90	80	0	1	-3.157580
329	35.500000	36.000000	G4	45	80	1	-2	-2.745489
330	35.686766	35.914039	B5	90	80	0	3	-5.936950
331	35.914039	36.141312	G5	90	80	0	2	-3.674662
332	36.000000	36.250000	F3	63	80	1	-5	-5.751967
333	36.141312	36.368584	F5	90	80	0	1	-2.609267
334	36.250000	36.375000	C4	63	80	1	-3	-3.416097
335	36.368584	36.595857	G5	90	80	0	2	-2.867384
336	36.375000	36.500000	F4	63	80	1	-2	-3.936874
337	36.500000	36.750000	A4	63	80	1	-1	-2.415329
338	36.595857	36.823130	B6	90	80	0	5	-7.827334
339	36.750000	37.000000	C4	90	80	1	-5	-3.730225
340	36.750000	37.000000	G4	90	80	1	-1	-3.477173
341	36.823130	37.050403	G6	90	80	0	3	-3.509161
342	37.000000	37.250000	F2	63	80	1	-5	-4.456078
343	37.050403	37.277675	F6	90	80	0	2	-2.287533
344	37.250000	37.375000	C3	63	80	1	-3	-3.416097
345	37.277675	37.504948	D6	90	80	0	1	-3.157580
346	37.375000	37.500000	F3	63	80	1	-2	-3.936874
347	37.500000	37.750000	A3	63	80	1	-1	-2.415329
348	37.504948	37.732221	C6	90	80	0	3	-4.737465
349	37.732221	37.959493	A5	90	80	0	2	-3.674662
350	37.750000	38.000000	C3	90	80	1	-5	-3.730225
351	37.750000	38.000000	G3	90	80	1	-1	-3.477173
352	37.959493	38.186766	G5	90	80	0	1	-2.609267
353	38.000000	38.250000	F2	63	80	1	-5	-3.842215
354	38.186766	38.414039	C6	90	80	0	2	-2.963617
355	38.250000	38.375000	C3	63	80	1	-3	-3.416097
356	38.375000	38.500000	F3	63	80	1	-2	-3.936874
357	38.414039	38.641312	C7	90	80	0	5	-5.608073
358	38.500000	38.750000	A3	63	80	1	-1	-2.415329
359	38.641312	38.868584	A6	90	80	0	3	-3.509161
360	38.750000	39.000000	C3	90	80	1	-5	-3.730225
361	38.750000	39.000000	G3	90	80	1	-1	-3.477173
362	38.868584	39.095857	F6	90	80	0	2	-3.674662
363	39.000000	39.250000	F2	63	80	1	-5	-3.842215
364	39.095857	39.323130	D6	90	80	0	1	-3.157580
365	39.250000	39.375000	C3	63	80	1	-3	-3.416097
366	39.323130	39.550403	C6	90	80	0	3	-4.737465
367	39.375000	39.500000	F3	63	80	1	-2	-3.936874
368	39.500000	39.750000	A3	63	80	1	-1	-2.415329
369	39.550403	39.777675	A5	90	80	0	2	-3.674662
370	39.750000	40.000000	C3	90	80	1	-5	-3.730225
371	39.750000	40.000000	G3	90	80	1	-1	-3.477173
372	39.777675	40.004948	G5	90	80	0	1	-2.609267
373	40.000000	40.375000	F2	63	80	1	-5	-3.842215
374	40.004948	40.232221	C6	90	80	0	2	-2.963617
375	40.232221	40.459493	C7	90	80	0	5	-5.608073
376	40.375000	40.500000	C3	63	80	1	-2	-2.554480
377	40.459493	40.686766	A6	90	80	0	3	-3.509161
378	40.500000	40.625000	F3	63	80	1	-1	-2.320150
379	40.625000	40.750000	A3	63	80	1	-4	-6.413364
380	40.686766	40.914039	F6	90	80	0	2	-3.674662
381	40.750000	40.875000	C4	63	80	1	-2	-2.359478
382	40.875000	41.000000	F4	63	80	1	-1	-2.320150
383	40.914039	41.141312	D6	90	80	0	1	-3.157580
384	41.000000	41.125000	A4	63	80	1	-3	-6.091799
385	41.125000	41.250000	E-5	76	80	1	-1	-4.411093
386	41.141312	41.368584	C6	90	80	0	3	-4.737465
387	41.250000	41.375000	A4	63	80	1	-4	-6.237620
388	41.368584	41.595857	A5	90	80	0	2	-3.674662
389	41.375000	41.500000	F4	63	80	1	-1	-5.372527
390	41.500000	41.625000	C4	63	80	1	-2	-3.456527
391	41.595857	41.823130	G5	90	80	0	1	-2.609267
392	41.625000	41.750000	A3	63	80	1	-4	-3.718276
393	41.750000	41.875000	F3	63	80	1	-1	-5.372527
394	41.823130	42.050403	C6	90	80	0	2	-2.963617
395	41.875000	42.000000	C3	63	80	1	-2	-3.456527
396	42.000000	42.500000	F2	45	80	1	-5	-3.155341
397	42.050403	42.277675	C7	90	80	0	5	-5.608073
398	42.277675	42.504948	A6	90	80	0	3	-3.509161
399	42.504948	42.732221	G6	90	80	0	2	-2.287533
400	42.732221	42.959493	E6	90	80	0	1	-3.157580
401	42.959493	43.186766	C6	90	80	0	3	-5.936950
402	43.186766	43.414039	A5	90	80	0	2	-3.674662
403	43.414039	43.641312	G5	90	80	0	1	-2.609267
404	43.641312	43.868584	C6	90	80	0	2	-2.963617
405	43.868584	44.095857	C7	90	80	0	5	-5.608073
406	44.095857	44.323130	G6	90	80	0	2	-3.071676
407	44.323130	44.550403	C7	45	80	0	5	-3.228870
408	44.550403	44.777675	A6	45	80	0	3	-3.509161
409	44.777675	45.004948	F6	45	80	0	2	-3.674662
410	45.004948	45.232221	D6	45	80	0	1	-3.157580
411	45.232221	45.459493	C6	45	80	0	3	-4.737465
412	45.459493	45.686766	F6	45	80	0	1	-5.548003
413	45.686766	45.914039	F7	45	80	0	5	-2.242366
414	45.914039	46.141312	D7	45	80	0	3	-3.509161
415	46.141312	46.368584	C7	45	80	0	2	-2.287533
416	46.368584	46.595857	A6	45	80	0	1	-3.157580
417	46.595857	46.823130	F6	45	80	0	3	-5.936950
418	46.823130	47.050403	D6	45	80	0	2	-3.674662
419	47.050403	47.277675	C6	45	80	0	1	-2.609267
420	47.277675	47.504948	F6	45	80	0	2	-2.963617
421	47.504948	47.732221	F7	45	80	0	5	-5.608073
422	47.732221	47.959493	D7	45	80	0	3	-3.509161
423	47.959493	48.186766	C7	45	80	0	2	-2.287533
424	48.186766	48.414039	A6	45	80	0	1	-3.157580
425	48.414039	48.641312	F6	45	80	0	3	-5.936950
426	48.641312	48.868584	D6	45	80	0	2	-3.674662
427	48.868584	49.095857	C6	45	80	0	1	-2.609267
428	49.095857	49.323130	F6	45	80	0	2	-2.963617
429	49.323130	49.550403	F7	45	80	0	5	-5.608073
430	49.550403	49.777675	D7	45	80	0	3	-3.509161
431	49.777675	50.004948	C7	45	80	0	2	-2.287533
432	50.004948	50.232221	A6	45	80	0	1	-3.157580
433	50.232221	50.459493	F6	45	80	0	3	-5.936950
434	50.459493	50.686766	D6	45	80	0	2	-3.674662
435	50.686766	50.914039	C6	45	80	0	1	-2.609267
436	50.914039	51.141312	E6	45	80	0	2	-2.525967
437	51.141312	51.368584	B-6	45	80	0	4	-5.307691
438	51.368584	51.595857	G6	45	80	0	3	-3.914844
439	51.595857	51.823130	A6	63	80	0	4	-2.883688
440	51.823130	52.050403	F6	63	80	0	2	-3.359779
441	52.050403	52.277675	C6	63	80	0	1	-3.434905
442	52.277675	52.504948	A5	63	80	0	3	-5.936950
443	52.504948	52.732221	F5	63	80	0	2	-3.674662
444	52.732221	52.959493	C5	63	80	0	1	-3.434905
445	52.959493	53.186766	E5	90	80	0	2	-2.525967
446	52.959493	53.186766	B-5	90	80	0	4	-5.307691
447	53.186766	53.414039	G5	63	80	0	3	-3.914844
448	53.414039	53.641312	A5	63	80	0	4	-2.883688
449	53.641312	53.868584	F5	63	80	0	2	-3.359779
450	53.868584	54.095857	C5	63	80	0	1	-3.434905
451	54.095857	54.323130	A4	63	80	0	3	-5.936950
452	54.323130	54.550403	F4	63	80	0	2	-3.674662
453	54.550403	54.777675	C4	63	80	0	1	-3.434905
454	54.777675	55.004948	E4	90	80	0	2	-2.525967
455	54.777675	55.004948	B-4	90	80	0	5	-5.283726
456	55.004948	55.232221	G4	63	80	0	4	-4.503222
457	55.232221	55.459493	A4	63	80	0	5	-2.706622
458	55.459493	55.686766	F4	63	80	0	4	-4.387405
459	55.686766	55.914039	C4	63	80	0	2	-3.266530
460	55.914039	56.141312	A3	63	80	0	1	-3.157580
461	56.141312	56.368584	C4	63	80	0	2	-2.525967
462	56.368584	56.595857	F4	63	80	0	4	-2.909306
463	56.595857	56.823130	E4	90	80	0	3	-2.238713
464	56.595857	56.823130	B-4	90	80	0	5	-5.123457
465	56.823130	57.050403	G4	63	80	0	4	-4.503222
466	57.050403	57.277675	A4	63	80	0	5	-2.706622
467	57.277675	57.504948	F4	63	80	0	4	-4.387405
468	57.504948	57.732221	C4	63	80	0	2	-3.266530
469	57.732221	57.959493	A3	63	80	0	1	-3.157580
470	57.959493	58.186766	C4	63	80	0	2	-2.525967
471	58.186766	58.414039	F4	63	80	0	4	-2.909306
472	58.414039	58.641312	E4	90	80	0	3	-2.238713
473	58.414039	58.641312	B-4	90	80	0	5	-5.123457
474	58.641312	58.868584	G4	63	80	0	4	-4.503222
475	58.868584	59.095857	A4	63	80	0	5	-2.706622
476	59.095857	59.323130	F4	63	80	0	4	-4.387405
477	59.323130	59.550403	C4	63	80	0	2	-3.266530
478	59.550403	59.777675	A3	63	80	0	1	-3.157580
479	59.777675	60.004948	C4	63	80	0	2	-2.525967
480	60.004948	60.232221	F4	63	80	0	4	-2.909306
481	60.232221	60.459493	A4	63	80	0	1	-6.131546
482	60.459493	60.686766	C5	63	80	0	2	-2.525967
483	60.686766	60.914039	F5	63	80	0	4	-2.909306
484	60.914039	61.141312	A5	63	80	0	1	-6.131546
485	61.141312	61.368584	C6	63	80	0	2	-2.525967
486	61.368584	61.595857	F6	63	80	0	4	-2.909306
487	61.595857	61.823130	A6	63	80	0	5	-3.402079
488	61.823130	62.050403	C6	63	80	0	2	-4.028221
489	62.050403	62.277675	F6	63	80	0	4	-2.909306
490	62.277675	62.504948	A5	63	80	0	1	-2.969918
491	62.504948	63.414039	F7	45	80	0	5	-7.605012
