//Version: PianoFingering_v170101
1	0.000000	0.166667	C#5	63	80	0	1	-0.925785
2	0.000000	0.166667	C#4	63	80	1	-5	-0.504576
3	0.166667	0.333333	E4	63	80	1	-4	-4.523458
4	0.166667	0.333333	E5	63	80	0	2	-3.493146
5	0.333333	0.500000	F#5	63	80	0	4	-4.064995
6	0.333333	0.500000	A4	63	80	1	-2	-2.507290
7	0.500000	0.666667	G#5	63	80	0	5	-2.706622
8	0.666667	0.833333	D#5	63	80	0	3	-3.854029
9	0.833333	1.000000	B4	63	80	0	2	-5.037433
10	1.500000	1.666667	G#4	63	80	1	-3	-3.848567
11	1.666667	1.833333	D#4	63	80	1	-1	-6.083116
12	1.833333	2.000000	B3	63	80	1	-2	-4.597368
13	2.000000	2.166667	A4	63	80	0	1	-2.609267
14	2.000000	2.166667	A3	63	80	1	-3	-2.891080
15	2.166667	2.333333	C#5	63	80	0	3	-3.998423
16	2.166667	2.333333	C#4	63	80	1	-2	-3.749711
17	2.333333	2.500000	D#5	63	80	0	4	-2.883688
18	2.333333	2.500000	F#4	63	80	1	-1	-2.320150
19	2.500000	2.666667	E5	63	80	0	5	-3.684684
20	2.666667	2.833333	B4	63	80	0	3	-3.854029
21	2.833333	3.000000	G#4	63	80	0	2	-3.032881
22	3.500000	3.666667	E4	63	80	1	-2	-4.084076
23	3.666667	3.833333	B3	63	80	1	-1	-6.371283
24	3.833333	4.000000	G#3	63	80	1	-2	-3.299403
25	4.000000	4.500000	C#5	63	80	0	4	-2.909306
26	4.000000	4.166667	C#5	63	80	0	4	-4.784491
27	4.000000	5.000000	F#3	63	80	1	-3	-2.891080
28	4.166667	4.333333	F#4	63	80	0	1	-2.857522
29	4.166667	4.333333	A3	63	80	1	-2	-2.872099
30	4.333333	5.000000	A4	63	80	0	2	-3.493146
31	4.333333	5.000000	C#4	63	80	1	-1	-3.194227
32	4.500000	5.000000	F#5	63	80	0	5	-4.989350
33	5.000000	5.666667	C#5	63	80	0	3	-3.854029
34	5.000000	6.000000	E3	63	80	1	-5	-4.087479
35	5.166667	5.333333	F#4	63	80	0	1	-3.310457
36	5.166667	5.333333	A3	63	80	1	-2	-3.272976
37	5.333333	6.000000	A4	63	80	0	2	-3.493146
38	5.333333	6.000000	C#4	63	80	1	-1	-3.194227
39	6.000000	6.500000	C#5	81	80	0	4	-3.522723
40	6.000000	6.166667	C#5	81	80	0	5	-5.360328
41	6.000000	7.000000	D#3	81	80	1	-5	-3.181034
42	6.166667	6.333333	F#4	81	80	0	2	-3.263552
43	6.166667	6.333333	A3	81	80	1	-2	-4.656382
44	6.333333	7.000000	A4	81	80	0	1	-5.162135
45	6.333333	7.000000	C#4	81	80	1	-1	-3.194227
46	6.500000	7.000000	F#5	81	80	0	4	-4.568866
47	7.000000	7.666667	A5	81	80	0	5	-3.871087
48	7.000000	8.000000	C#3	81	80	1	-5	-2.314770
49	7.166667	7.333333	A4	81	80	0	1	-1.922714
50	7.166667	7.333333	A3	81	80	1	-2	-4.203307
51	7.333333	7.500000	C#5	81	80	0	2	-3.275273
52	7.333333	8.000000	E4	81	80	1	-1	-4.047397
53	8.000000	9.166667	A5	99	80	0	5	-3.857051
54	8.000000	8.166667	B2	99	80	1	-5	-3.781310
55	8.166667	8.333333	F#3	99	80	1	-3	-5.375180
56	8.333333	8.500000	A3	99	80	1	-2	-2.872099
57	8.500000	8.666667	C#4	99	80	1	-1	-3.194227
58	8.666667	8.833333	D#4	99	80	1	-3	-4.611792
59	8.833333	9.000000	F#4	99	80	1	-2	-3.046717
60	9.000000	9.166667	A4	99	80	1	-1	-2.464298
61	9.166667	9.333333	G#5	90	80	0	4	-3.640665
62	9.166667	9.333333	C#5	99	80	1	-2	-5.718611
63	9.333333	9.500000	F#5	90	80	0	3	-2.238713
64	9.333333	9.500000	D#5	99	80	1	-1	-2.578439
65	9.500000	9.666667	C#5	90	80	1	-2	-2.745489
66	9.666667	9.833333	B4	90	80	1	-3	-4.407505
67	9.833333	10.000000	A4	90	80	1	-1	-3.930078
68	10.000000	10.166667	E5	90	80	0	2	-3.286699
69	10.000000	10.250000	E2	90	80	1	-5	-4.456078
70	10.166667	10.333333	F#5	90	80	0	3	-3.409656
71	10.250000	10.500000	B2	90	80	1	-2	-2.554480
72	10.333333	10.500000	C#5	90	80	0	1	-2.905888
73	10.500000	10.666667	E5	90	80	0	2	-3.493146
74	10.500000	10.750000	E3	90	80	1	-1	-2.320150
75	10.666667	10.833333	B4	90	80	0	1	-3.434905
76	10.750000	11.000000	G#3	90	80	1	-2	-5.718611
77	10.833333	11.000000	C#5	90	80	0	2	-3.246278
78	11.000000	11.166667	G#4	90	80	0	1	-3.434905
79	11.000000	11.250000	B3	90	80	1	-1	-2.464298
80	11.166667	11.333333	B4	90	80	0	2	-3.493146
81	11.250000	11.500000	G#3	90	80	1	-2	-3.299403
82	11.333333	11.500000	F#4	90	80	0	1	-3.898407
83	11.500000	11.666667	G#4	90	80	0	2	-2.867384
84	11.500000	11.750000	E3	90	80	1	-1	-6.695584
85	11.666667	11.833333	E4	90	80	0	1	-4.134704
86	11.750000	12.000000	B2	90	80	1	-2	-3.456527
87	11.833333	12.000000	G#4	90	80	0	2	-3.275273
88	12.000000	13.000000	D#4	90	80	0	1	-3.434905
89	12.000000	12.250000	E2	90	80	1	-5	-3.155341
90	12.250000	12.500000	C#3	90	80	1	-2	-4.731534
91	12.500000	12.750000	E3	90	80	1	-1	-2.464298
92	12.750000	13.000000	G#3	90	80	1	-2	-5.718611
93	13.000000	13.500000	C#4	90	80	0	2	-4.891425
94	13.000000	13.250000	C#4	90	80	1	-1	-2.320150
95	13.250000	13.500000	G#3	90	80	1	-2	-3.456527
96	13.500000	13.750000	B3	90	80	0	1	-3.360143
97	13.500000	13.750000	E3	90	80	1	-4	-4.761119
98	13.750000	14.000000	C#3	90	80	1	-1	-6.154130
99	14.000000	14.166667	E5	90	80	0	4	-8.009427
100	14.000000	14.250000	E2	90	80	1	-5	-4.087479
101	14.166667	14.333333	F#5	90	80	0	5	-4.070264
102	14.250000	14.500000	B2	90	80	1	-2	-2.554480
103	14.333333	14.500000	C#5	90	80	0	2	-3.071676
104	14.500000	14.666667	E5	90	80	0	3	-3.265372
105	14.500000	14.750000	E3	90	80	1	-1	-2.320150
106	14.666667	14.833333	B4	90	80	0	1	-2.905888
107	14.750000	15.000000	G#3	90	80	1	-2	-5.718611
108	14.833333	15.000000	C#5	90	80	0	2	-3.246278
109	15.000000	15.166667	G#4	90	80	0	1	-3.434905
110	15.000000	15.250000	B3	90	80	1	-1	-2.464298
111	15.166667	15.333333	B4	90	80	0	2	-3.493146
112	15.250000	15.500000	G#3	90	80	1	-2	-3.299403
113	15.333333	15.500000	F#4	90	80	0	1	-3.898407
114	15.500000	15.666667	G#4	90	80	0	2	-2.867384
115	15.500000	15.750000	E3	90	80	1	-1	-6.695584
116	15.666667	15.833333	E4	90	80	0	1	-4.134704
117	15.750000	16.000000	B2	90	80	1	-2	-3.456527
118	15.833333	16.000000	G#4	90	80	0	2	-3.275273
119	16.000000	17.000000	D#4	90	80	0	1	-3.434905
120	16.000000	16.250000	E2	90	80	1	-5	-3.155341
121	16.250000	16.500000	C#3	90	80	1	-2	-4.731534
122	16.500000	16.750000	E3	90	80	1	-1	-2.464298
123	16.750000	17.000000	G#3	90	80	1	-2	-5.718611
124	17.000000	17.500000	C#4	90	80	0	3	-4.737465
125	17.000000	17.250000	C#4	90	80	1	-1	-2.320150
126	17.250000	17.500000	G#3	90	80	1	-2	-3.456527
127	17.500000	17.666667	B3	90	80	0	2	-3.286699
128	17.500000	17.750000	E3	90	80	1	-1	-6.695584
129	17.666667	17.833333	A3	90	80	0	1	-2.609267
130	17.750000	18.000000	C#3	90	80	1	-2	-3.299403
131	17.833333	18.000000	B3	90	80	0	2	-2.867384
132	18.000000	18.750000	C#4	90	80	0	3	-3.409656
133	18.000000	18.250000	F#2	90	80	1	-5	-3.155341
134	18.250000	18.500000	C#3	90	80	1	-2	-2.554480
135	18.500000	18.750000	E3	90	80	1	-1	-2.464298
136	18.750000	19.000000	E4	90	80	0	4	-4.111873
137	18.750000	19.000000	F#3	90	80	1	-3	-5.700951
138	19.000000	19.250000	D#4	90	80	0	3	-3.226506
139	19.000000	19.250000	A3	90	80	1	-2	-2.872099
140	19.250000	19.500000	E4	90	80	0	4	-3.868143
141	19.250000	19.500000	F#3	90	80	1	-3	-3.464153
142	19.500000	20.000000	C#4	90	80	0	2	-4.090178
143	19.500000	19.750000	E3	90	80	1	-1	-4.439870
144	19.750000	20.000000	C#3	90	80	1	-2	-3.299403
145	20.000000	21.000000	G#4	90	80	0	5	-3.528229
146	20.000000	20.250000	G#2	90	80	1	-4	-4.045906
147	20.250000	20.500000	C#3	90	80	1	-2	-2.507290
148	20.500000	20.750000	E3	90	80	1	-1	-2.464298
149	20.750000	21.000000	G#3	90	80	1	-2	-5.718611
150	21.000000	21.500000	E4	90	80	0	3	-4.396088
151	21.000000	21.250000	B3	90	80	1	-1	-2.464298
152	21.250000	21.500000	G#3	90	80	1	-2	-3.299403
153	21.500000	21.666667	D#4	90	80	0	2	-3.151465
154	21.500000	21.750000	E3	90	80	1	-3	-5.615128
155	21.666667	21.833333	C#4	90	80	0	1	-2.609267
156	21.750000	22.000000	C#3	90	80	1	-4	-4.210732
157	21.833333	22.000000	D#4	90	80	0	2	-2.867384
158	22.000000	22.750000	E4	90	80	0	1	-4.072488
159	22.000000	22.250000	A2	90	80	1	-5	-4.745687
160	22.250000	22.500000	E3	90	80	1	-4	-4.864358
161	22.500000	22.750000	F#3	90	80	1	-3	-3.762277
162	22.750000	23.000000	G#4	90	80	0	2	-3.275273
163	22.750000	23.000000	A3	90	80	1	-2	-2.872099
164	23.000000	23.250000	F#4	90	80	0	1	-2.609267
165	23.000000	23.250000	C#4	90	80	1	-1	-3.194227
166	23.250000	23.500000	G#4	90	80	0	2	-2.867384
167	23.250000	23.500000	A3	90	80	1	-2	-4.597368
168	23.500000	24.000000	E4	90	80	0	1	-4.134704
169	23.500000	23.750000	F#3	90	80	1	-3	-3.464153
170	23.750000	24.000000	E3	90	80	1	-1	-4.439870
171	24.000000	25.000000	C#5	90	80	0	4	-4.568866
172	24.000000	24.250000	A#2	90	80	1	-2	-5.099885
173	24.250000	24.500000	E3	90	80	1	-1	-4.366821
174	24.500000	24.750000	G#3	90	80	1	-2	-5.718611
175	24.750000	25.000000	C#4	90	80	1	-1	-2.320150
176	25.000000	25.166667	A#4	90	80	0	2	-3.359779
177	25.000000	25.250000	C#3	90	80	1	-5	-2.314770
178	25.166667	25.333333	C#5	90	80	0	4	-2.758588
179	25.250000	25.500000	F#3	90	80	1	-3	-3.463793
180	25.333333	25.500000	A#4	90	80	0	2	-3.359779
181	25.500000	26.000000	G#4	90	80	0	1	-2.609267
182	25.500000	25.750000	A#3	90	80	1	-2	-3.046717
183	25.750000	26.000000	E4	90	80	1	-1	-4.366821
184	26.000000	27.000000	E5	90	80	0	3	-5.327229
185	26.000000	26.250000	E3	90	80	1	-5	-2.314770
186	26.250000	26.500000	A#3	90	80	1	-3	-5.669550
187	26.500000	26.750000	C#4	90	80	1	-2	-3.046717
188	26.750000	27.000000	G#4	90	80	1	-1	-4.047397
189	27.000000	27.166667	C#5	90	80	0	2	-3.032881
190	27.000000	27.250000	F#3	90	80	1	-5	-3.842215
191	27.166667	27.333333	E5	90	80	0	3	-3.265372
192	27.250000	27.500000	C#4	90	80	1	-3	-3.416097
193	27.333333	27.500000	C#5	90	80	0	2	-3.032881
194	27.500000	28.250000	G#5	90	80	0	4	-4.859095
195	27.500000	27.750000	E4	90	80	1	-2	-2.872099
196	27.750000	28.000000	A#4	90	80	1	-1	-5.267467
197	28.000000	28.250000	A#3	90	80	1	-5	-2.314770
198	28.250000	28.500000	F#5	90	80	0	3	-2.238713
199	28.250000	28.500000	E4	90	80	1	-3	-5.278707
200	28.500000	29.250000	G#5	90	80	0	4	-2.883688
201	28.500000	28.750000	G#4	90	80	1	-2	-3.749711
202	28.750000	29.000000	C#5	90	80	1	-1	-2.320150
203	29.000000	29.250000	C#4	90	80	1	-5	-2.314770
204	29.250000	29.500000	F#5	90	80	0	3	-2.238713
205	29.250000	29.500000	F#4	90	80	1	-3	-3.463793
206	29.500000	30.250000	G#5	90	80	0	4	-2.883688
207	29.500000	29.750000	A#4	90	80	1	-2	-3.046717
208	29.750000	30.000000	E5	90	80	1	-1	-4.366821
209	30.000000	30.250000	A#3	90	80	1	-5	-6.587391
210	30.250000	30.500000	F#5	90	80	0	3	-2.238713
211	30.250000	30.500000	E4	90	80	1	-3	-5.278707
212	30.500000	30.750000	G#5	84	80	0	4	-2.883688
213	30.500000	30.750000	G#4	90	80	1	-2	-3.749711
214	30.750000	31.250000	F#5	84	80	0	3	-2.238713
215	30.750000	31.000000	C#5	90	80	1	-1	-2.320150
216	31.000000	31.250000	C#4	90	80	1	-5	-2.314770
217	31.250000	31.500000	G#5	84	80	0	4	-2.883688
218	31.250000	31.500000	F#4	90	80	1	-3	-3.463793
219	31.500000	32.500000	A5	63	80	0	5	-3.684684
220	31.500000	31.750000	A#4	90	80	1	-2	-3.046717
221	31.750000	32.000000	E5	90	80	1	-1	-4.366821
222	32.000000	32.166667	C#5	63	80	0	1	-3.862851
223	32.000000	32.166667	C#4	63	80	1	-5	-4.510402
224	32.166667	32.333333	E5	63	80	0	2	-3.493146
225	32.166667	32.333333	E4	63	80	1	-4	-4.523458
226	32.333333	32.500000	F#5	63	80	0	4	-4.064995
227	32.333333	32.500000	A4	63	80	1	-2	-2.507290
228	32.500000	33.500000	G#5	63	80	0	5	-2.706622
229	32.500000	32.666667	G#5	63	80	0	5	-4.495609
230	32.666667	32.833333	D#5	63	80	0	2	-3.071676
231	32.833333	33.000000	B4	63	80	0	1	-4.134704
232	33.500000	34.500000	F#5	63	80	0	4	-4.298356
233	33.500000	33.666667	G#4	63	80	1	-3	-3.848567
234	33.666667	33.833333	D#4	63	80	1	-1	-6.083116
235	33.833333	34.000000	B3	63	80	1	-2	-4.597368
236	34.000000	34.166667	A4	63	80	0	1	-3.493957
237	34.000000	34.166667	A3	63	80	1	-3	-2.891080
238	34.166667	34.333333	C#5	63	80	0	2	-3.275273
239	34.166667	34.333333	C#4	63	80	1	-2	-3.749711
240	34.333333	34.500000	D#5	63	80	0	3	-2.675961
241	34.333333	34.500000	F#4	63	80	1	-1	-2.320150
242	34.500000	35.500000	E5	63	80	0	4	-3.868143
243	34.500000	34.666667	E5	63	80	0	4	-4.784491
244	34.666667	34.833333	B4	63	80	0	2	-3.266530
245	34.833333	35.000000	G#4	63	80	0	1	-3.967913
246	35.500000	36.500000	D#5	63	80	0	2	-3.928858
247	35.500000	35.666667	E4	63	80	1	-2	-4.084076
248	35.666667	35.833333	B3	63	80	1	-1	-6.371283
249	35.833333	36.000000	G#3	63	80	1	-2	-3.299403
250	36.000000	36.166667	F##3	63	80	1	-3	-3.281947
251	36.166667	36.333333	C#4	63	80	1	-1	-4.411093
252	36.333333	36.500000	D#4	63	80	1	-3	-4.611792
253	36.500000	37.000000	E5	63	80	0	1	-4.072488
254	36.500000	36.666667	A#4	63	80	1	-1	-3.342645
255	36.666667	36.833333	D#4	63	80	1	-2	-4.659581
256	36.833333	37.000000	C#4	63	80	1	-3	-2.891080
257	37.000000	37.250000	G#5	63	80	0	3	-3.998423
258	37.000000	37.166667	G#3	63	80	1	-5	-4.227379
259	37.166667	37.333333	C#4	63	80	1	-3	-3.463793
260	37.250000	37.500000	B5	63	80	0	5	-3.635747
261	37.333333	37.500000	E4	63	80	1	-2	-2.872099
262	37.500000	38.750000	D#5	81	80	0	2	-3.763668
263	37.500000	37.666667	B4	63	80	1	-1	-4.047397
264	37.666667	37.833333	E4	63	80	1	-2	-4.659581
265	37.833333	38.000000	C#4	63	80	1	-3	-3.464153
266	38.000000	38.166667	F##3	81	80	1	-5	-6.125788
267	38.166667	38.333333	C#4	81	80	1	-3	-5.669550
268	38.333333	38.500000	D#4	81	80	1	-2	-2.510186
269	38.500000	38.666667	A#4	81	80	1	-1	-4.047397
270	38.666667	38.833333	D#4	81	80	1	-3	-4.266477
271	38.750000	39.000000	C#5	63	80	0	1	-2.609267
272	38.833333	39.000000	C#4	81	80	1	-1	-3.930078
273	39.000000	39.250000	E5	63	80	0	2	-3.493146
274	39.000000	39.166667	E3	63	80	1	-5	-4.087479
275	39.166667	39.333333	A3	63	80	1	-3	-3.463793
276	39.250000	39.500000	G#5	63	80	0	4	-3.522723
277	39.333333	39.500000	C#4	63	80	1	-2	-3.749711
278	39.500000	40.750000	B4	63	80	0	1	-3.493957
279	39.500000	39.666667	G#4	63	80	1	-1	-4.047397
280	39.666667	39.833333	C#4	63	80	1	-3	-4.266477
281	39.833333	40.000000	A3	63	80	1	-1	-6.473904
282	40.000000	40.166667	D#3	63	80	1	-2	-5.099885
283	40.166667	40.333333	A3	63	80	1	-1	-4.366821
284	40.333333	40.500000	B3	63	80	1	-3	-4.611792
285	40.500000	40.666667	F#4	63	80	1	-1	-4.707497
286	40.666667	40.833333	B3	63	80	1	-3	-5.904641
287	40.750000	41.000000	A4	63	80	0	2	-4.891425
288	40.833333	41.000000	A3	63	80	1	-1	-3.930078
289	41.000000	41.250000	C#5	63	80	0	4	-3.522723
290	41.000000	41.166667	C#3	63	80	1	-5	-4.332318
291	41.166667	41.333333	F#3	63	80	1	-3	-3.463793
292	41.250000	41.500000	E5	63	80	0	5	-3.871087
293	41.333333	41.500000	A3	63	80	1	-2	-2.872099
294	41.500000	42.500000	G#4	63	80	0	2	-3.763668
295	41.500000	41.666667	E4	63	80	1	-1	-4.047397
296	41.666667	41.833333	A3	63	80	1	-2	-4.659581
297	41.833333	42.000000	F#3	63	80	1	-3	-3.464153
298	42.000000	42.166667	B#2	63	80	1	-5	-6.125788
299	42.166667	42.333333	F#3	63	80	1	-3	-5.669550
300	42.333333	42.500000	G#3	63	80	1	-2	-2.510186
301	42.500000	42.666667	D#4	63	80	1	-1	-4.047397
302	42.666667	42.833333	A4	63	80	0	1	-4.072488
303	42.666667	42.833333	G#3	63	80	1	-2	-4.659581
304	42.833333	43.000000	C#5	63	80	0	2	-3.275273
305	42.833333	43.000000	F#3	63	80	1	-3	-2.891080
306	43.000000	43.166667	E5	63	80	0	3	-3.265372
307	43.000000	43.166667	C#3	63	80	1	-5	-4.227379
308	43.166667	43.333333	G#5	63	80	0	5	-3.549127
309	43.166667	43.333333	F#3	63	80	1	-3	-3.463793
310	43.333333	43.500000	F#5	63	80	0	4	-2.814339
311	43.333333	43.500000	A3	63	80	1	-2	-2.872099
312	43.500000	44.000000	D#5	63	80	0	2	-3.359779
313	43.500000	43.666667	E4	63	80	1	-1	-4.047397
314	43.666667	43.833333	A3	63	80	1	-2	-4.659581
315	43.833333	44.000000	F#3	63	80	1	-3	-3.464153
316	44.000000	44.500000	G#4	63	80	0	1	-4.740672
317	44.000000	44.166667	B#2	63	80	1	-5	-6.125788
318	44.166667	44.333333	F#3	63	80	1	-3	-5.669550
319	44.333333	44.500000	G#3	63	80	1	-2	-2.510186
320	44.500000	44.666667	D#4	63	80	1	-1	-4.047397
321	44.666667	44.833333	G#3	63	80	1	-3	-4.266477
322	44.750000	45.000000	F#4	63	80	0	2	-4.891425
323	44.833333	45.000000	F#3	63	80	1	-1	-3.930078
324	45.000000	45.250000	A4	63	80	0	3	-3.265372
325	45.000000	45.166667	B2	63	80	1	-5	-5.060396
326	45.166667	45.333333	F#3	63	80	1	-3	-5.375180
327	45.250000	45.500000	C#5	63	80	0	5	-3.549127
328	45.333333	45.500000	A3	63	80	1	-2	-2.872099
329	45.500000	46.500000	E4	81	80	0	1	-4.031984
330	45.500000	45.666667	D4	63	80	1	-1	-2.320150
331	45.666667	45.833333	A3	63	80	1	-2	-3.456527
332	45.833333	46.000000	F#3	63	80	1	-3	-3.464153
333	46.000000	46.166667	B2	81	80	1	-5	-6.516573
334	46.166667	46.333333	E3	81	80	1	-3	-3.463793
335	46.333333	46.500000	G#3	81	80	1	-2	-3.749711
336	46.500000	46.666667	D4	81	80	1	-1	-4.366821
337	46.666667	46.833333	F#4	81	80	0	2	-3.246278
338	46.666667	46.833333	G#3	81	80	1	-2	-5.099885
339	46.833333	47.000000	A4	63	80	0	1	-5.162135
340	46.833333	47.000000	E3	81	80	1	-4	-4.761119
341	47.000000	47.166667	C#5	63	80	0	2	-3.275273
342	47.000000	47.166667	B2	81	80	1	-5	-4.921434
343	47.166667	47.333333	E5	63	80	0	4	-3.580467
344	47.166667	47.333333	F#3	81	80	1	-3	-5.375180
345	47.333333	47.500000	D5	63	80	0	3	-2.238713
346	47.333333	47.500000	A3	63	80	1	-2	-2.872099
347	47.500000	48.000000	G#4	63	80	0	1	-5.241027
348	47.500000	47.666667	D4	63	80	1	-1	-2.320150
349	47.666667	47.833333	A3	63	80	1	-2	-3.456527
350	47.833333	48.000000	F#3	63	80	1	-3	-3.464153
351	48.000000	49.000000	F#4	63	80	0	3	-4.737465
352	48.000000	48.166667	B2	63	80	1	-5	-6.516573
353	48.166667	48.333333	E3	63	80	1	-3	-3.463793
354	48.333333	48.500000	G#3	63	80	1	-2	-3.749711
355	48.500000	48.666667	D4	63	80	1	-1	-4.366821
356	48.666667	48.833333	G#3	63	80	1	-2	-5.099885
357	48.833333	49.000000	E3	63	80	1	-1	-6.695584
358	49.000000	49.500000	D4	63	80	0	1	-3.996553
359	49.000000	49.166667	E2	63	80	1	-5	-2.314770
360	49.166667	49.333333	B2	63	80	1	-2	-2.554480
361	49.333333	49.500000	E3	63	80	1	-1	-2.320150
362	49.500000	52.000000	C#4	63	80	0	4	-6.559871
363	49.500000	49.666667	F#3	63	80	1	-3	-5.700951
364	49.666667	49.833333	G#3	63	80	1	-2	-2.510186
365	49.833333	50.000000	E3	63	80	0	1	-3.493957
366	49.833333	50.000000	B3	63	80	1	-1	-2.464298
367	50.000000	50.166667	G3	63	80	0	2	-2.525967
368	50.000000	50.166667	A1	63	80	1	-5	-4.456078
369	50.166667	50.333333	A3	63	80	0	3	-2.675961
370	50.166667	53.833333	A2	63	80	1	-1	-1.202832
371	50.333333	50.500000	B3	63	80	0	4	-2.883688
372	50.500000	50.666667	A3	63	80	0	3	-2.238713
373	50.666667	50.833333	E3	63	80	0	1	-2.905888
374	50.833333	51.000000	G3	63	80	0	2	-2.525967
375	51.000000	51.166667	A3	63	80	0	3	-2.675961
376	51.166667	51.333333	B3	63	80	0	4	-2.883688
377	51.333333	51.500000	A3	63	80	0	3	-2.238713
378	51.500000	53.500000	G3	63	80	0	1	-4.689140
379	52.000000	52.500000	C#4	63	80	0	2	-5.017340
380	52.500000	53.000000	E4	63	80	0	3	-3.265372
381	53.000000	53.500000	C#4	63	80	0	2	-3.032881
382	53.500000	56.000000	F#4	63	80	0	4	-2.909306
383	54.000000	54.166667	A3	63	80	0	1	-3.493957
384	54.000000	54.250000	D2	63	80	1	-5	-3.242781
385	54.166667	54.333333	B3	63	80	0	2	-2.867384
386	54.250000	54.500000	A2	63	80	1	-3	-3.416097
387	54.333333	54.500000	C#4	63	80	0	3	-3.409656
388	54.500000	54.666667	B3	63	80	0	2	-3.286699
389	54.500000	56.000000	F#3	63	80	1	-1	-4.469532
390	54.666667	54.833333	A3	63	80	0	1	-2.609267
391	54.833333	55.000000	B3	63	80	0	2	-2.867384
392	55.000000	55.166667	C#4	63	80	0	3	-3.409656
393	55.166667	55.333333	B3	63	80	0	2	-3.286699
394	55.333333	55.500000	A3	63	80	0	1	-2.609267
395	55.500000	56.500000	C#4	63	80	0	2	-3.275273
396	56.000000	56.500000	F#4	63	80	0	4	-2.909306
397	56.000000	56.250000	B1	63	80	1	-5	-6.196562
398	56.250000	56.500000	B2	63	80	1	-1	-1.202832
399	56.500000	58.500000	D#4	63	80	0	2	-3.359779
400	56.500000	57.000000	A4	63	80	0	4	-5.030376
401	56.500000	56.750000	F#3	63	80	1	-4	-8.632181
402	56.750000	57.000000	A3	63	80	1	-2	-3.571868
403	57.000000	57.500000	F#4	63	80	0	3	-3.510496
404	57.000000	57.500000	B3	63	80	1	-1	-2.578439
405	57.500000	58.000000	B4	63	80	0	5	-3.340065
406	58.000000	58.500000	G#4	63	80	0	3	-4.229469
407	58.000000	58.250000	G#1	63	80	1	-5	-5.704159
408	58.250000	58.500000	G#2	63	80	1	-1	-1.202832
409	58.500000	59.500000	E4	63	80	0	1	-3.996553
410	58.500000	59.000000	B4	63	80	0	3	-3.751952
411	58.500000	58.750000	E3	63	80	1	-4	-6.237620
412	58.750000	59.000000	G#3	63	80	1	-2	-3.159098
413	59.000000	59.500000	G#4	63	80	0	2	-3.032881
414	59.000000	59.500000	B3	63	80	1	-1	-2.464298
415	59.500000	61.500000	A4	90	80	0	3	-3.686981
416	59.500000	61.500000	C#5	90	80	0	5	-3.549127
417	60.000000	60.166667	F#1	63	80	1	-5	-5.704159
418	60.166667	60.333333	F#2	63	80	1	-1	-1.202832
419	60.333333	60.500000	C#3	63	80	1	-5	-5.919258
420	60.500000	60.666667	E3	63	80	1	-4	-4.523458
421	60.666667	60.833333	E4	63	80	0	1	-4.031984
422	60.666667	60.833333	F#3	63	80	1	-3	-3.762277
423	60.833333	61.000000	F#4	63	80	0	2	-3.246278
424	60.833333	61.000000	A3	63	80	1	-2	-2.872099
425	61.000000	61.166667	A4	63	80	0	4	-3.580467
426	61.000000	61.166667	C#4	63	80	1	-1	-3.194227
427	61.166667	61.333333	G#4	63	80	0	3	-3.226506
428	61.333333	61.500000	F#4	63	80	0	2	-2.287533
429	61.500000	62.500000	E4	63	80	0	1	-3.360143
430	62.000000	62.500000	F#4	90	80	0	2	-3.246278
431	62.000000	62.500000	A4	90	80	0	3	-3.265372
432	62.500000	63.000000	G#4	90	80	0	2	-3.151465
433	62.500000	63.000000	B4	90	80	0	3	-3.265372
434	63.000000	63.500000	A4	90	80	0	2	-2.287533
435	63.000000	63.500000	C#5	90	80	0	4	-3.522723
436	63.000000	63.500000	D#4	63	80	1	-3	-4.611792
437	63.500000	65.500000	A4	90	80	0	2	-4.058569
438	63.500000	65.500000	C#5	90	80	0	4	-3.522723
439	63.500000	64.000000	C#4	63	80	1	-1	-3.930078
440	64.000000	64.166667	F#1	63	80	1	-5	-4.456078
441	64.166667	64.333333	F#2	63	80	1	-1	-1.202832
442	64.333333	64.500000	C#3	63	80	1	-5	-5.919258
443	64.500000	64.666667	E3	63	80	1	-4	-4.523458
444	64.666667	64.833333	E4	63	80	0	1	-3.493957
445	64.666667	64.833333	F#3	63	80	1	-3	-3.762277
446	64.833333	65.000000	F#4	63	80	0	2	-3.246278
447	64.833333	65.000000	A3	63	80	1	-2	-2.872099
448	65.000000	65.166667	A4	63	80	0	4	-3.580467
449	65.000000	65.166667	C#4	63	80	1	-1	-3.194227
450	65.166667	65.333333	G#4	63	80	0	3	-3.226506
451	65.333333	65.500000	F#4	63	80	0	2	-2.287533
452	65.500000	66.500000	E4	63	80	0	1	-3.360143
453	66.000000	66.166667	F#4	63	80	0	2	-3.246278
454	66.000000	66.500000	A4	63	80	0	4	-3.580467
455	66.166667	66.333333	C#4	63	80	0	1	-3.577835
456	66.333333	66.500000	E4	63	80	0	2	-3.493146
457	66.500000	66.666667	G#4	63	80	0	4	-3.522723
458	66.500000	67.000000	B4	63	80	0	5	-3.871087
459	66.666667	66.833333	D#4	63	80	0	1	-3.862851
460	66.833333	67.000000	F#4	63	80	0	2	-2.525967
461	67.000000	67.166667	A4	81	80	0	3	-3.265372
462	67.000000	67.500000	C#5	81	80	0	5	-3.549127
463	67.000000	68.000000	F#3	63	80	1	-2	-4.659581
464	67.166667	67.333333	E4	81	80	0	1	-4.031984
465	67.333333	67.500000	G#4	81	80	0	2	-3.275273
466	67.500000	67.666667	B4	81	80	0	3	-3.265372
467	67.500000	68.000000	D#5	81	80	0	5	-3.549127
468	67.666667	67.833333	F#4	81	80	0	1	-2.845304
469	67.833333	68.000000	A4	81	80	0	2	-3.493146
470	68.000000	68.166667	C#5	81	80	0	4	-3.522723
471	68.000000	68.500000	E5	81	80	0	5	-3.871087
472	68.000000	68.500000	B2	87	80	1	-5	-4.626444
473	68.166667	68.333333	G#4	81	80	0	1	-3.862851
474	68.333333	68.500000	B4	81	80	0	2	-3.493146
475	68.500000	68.666667	D#5	81	80	0	4	-3.522723
476	68.500000	69.000000	F#5	81	80	0	5	-3.402079
477	68.500000	69.000000	F#3	87	80	1	-2	-4.281723
478	68.666667	68.833333	A4	81	80	0	1	-4.031984
479	68.833333	69.000000	C#5	81	80	0	2	-3.275273
480	69.000000	69.166667	E5	81	80	0	3	-3.265372
481	69.000000	69.500000	G#5	81	80	0	5	-3.549127
482	69.000000	69.500000	A3	87	80	1	-1	-2.464298
483	69.166667	69.333333	B4	81	80	0	1	-4.031984
484	69.333333	69.500000	D#5	81	80	0	2	-3.275273
485	69.500000	69.666667	F#5	81	80	0	4	-2.758588
486	69.500000	70.000000	A5	81	80	0	5	-3.871087
487	69.500000	70.000000	B3	87	80	1	-2	-5.429322
488	69.666667	69.833333	C#5	81	80	0	1	-3.862851
489	69.833333	70.000000	E5	81	80	0	2	-3.493146
490	70.000000	70.166667	G#5	126	80	0	4	-3.522723
491	70.000000	70.500000	B5	126	80	0	5	-3.871087
492	70.000000	70.500000	D#4	87	80	1	-1	-3.194227
493	70.166667	70.333333	D#5	126	80	0	1	-3.862851
494	70.333333	70.500000	F#5	126	80	0	2	-2.525967
495	70.500000	70.666667	A5	126	80	0	3	-3.265372
496	70.500000	71.000000	C#6	126	80	0	5	-3.549127
497	70.500000	71.000000	F#4	127	80	1	-3	-6.091799
498	70.666667	70.833333	E5	126	80	0	1	-4.031984
499	70.833333	71.000000	G#5	126	80	0	2	-3.275273
500	71.000000	71.166667	B5	126	80	0	3	-3.265372
501	71.000000	71.500000	D#6	126	80	0	5	-3.549127
502	71.000000	71.500000	A4	127	80	1	-2	-2.872099
503	71.166667	71.333333	F#5	126	80	0	1	-2.845304
504	71.333333	71.500000	A5	126	80	0	2	-3.493146
505	71.500000	73.500000	G#5	90	80	0	1	-4.846711
506	71.500000	73.500000	B5	90	80	0	2	-3.493146
507	71.500000	72.500000	F#6	63	80	0	5	-4.848026
508	71.500000	72.000000	B4	127	80	1	-1	-2.578439
509	72.000000	72.250000	E1	63	80	1	-5	-4.456078
510	72.250000	72.500000	E2	63	80	1	-1	-1.202832
511	72.500000	73.500000	E6	63	80	0	4	-4.503222
512	72.500000	72.750000	B2	63	80	1	-5	-5.919258
513	72.750000	73.000000	E3	63	80	1	-2	-3.272976
514	73.000000	73.250000	G#3	63	80	1	-1	-3.194227
515	73.250000	73.500000	B3	63	80	1	-5	-6.473863
516	73.500000	75.500000	E5	63	80	0	1	-3.627794
517	73.500000	73.750000	E4	63	80	1	-2	-3.272976
518	73.750000	74.000000	G#4	63	80	1	-1	-3.194227
519	75.000000	76.000000	E4	63	80	1	-2	-4.597368
520	75.500000	77.000000	A4	63	80	0	1	-7.180592
521	75.500000	75.666667	E5	63	80	0	3	-3.751952
522	75.666667	75.833333	D5	63	80	0	2	-2.287533
523	75.833333	76.000000	E5	63	80	0	3	-2.675961
524	76.000000	76.750000	C#5	63	80	0	2	-3.032881
525	76.000000	76.250000	B3	63	80	1	-4	-4.045906
526	76.000000	77.500000	F#4	63	80	1	-1	-4.009808
527	76.250000	76.500000	C#4	63	80	1	-2	-3.456527
528	76.500000	77.500000	D4	63	80	1	-1	-3.404249
529	76.750000	77.000000	B4	63	80	0	1	-3.360143
530	77.000000	77.500000	G#4	63	80	0	2	-5.755227
531	77.000000	77.250000	B4	63	80	0	3	-3.265372
532	77.250000	77.500000	C#5	63	80	0	5	-3.990232
533	77.500000	78.000000	F#4	63	80	0	2	-3.263552
534	77.500000	78.000000	A4	63	80	0	3	-3.265372
535	77.500000	78.000000	E3	63	80	1	-5	-3.181034
536	77.500000	78.000000	D4	63	80	1	-1	-3.610078
537	78.000000	79.500000	D#4	63	80	0	2	-5.483387
538	78.000000	79.000000	F#4	63	80	0	4	-2.758588
539	78.000000	78.500000	F#3	90	80	1	-4	-4.339145
540	78.000000	78.500000	C#4	90	80	1	-1	-2.959487
541	78.500000	80.000000	B2	90	80	1	-5	-5.012184
542	78.500000	80.000000	A3	90	80	1	-1	-3.610078
543	79.000000	79.500000	G#4	63	80	0	5	-2.706622
544	79.500000	80.000000	G#3	90	80	0	1	-1.922714
545	79.500000	80.000000	D4	90	80	0	2	-5.302163
546	79.500000	79.750000	F#4	63	80	0	3	-4.632489
547	79.750000	80.000000	E4	63	80	0	1	-3.984578
548	80.000000	81.500000	B4	90	80	0	2	-3.928858
549	80.000000	81.500000	D5	90	80	0	3	-3.012122
550	80.000000	81.000000	F#5	81	80	0	5	-3.549127
551	80.000000	80.500000	E2	90	80	1	-5	-3.781310
552	80.000000	80.500000	B2	90	80	1	-1	-3.477173
553	80.500000	82.000000	G#3	90	80	1	-5	-6.864678
554	80.500000	82.000000	D4	90	80	1	-2	-4.656382
555	80.500000	81.500000	F#4	81	80	1	-1	-3.194227
556	81.000000	81.500000	E5	81	80	0	4	-4.503222
557	81.500000	82.000000	A3	90	80	0	1	-7.338864
558	81.500000	82.000000	C#4	90	80	0	2	-3.275273
559	81.500000	81.750000	F#4	63	80	0	4	-2.909306
560	81.500000	82.000000	E4	81	80	1	-2	-4.084076
561	81.750000	82.000000	E4	63	80	0	3	-3.914844
562	82.000000	83.500000	A4	90	80	0	1	-5.548003
563	82.000000	83.500000	C#5	90	80	0	2	-3.275273
564	82.000000	82.750000	G#5	127	80	0	4	-4.859095
565	82.000000	82.500000	A2	90	80	1	-5	-6.177855
566	82.000000	82.500000	E3	90	80	1	-1	-3.477173
567	82.500000	84.000000	E3	90	80	1	-5	-4.801795
568	82.500000	84.000000	A3	90	80	1	-3	-3.463793
569	82.500000	84.000000	C#4	90	80	1	-2	-3.749711
570	82.500000	84.000000	E4	90	80	1	-1	-2.464298
571	82.750000	83.000000	B5	127	80	0	5	-3.871087
572	83.000000	83.250000	A5	127	80	0	4	-2.814339
573	83.250000	83.500000	F#5	127	80	0	3	-3.510496
574	83.500000	85.000000	A4	63	80	0	1	-5.332902
575	83.500000	83.666667	E5	63	80	0	4	-4.054949
576	83.666667	83.833333	D5	63	80	0	3	-2.238713
577	83.833333	84.000000	E5	63	80	0	4	-2.883688
578	84.000000	84.750000	C#5	63	80	0	3	-3.510496
579	84.000000	84.250000	B3	63	80	1	-4	-4.223116
580	84.000000	85.500000	F#4	63	80	1	-1	-4.009808
581	84.250000	84.500000	C#4	63	80	1	-3	-3.831713
582	84.500000	86.000000	D4	63	80	1	-2	-3.642491
583	84.750000	85.000000	B4	63	80	0	2	-3.286699
584	85.000000	85.500000	G#4	63	80	0	1	-3.967913
585	85.000000	85.250000	B4	63	80	0	2	-3.493146
586	85.250000	85.500000	C#5	63	80	0	4	-4.064995
587	85.500000	86.500000	E4	63	80	0	1	-3.493957
588	85.500000	86.000000	A4	63	80	0	3	-3.401091
589	85.500000	86.000000	F4	63	80	1	-1	-2.415329
590	86.000000	86.750000	F#4	63	80	0	2	-3.032881
591	86.000000	86.500000	F#3	90	80	1	-5	-4.582913
592	86.000000	86.500000	C#4	90	80	1	-1	-3.477173
593	86.500000	87.000000	D#4	63	80	0	1	-3.157580
594	86.500000	87.500000	B2	90	80	1	-5	-5.012184
595	86.500000	87.500000	A3	90	80	1	-1	-3.610078
596	86.750000	87.000000	F#4	63	80	0	2	-2.525967
597	87.000000	87.500000	C#4	63	80	0	1	-3.434905
598	87.000000	87.250000	F#4	63	80	0	3	-3.401091
599	87.250000	87.500000	G#4	63	80	0	4	-2.883688
600	87.500000	88.000000	B3	81	80	0	1	-3.493957
601	87.500000	87.666667	F#4	81	80	0	5	-4.305381
602	87.500000	88.000000	A2	90	80	1	-5	-2.314770
603	87.500000	88.000000	D#3	90	80	1	-2	-5.232676
604	87.666667	87.833333	E4	81	80	0	4	-4.503222
605	87.833333	88.000000	B3	81	80	0	2	-3.266530
606	88.000000	89.000000	A3	81	80	0	1	-2.609267
607	88.000000	89.000000	C#4	81	80	0	2	-3.275273
608	88.000000	88.500000	G#2	90	80	1	-5	-3.155341
609	88.000000	88.500000	E3	90	80	1	-1	-4.813538
610	88.500000	89.500000	F#2	90	80	1	-4	-4.497131
611	88.500000	89.500000	E3	90	80	1	-1	-4.387723
612	89.000000	89.500000	A3	81	80	0	1	-4.134704
613	89.000000	89.500000	C#4	90	80	0	2	-3.275273
614	89.000000	89.500000	E4	90	80	0	4	-3.580467
615	89.500000	90.000000	A3	63	80	0	1	-2.857522
616	89.500000	91.000000	B3	90	80	0	2	-2.867384
617	89.500000	91.000000	E4	90	80	0	5	-3.228870
618	89.500000	90.000000	B1	90	80	1	-5	-3.781310
619	89.500000	90.000000	B2	90	80	1	-1	-1.202832
620	90.000000	91.000000	G#3	63	80	0	2	-3.763668
621	90.000000	91.000000	E2	90	80	1	-5	-3.242781
622	90.000000	91.000000	B2	90	80	1	-2	-2.554480
623	91.000000	91.500000	E2	63	80	1	-5	-3.155341
624	91.500000	91.666667	D3	63	80	0	1	-5.928410
625	91.500000	92.000000	E3	63	80	1	-1	-1.202832
626	91.666667	91.833333	F#3	63	80	0	2	-3.275273
627	91.833333	92.000000	A3	63	80	0	3	-3.265372
628	92.000000	92.166667	C#4	63	80	0	5	-3.549127
629	92.166667	92.333333	B3	63	80	0	4	-4.503222
630	92.333333	92.500000	A3	63	80	0	3	-2.238713
631	92.500000	92.666667	G#3	63	80	0	2	-3.151465
632	92.500000	93.500000	F#2	63	80	1	-4	-4.497131
633	92.666667	92.833333	B3	63	80	0	1	-5.162135
634	92.833333	93.000000	D4	63	80	0	2	-2.525967
635	93.000000	93.166667	F#4	63	80	0	4	-3.522723
636	93.166667	93.333333	E4	63	80	0	3	-3.914844
637	93.333333	93.500000	D4	63	80	0	2	-2.287533
638	93.500000	93.666667	C#4	63	80	0	1	-4.846711
639	93.500000	94.000000	E2	63	80	1	-1	-5.179099
640	93.666667	93.833333	E4	63	80	0	2	-3.493146
641	93.833333	94.000000	G#4	63	80	0	4	-3.522723
642	94.000000	94.166667	B4	63	80	0	5	-3.871087
643	94.166667	94.333333	A4	63	80	0	4	-2.814339
644	94.333333	94.500000	G#4	63	80	0	3	-3.226506
645	94.500000	94.666667	F#4	63	80	0	2	-2.287533
646	94.500000	95.500000	A1	90	80	1	-5	-3.242781
647	94.500000	95.500000	A2	90	80	1	-1	-1.202832
648	94.666667	94.833333	A4	63	80	0	1	-5.162135
649	94.833333	95.000000	C#5	63	80	0	2	-3.275273
650	95.000000	95.166667	E5	63	80	0	4	-3.580467
651	95.166667	95.333333	D5	63	80	0	3	-2.238713
652	95.333333	95.500000	C#5	63	80	0	2	-3.151465
653	95.500000	95.666667	B4	63	80	0	1	-3.360143
654	95.500000	96.000000	D2	90	80	1	-5	-3.242781
655	95.500000	96.000000	D3	90	80	1	-1	-1.202832
656	95.666667	95.833333	D5	63	80	0	2	-2.525967
657	95.833333	96.000000	F#5	63	80	0	4	-3.522723
658	96.000000	96.750000	A5	126	80	0	5	-3.871087
659	96.500000	97.000000	B4	90	80	0	1	-3.027253
660	96.500000	97.000000	D5	90	80	0	2	-2.525967
661	96.500000	97.000000	B1	90	80	1	-5	-4.233080
662	96.500000	97.000000	B2	90	80	1	-1	-1.202832
663	96.750000	97.000000	G#5	126	80	0	5	-5.283726
664	97.000000	97.500000	G#4	90	80	0	1	-1.922714
665	97.000000	97.500000	D5	90	80	0	3	-5.088322
666	97.000000	97.250000	F#5	126	80	0	5	-3.549127
667	97.000000	97.500000	F#3	90	80	1	-5	-8.591130
668	97.000000	97.500000	B3	90	80	1	-3	-4.118108
669	97.000000	97.500000	D4	90	80	1	-2	-3.046717
670	97.000000	97.500000	F#4	90	80	1	-1	-3.194227
671	97.250000	97.500000	E5	126	80	0	4	-4.503222
672	97.500000	98.500000	A4	90	80	0	1	-2.857522
673	97.500000	98.500000	C#5	90	80	0	2	-3.275273
674	97.500000	97.750000	F#5	126	80	0	5	-3.228870
675	97.500000	98.000000	E2	90	80	1	-5	-5.805721
676	97.500000	98.000000	E3	90	80	1	-1	-1.202832
677	97.750000	98.000000	E5	126	80	0	4	-4.503222
678	98.000000	98.250000	D5	126	80	0	3	-2.238713
679	98.000000	98.500000	A1	90	80	1	-5	-4.212346
680	98.000000	98.500000	A2	90	80	1	-1	-1.202832
681	98.250000	98.500000	C#5	126	80	0	2	-3.151465
682	98.500000	99.500000	A4	126	80	0	1	-4.134704
683	98.500000	98.750000	D5	126	80	0	3	-3.401091
684	98.500000	99.000000	E3	126	80	1	-5	-5.919258
685	98.750000	99.000000	C#5	126	80	0	2	-3.151465
686	99.000000	99.250000	B4	126	80	0	1	-3.360143
687	99.000000	99.250000	F#4	126	80	1	-1	-5.511365
688	99.250000	99.500000	A4	126	80	0	4	-5.839612
689	99.250000	99.500000	E4	126	80	1	-2	-4.084076
690	99.500000	99.666667	D3	63	80	0	1	-7.338864
691	99.500000	99.750000	D4	126	80	1	-3	-2.891080
692	99.666667	99.833333	F#3	63	80	0	2	-3.275273
693	99.750000	100.000000	C#4	126	80	1	-1	-6.751151
694	99.833333	100.000000	A3	63	80	0	3	-3.265372
695	100.000000	100.166667	C#4	63	80	0	5	-3.549127
696	100.166667	100.333333	B3	63	80	0	4	-4.503222
697	100.333333	100.500000	A3	63	80	0	3	-2.238713
698	100.500000	100.666667	G#3	63	80	0	2	-3.151465
699	100.500000	101.500000	F#2	63	80	1	-4	-6.514916
700	100.666667	100.833333	B3	63	80	0	1	-5.162135
701	100.833333	101.000000	D4	63	80	0	2	-2.525967
702	101.000000	101.166667	F#4	63	80	0	4	-3.522723
703	101.166667	101.333333	E4	63	80	0	3	-3.914844
704	101.333333	101.500000	D4	63	80	0	2	-2.287533
705	101.500000	101.666667	C#4	63	80	0	1	-4.846711
706	101.500000	102.000000	E2	63	80	1	-1	-5.179099
707	101.666667	101.833333	E4	63	80	0	2	-3.493146
708	101.833333	102.000000	G#4	63	80	0	4	-3.522723
709	102.000000	102.166667	B4	63	80	0	5	-3.871087
710	102.166667	102.333333	A4	63	80	0	4	-2.814339
711	102.333333	102.500000	G#4	63	80	0	3	-3.226506
712	102.500000	102.666667	F#4	63	80	0	2	-2.287533
713	102.500000	103.500000	A1	90	80	1	-5	-3.242781
714	102.500000	103.500000	A2	90	80	1	-1	-1.202832
715	102.666667	102.833333	A4	63	80	0	1	-5.162135
716	102.833333	103.000000	C#5	63	80	0	2	-3.275273
717	103.000000	103.166667	E5	63	80	0	4	-3.580467
718	103.166667	103.333333	D5	63	80	0	3	-2.238713
719	103.333333	103.500000	C#5	63	80	0	2	-3.151465
720	103.500000	103.666667	B4	63	80	0	1	-3.360143
721	103.500000	104.000000	D2	90	80	1	-5	-3.242781
722	103.500000	104.000000	D3	90	80	1	-1	-1.202832
723	103.666667	103.833333	D5	63	80	0	2	-2.525967
724	103.833333	104.000000	F#5	63	80	0	4	-3.522723
725	104.000000	104.750000	A5	126	80	0	5	-3.871087
726	104.500000	105.500000	B4	90	80	0	1	-3.027253
727	104.500000	105.500000	D5	90	80	0	2	-2.525967
728	104.500000	104.750000	B1	90	80	1	-5	-4.233080
729	104.500000	104.750000	B2	90	80	1	-1	-1.202832
730	104.750000	105.000000	G#5	126	80	0	4	-5.307691
731	105.000000	105.250000	F#5	126	80	0	3	-2.238713
732	105.000000	106.000000	F#3	90	80	1	-5	-8.591130
733	105.000000	106.000000	B3	90	80	1	-3	-4.118108
734	105.000000	106.000000	D4	90	80	1	-2	-3.046717
735	105.000000	106.000000	F#4	90	80	1	-1	-3.194227
736	105.250000	105.500000	G#5	126	80	0	4	-2.883688
737	105.500000	105.666667	B4	99	80	0	1	-3.493957
738	105.666667	105.833333	D5	99	80	0	2	-2.525967
739	105.833333	106.000000	F#5	99	80	0	4	-3.522723
740	106.000000	106.750000	A5	126	80	0	5	-3.871087
741	106.500000	107.500000	B4	90	80	0	1	-3.027253
742	106.500000	107.500000	D5	90	80	0	2	-2.525967
743	106.500000	106.750000	D2	90	80	1	-5	-5.805721
744	106.500000	106.750000	D3	90	80	1	-1	-1.202832
745	106.750000	107.000000	G#5	126	80	0	5	-5.283726
746	107.000000	107.250000	F#5	126	80	0	4	-2.814339
747	107.000000	108.000000	F#3	90	80	1	-5	-7.923418
748	107.000000	108.000000	B3	90	80	1	-3	-4.118108
749	107.000000	108.000000	D4	90	80	1	-2	-3.046717
750	107.000000	108.000000	F#4	90	80	1	-1	-3.194227
751	107.250000	107.500000	G#5	126	80	0	5	-2.706622
752	107.500000	108.500000	G#4	63	80	0	1	-1.922714
753	107.500000	107.666667	E5	63	80	0	4	-4.832705
754	107.666667	107.833333	D5	63	80	0	3	-2.238713
755	107.833333	108.000000	E5	63	80	0	4	-2.883688
756	108.000000	108.750000	C#5	63	80	0	3	-3.510496
757	108.000000	109.000000	E3	63	80	1	-5	-5.012184
758	108.000000	110.000000	D4	63	80	1	-1	-3.610078
759	108.500000	109.000000	F#4	63	80	0	1	-3.310457
760	108.750000	109.000000	B4	63	80	0	2	-3.465862
761	109.000000	109.500000	F4	63	80	0	1	-3.434905
762	109.000000	109.250000	B4	63	80	0	2	-2.963617
763	109.000000	109.500000	F#3	63	80	1	-4	-4.339145
764	109.250000	109.500000	C#5	63	80	0	4	-4.064995
765	109.500000	110.500000	E4	63	80	0	1	-3.493957
766	109.500000	110.000000	A4	63	80	0	3	-3.401091
767	109.500000	110.000000	G#3	63	80	1	-3	-2.915060
768	110.000000	111.000000	F#4	63	80	0	2	-3.032881
769	110.000000	111.000000	A3	90	80	1	-2	-3.642491
770	110.000000	111.000000	C#4	90	80	1	-1	-3.194227
771	110.500000	111.500000	D#4	63	80	0	1	-3.157580
772	111.000000	111.500000	G#4	63	80	0	5	-4.932539
773	111.000000	112.000000	B2	90	80	1	-5	-5.012184
774	111.000000	112.000000	A3	90	80	1	-1	-3.610078
775	111.500000	112.000000	G#3	90	80	0	1	-1.922714
776	111.500000	112.000000	D4	90	80	0	2	-5.302163
777	111.500000	111.750000	F#4	63	80	0	3	-4.632489
778	111.750000	112.000000	E4	63	80	0	1	-3.984578
779	112.000000	113.500000	B4	90	80	0	2	-3.928858
780	112.000000	113.500000	D5	90	80	0	3	-3.012122
781	112.000000	113.000000	F#5	81	80	0	5	-3.549127
782	112.000000	112.500000	E2	90	80	1	-5	-3.781310
783	112.000000	112.500000	B2	90	80	1	-1	-3.477173
784	112.500000	114.000000	G#3	90	80	1	-5	-6.864678
785	112.500000	114.000000	D4	90	80	1	-2	-4.656382
786	112.500000	113.500000	F#4	81	80	1	-1	-3.194227
787	113.000000	113.500000	E5	81	80	0	4	-4.503222
788	113.500000	114.000000	A3	90	80	0	1	-7.338864
789	113.500000	114.000000	C#4	90	80	0	2	-3.275273
790	113.500000	113.750000	F#4	63	80	0	4	-2.909306
791	113.500000	114.000000	E4	81	80	1	-2	-4.084076
792	113.750000	114.000000	E4	63	80	0	3	-3.914844
793	114.000000	115.500000	A4	90	80	0	1	-5.548003
794	114.000000	115.500000	C#5	90	80	0	2	-3.275273
795	114.000000	114.750000	G#5	127	80	0	4	-4.859095
796	114.000000	114.500000	A2	90	80	1	-5	-6.177855
797	114.000000	114.500000	E3	90	80	1	-1	-3.477173
798	114.500000	116.000000	E3	90	80	1	-5	-4.801795
799	114.500000	116.000000	A3	90	80	1	-3	-3.463793
800	114.500000	116.000000	C#4	90	80	1	-2	-3.749711
801	114.500000	116.000000	E4	90	80	1	-1	-2.464298
802	114.750000	115.000000	B5	127	80	0	5	-3.871087
803	115.000000	115.250000	A5	127	80	0	4	-2.814339
804	115.250000	115.500000	F#5	127	80	0	3	-3.510496
805	115.500000	117.000000	A4	63	80	0	1	-5.332902
806	115.500000	115.666667	E5	63	80	0	4	-4.054949
807	115.666667	115.833333	D5	63	80	0	3	-2.238713
808	115.833333	116.000000	E5	63	80	0	4	-2.883688
809	116.000000	116.750000	C#5	63	80	0	3	-3.510496
810	116.000000	116.250000	B3	63	80	1	-4	-4.223116
811	116.000000	117.500000	F#4	63	80	1	-1	-4.009808
812	116.250000	116.500000	C#4	63	80	1	-3	-3.831713
813	116.500000	118.000000	D4	63	80	1	-2	-3.642491
814	116.750000	117.000000	B4	63	80	0	2	-3.286699
815	117.000000	117.500000	G#4	63	80	0	1	-3.967913
816	117.000000	117.250000	B4	63	80	0	2	-3.493146
817	117.250000	117.500000	C#5	63	80	0	4	-4.064995
818	117.500000	118.500000	E4	63	80	0	1	-3.493957
819	117.500000	118.000000	A4	63	80	0	3	-3.401091
820	117.500000	118.000000	F4	63	80	1	-1	-2.415329
821	118.000000	118.750000	F#4	63	80	0	2	-3.032881
822	118.000000	119.000000	F#3	90	80	1	-5	-4.582913
823	118.000000	119.000000	C#4	90	80	1	-1	-3.477173
824	118.500000	119.000000	D#4	63	80	0	1	-3.157580
825	118.750000	119.000000	F#4	63	80	0	2	-2.525967
826	119.000000	119.500000	C#4	63	80	0	1	-3.434905
827	119.000000	119.250000	F#4	63	80	0	3	-3.401091
828	119.000000	119.500000	B2	90	80	1	-5	-5.012184
829	119.000000	119.500000	A3	90	80	1	-1	-3.610078
830	119.250000	119.500000	G#4	63	80	0	4	-2.883688
831	119.500000	120.000000	B3	81	80	0	1	-3.493957
832	119.500000	119.666667	F#4	81	80	0	5	-4.305381
833	119.500000	120.000000	A2	90	80	1	-5	-2.314770
834	119.500000	120.000000	D#3	90	80	1	-2	-5.232676
835	119.666667	119.833333	E4	81	80	0	4	-4.503222
836	119.833333	120.000000	B3	81	80	0	2	-3.266530
837	120.000000	121.000000	A3	81	80	0	1	-2.609267
838	120.000000	121.000000	C#4	81	80	0	2	-3.275273
839	120.000000	120.500000	G#2	90	80	1	-5	-3.155341
840	120.000000	120.500000	E3	90	80	1	-1	-4.813538
841	120.500000	121.500000	F#2	90	80	1	-4	-4.497131
842	120.500000	121.500000	E3	90	80	1	-1	-4.387723
843	121.000000	121.500000	A3	81	80	0	1	-4.134704
844	121.000000	121.500000	C#4	90	80	0	2	-3.275273
845	121.000000	121.500000	E4	90	80	0	4	-3.580467
846	121.500000	122.000000	A3	63	80	0	1	-2.857522
847	121.500000	123.000000	B3	90	80	0	2	-2.867384
848	121.500000	123.000000	E4	90	80	0	5	-3.228870
849	121.500000	122.000000	B1	90	80	1	-5	-3.781310
850	121.500000	122.000000	B2	90	80	1	-1	-1.202832
851	122.000000	123.000000	G#3	63	80	0	2	-3.763668
852	122.000000	123.000000	E2	90	80	1	-5	-3.242781
853	122.000000	123.000000	B2	90	80	1	-2	-2.554480
854	123.000000	123.500000	E2	63	80	1	-5	-3.155341
855	123.500000	124.000000	G3	90	80	0	1	-3.290753
856	123.500000	124.000000	C4	90	80	0	2	-2.963617
857	123.500000	123.666667	G4	126	80	0	5	-3.528229
858	123.500000	124.000000	E3	63	80	1	-1	-1.202832
859	123.666667	123.833333	F4	126	80	0	4	-2.814339
860	123.833333	124.000000	G4	126	80	0	5	-2.706622
861	124.000000	125.000000	A3	90	80	0	1	-3.027253
862	124.000000	125.000000	C4	90	80	0	2	-2.525967
863	124.000000	125.000000	E4	90	80	0	4	-2.758588
864	124.000000	124.500000	E2	90	80	1	-5	-2.314770
865	124.000000	124.500000	C3	90	80	1	-1	-4.009362
866	124.500000	125.500000	F2	90	80	1	-5	-3.242781
867	124.500000	125.500000	C3	90	80	1	-2	-2.554480
868	125.000000	125.500000	D4	126	80	0	3	-2.238713
869	125.500000	126.000000	C4	126	80	0	2	-2.287533
870	125.500000	126.000000	G2	126	80	1	-5	-3.713619
871	125.500000	126.000000	F3	90	80	1	-2	-5.277521
872	125.500000	126.000000	B3	90	80	1	-1	-2.320150
873	126.000000	127.000000	G3	126	80	0	1	-3.434905
874	126.000000	126.500000	A2	126	80	1	-5	-3.842215
875	126.000000	126.500000	E3	90	80	1	-2	-2.554480
876	126.000000	126.500000	A3	90	80	1	-1	-2.320150
877	126.500000	127.500000	B2	126	80	1	-5	-3.181034
878	126.500000	127.500000	D3	90	80	1	-3	-3.170876
879	126.500000	127.500000	F3	90	80	1	-1	-2.967507
880	127.000000	127.500000	C4	126	80	0	2	-2.963617
881	127.500000	128.000000	D4	126	80	0	3	-2.675961
882	127.500000	128.000000	A2	126	80	1	-5	-3.730225
883	127.500000	128.000000	E3	90	80	1	-2	-2.554480
884	127.500000	128.000000	A3	90	80	1	-1	-2.320150
885	128.000000	128.500000	C4	90	80	0	2	-2.287533
886	128.000000	128.500000	F4	90	80	0	4	-2.909306
887	128.000000	128.500000	G2	126	80	1	-5	-3.842215
888	128.000000	128.500000	F3	90	80	1	-2	-5.277521
889	128.000000	128.500000	B3	90	80	1	-1	-2.320150
890	128.500000	129.000000	C4	90	80	0	1	-3.216633
891	128.500000	129.000000	G4	90	80	0	4	-4.054949
892	128.500000	129.000000	F2	126	80	1	-5	-3.781310
893	128.500000	129.000000	A3	126	80	1	-1	-4.493372
894	129.000000	129.500000	C4	90	80	0	1	-2.857522
895	129.000000	129.500000	F4	90	80	0	2	-2.963617
896	129.000000	129.250000	A4	126	80	0	3	-3.012122
897	129.000000	129.500000	E2	126	80	1	-5	-3.781310
898	129.000000	129.500000	G3	126	80	1	-1	-4.493372
899	129.250000	129.500000	C5	126	80	0	5	-2.681011
900	129.500000	131.500000	F4	127	80	0	1	-3.425130
901	129.500000	130.500000	B4	90	80	0	2	-2.963617
902	129.500000	130.500000	D5	90	80	0	4	-2.758588
903	129.500000	130.000000	D2	90	80	1	-5	-3.781310
904	129.500000	130.000000	D3	90	80	1	-1	-1.202832
905	130.000000	130.250000	G1	127	80	1	-5	-4.212346
906	130.250000	130.500000	G2	127	80	1	-1	-1.202832
907	130.500000	131.500000	G4	127	80	0	1	-2.857522
908	130.500000	130.750000	D3	127	80	1	-5	-5.919258
909	130.750000	131.000000	F3	127	80	1	-3	-3.170876
910	131.000000	131.250000	G3	127	80	1	-2	-2.510186
911	131.250000	131.500000	B3	127	80	1	-1	-2.415329
912	131.500000	135.500000	C5	127	80	0	2	-2.963617
913	131.500000	131.666667	G5	127	80	0	5	-3.528229
914	131.500000	131.750000	D4	127	80	1	-2	-6.062425
915	131.666667	131.833333	F5	127	80	0	4	-2.814339
916	131.750000	132.000000	F4	127	80	1	-1	-2.415329
917	131.833333	132.000000	G5	127	80	0	5	-2.706622
918	132.000000	133.000000	E5	127	80	0	3	-3.509161
919	132.000000	133.000000	E4	90	80	1	-2	-2.745489
920	132.000000	133.000000	G4	90	80	1	-1	-2.415329
921	133.000000	133.500000	D5	127	80	0	2	-2.287533
922	133.000000	134.000000	F4	90	80	1	-2	-2.745489
923	133.000000	134.000000	A4	90	80	1	-1	-2.415329
924	133.500000	134.500000	E5	127	80	0	3	-2.675961
925	134.000000	135.000000	G4	90	80	1	-2	-2.745489
926	134.000000	135.000000	B-4	90	80	1	-1	-3.101885
927	134.500000	135.500000	F5	127	80	0	4	-2.883688
928	135.000000	136.000000	F4	90	80	1	-2	-4.597368
929	135.000000	136.000000	A4	90	80	1	-1	-2.415329
930	135.500000	138.500000	C5	127	80	0	1	-3.216633
931	135.500000	135.666667	G5	127	80	0	3	-3.751952
932	135.666667	135.833333	F5	127	80	0	2	-2.287533
933	135.833333	136.000000	G5	127	80	0	3	-2.675961
934	136.000000	137.000000	E5	127	80	0	1	-3.281335
935	136.000000	138.000000	E4	90	80	1	-2	-3.456527
936	136.000000	138.000000	G4	90	80	1	-1	-2.415329
937	137.000000	137.500000	G5	127	80	0	2	-2.525967
938	137.500000	137.666667	G#5	127	80	0	3	-3.190537
939	137.666667	137.833333	F#5	127	80	0	2	-2.287533
940	137.833333	138.000000	G#5	127	80	0	3	-2.675961
941	138.000000	139.000000	E5	127	80	0	2	-5.037433
942	138.000000	139.750000	E4	127	80	1	-2	-3.291596
943	138.000000	140.000000	G#4	127	80	1	-1	-3.194227
944	138.500000	139.500000	C#5	127	80	0	1	-3.967913
945	139.000000	139.500000	G#5	127	80	0	3	-3.751952
946	139.500000	140.500000	A5	63	80	0	4	-3.868143
947	139.750000	140.000000	D#4	127	80	1	-2	-3.456527
948	140.000000	140.166667	C#5	63	80	0	1	-3.577835
949	140.000000	140.166667	C#4	63	80	1	-3	-2.891080
950	140.166667	140.333333	E5	63	80	0	2	-3.493146
951	140.166667	140.333333	E4	63	80	1	-2	-2.872099
952	140.333333	140.500000	F#5	63	80	0	4	-4.064995
953	140.333333	140.500000	A4	63	80	1	-1	-2.320150
954	140.500000	141.500000	G#5	63	80	0	5	-2.706622
955	140.500000	140.666667	G#5	63	80	0	5	-4.495609
956	140.666667	140.833333	D#5	63	80	0	2	-3.071676
957	140.833333	141.000000	B4	63	80	0	1	-4.134704
958	141.500000	142.500000	F#5	63	80	0	4	-4.298356
959	141.500000	141.666667	G#4	63	80	1	-2	-3.720116
960	141.666667	141.833333	D#4	63	80	1	-1	-6.371283
961	141.833333	142.000000	B3	63	80	1	-2	-4.597368
962	142.000000	142.166667	A4	63	80	0	1	-3.493957
963	142.000000	142.166667	A3	63	80	1	-3	-2.891080
964	142.166667	142.333333	C#5	63	80	0	3	-3.998423
965	142.166667	142.333333	C#4	63	80	1	-2	-3.749711
966	142.333333	142.500000	D#5	63	80	0	4	-2.883688
967	142.333333	142.500000	F#4	63	80	1	-1	-2.320150
968	142.500000	143.500000	E5	63	80	0	5	-3.684684
969	142.500000	142.666667	E5	63	80	0	5	-4.495609
970	142.666667	142.833333	B4	63	80	0	3	-3.854029
971	142.833333	143.000000	G#4	63	80	0	2	-3.032881
972	143.500000	143.666667	E4	63	80	1	-2	-4.084076
973	143.666667	143.833333	B3	63	80	1	-1	-6.371283
974	143.833333	144.000000	G#3	63	80	1	-2	-3.299403
975	144.000000	144.500000	C#5	63	80	0	4	-2.909306
976	144.000000	144.166667	C#5	63	80	0	4	-4.784491
977	144.000000	145.000000	F#3	63	80	1	-3	-2.891080
978	144.166667	144.333333	F#4	63	80	0	1	-2.857522
979	144.166667	144.333333	A3	63	80	1	-2	-2.872099
980	144.333333	145.000000	A4	63	80	0	2	-3.493146
981	144.333333	145.000000	C#4	63	80	1	-1	-3.194227
982	144.500000	145.000000	F#5	63	80	0	5	-4.989350
983	145.000000	145.666667	C#5	63	80	0	3	-3.854029
984	145.000000	146.000000	E3	63	80	1	-5	-4.087479
985	145.166667	145.333333	F#4	63	80	0	1	-3.310457
986	145.166667	145.333333	A3	63	80	1	-2	-3.272976
987	145.333333	146.000000	A4	63	80	0	2	-3.493146
988	145.333333	146.000000	C#4	63	80	1	-1	-3.194227
989	146.000000	146.500000	C#5	81	80	0	4	-3.522723
990	146.000000	146.166667	C#5	81	80	0	5	-5.360328
991	146.000000	147.000000	D#3	81	80	1	-5	-3.181034
992	146.166667	146.333333	F#4	81	80	0	2	-3.263552
993	146.166667	146.333333	A3	81	80	1	-2	-4.656382
994	146.333333	147.000000	A4	81	80	0	1	-5.162135
995	146.333333	147.000000	C#4	81	80	1	-1	-3.194227
996	146.500000	147.000000	F#5	81	80	0	4	-4.568866
997	147.000000	147.666667	A5	81	80	0	5	-3.871087
998	147.000000	148.000000	C#3	81	80	1	-5	-2.314770
999	147.166667	147.333333	A4	81	80	0	1	-1.922714
1000	147.166667	147.333333	A3	81	80	1	-2	-4.203307
1001	147.333333	147.500000	C#5	81	80	0	2	-3.275273
1002	147.333333	148.000000	E4	81	80	1	-1	-4.047397
1003	148.000000	149.166667	A5	99	80	0	5	-3.857051
1004	148.000000	148.166667	B2	99	80	1	-5	-3.781310
1005	148.166667	148.333333	F#3	99	80	1	-3	-5.375180
1006	148.333333	148.500000	A3	99	80	1	-2	-2.872099
1007	148.500000	148.666667	C#4	99	80	1	-1	-3.194227
1008	148.666667	148.833333	D#4	99	80	1	-3	-4.611792
1009	148.833333	149.000000	F#4	99	80	1	-2	-3.046717
1010	149.000000	149.166667	A4	99	80	1	-1	-2.464298
1011	149.166667	149.333333	G#5	126	80	0	4	-3.640665
1012	149.166667	149.333333	C#5	99	80	1	-2	-5.718611
1013	149.333333	149.500000	F#5	126	80	0	3	-2.238713
1014	149.333333	149.500000	D#5	99	80	1	-1	-2.578439
1015	149.500000	149.666667	C#5	126	80	1	-2	-2.745489
1016	149.666667	149.833333	B4	120	80	1	-3	-4.407505
1017	149.833333	150.000000	A4	120	80	1	-1	-3.930078
1018	150.000000	150.166667	E5	63	80	0	2	-3.286699
1019	150.000000	150.250000	E2	63	80	1	-5	-4.456078
1020	150.166667	150.333333	F#5	63	80	0	3	-3.409656
1021	150.250000	150.500000	B2	63	80	1	-2	-2.554480
1022	150.333333	150.500000	C#5	63	80	0	1	-2.905888
1023	150.500000	150.666667	E5	63	80	0	2	-3.493146
1024	150.500000	150.750000	E3	63	80	1	-1	-2.320150
1025	150.666667	150.833333	B4	63	80	0	1	-3.434905
1026	150.750000	151.000000	G#3	63	80	1	-2	-5.718611
1027	150.833333	151.000000	C#5	63	80	0	2	-3.246278
1028	151.000000	151.166667	G#4	63	80	0	1	-3.434905
1029	151.000000	151.250000	B3	63	80	1	-1	-2.464298
1030	151.166667	151.333333	B4	63	80	0	2	-3.493146
1031	151.250000	151.500000	G#3	63	80	1	-2	-3.299403
1032	151.333333	151.500000	F#4	63	80	0	1	-3.898407
1033	151.500000	151.666667	G#4	63	80	0	2	-2.867384
1034	151.500000	151.750000	E3	63	80	1	-1	-6.695584
1035	151.666667	151.833333	E4	63	80	0	1	-4.134704
1036	151.750000	152.000000	B2	63	80	1	-2	-3.456527
1037	151.833333	152.000000	G#4	63	80	0	2	-3.275273
1038	152.000000	153.000000	D#4	63	80	0	1	-3.434905
1039	152.000000	152.250000	E2	63	80	1	-5	-3.155341
1040	152.250000	152.500000	C#3	63	80	1	-2	-4.731534
1041	152.500000	152.750000	E3	63	80	1	-1	-2.464298
1042	152.750000	153.000000	G#3	63	80	1	-2	-5.718611
1043	153.000000	153.500000	C#4	63	80	0	2	-4.891425
1044	153.000000	153.250000	C#4	63	80	1	-1	-2.320150
1045	153.250000	153.500000	G#3	63	80	1	-2	-3.456527
1046	153.500000	154.000000	B3	63	80	0	1	-3.360143
1047	153.500000	153.750000	E3	63	80	1	-4	-4.761119
1048	153.750000	154.000000	C#3	63	80	1	-1	-6.154130
1049	154.000000	154.166667	E5	63	80	0	4	-8.009427
1050	154.000000	154.250000	E2	63	80	1	-5	-4.087479
1051	154.166667	154.333333	F#5	63	80	0	5	-4.070264
1052	154.250000	154.500000	B2	63	80	1	-2	-2.554480
1053	154.333333	154.500000	C#5	63	80	0	2	-3.071676
1054	154.500000	154.666667	E5	63	80	0	3	-3.265372
1055	154.500000	154.750000	E3	63	80	1	-1	-2.320150
1056	154.666667	154.833333	B4	63	80	0	1	-2.905888
1057	154.750000	155.000000	G#3	63	80	1	-2	-5.718611
1058	154.833333	155.000000	C#5	63	80	0	2	-3.246278
1059	155.000000	155.166667	G#4	63	80	0	1	-3.434905
1060	155.000000	155.250000	B3	63	80	1	-1	-2.464298
1061	155.166667	155.333333	B4	63	80	0	2	-3.493146
1062	155.250000	155.500000	G#3	63	80	1	-2	-3.299403
1063	155.333333	155.500000	F#4	63	80	0	1	-3.898407
1064	155.500000	155.666667	G#4	63	80	0	2	-2.867384
1065	155.500000	155.750000	E3	63	80	1	-1	-6.695584
1066	155.666667	155.833333	E4	63	80	0	1	-4.134704
1067	155.750000	156.000000	B2	63	80	1	-2	-3.456527
1068	155.833333	156.000000	G#4	63	80	0	2	-3.275273
1069	156.000000	157.000000	D#4	63	80	0	1	-3.434905
1070	156.000000	156.250000	E2	63	80	1	-5	-3.155341
1071	156.250000	156.500000	C#3	63	80	1	-2	-4.731534
1072	156.500000	156.750000	E3	63	80	1	-1	-2.464298
1073	156.750000	157.000000	G#3	63	80	1	-2	-5.718611
1074	157.000000	157.500000	C#4	63	80	0	3	-4.737465
1075	157.000000	157.250000	C#4	63	80	1	-1	-2.320150
1076	157.250000	157.500000	G#3	63	80	1	-2	-3.456527
1077	157.500000	157.666667	B3	63	80	0	2	-3.286699
1078	157.500000	157.750000	E3	63	80	1	-1	-6.695584
1079	157.666667	157.833333	A3	63	80	0	1	-2.609267
1080	157.750000	158.000000	C#3	63	80	1	-2	-3.299403
1081	157.833333	158.000000	B3	63	80	0	2	-2.867384
1082	158.000000	158.750000	C#4	63	80	0	3	-3.409656
1083	158.000000	158.250000	F#2	63	80	1	-5	-3.155341
1084	158.250000	158.500000	C#3	63	80	1	-2	-2.554480
1085	158.500000	158.750000	E3	63	80	1	-1	-2.464298
1086	158.750000	159.000000	E4	63	80	0	4	-4.111873
1087	158.750000	159.000000	F#3	63	80	1	-3	-5.700951
1088	159.000000	159.250000	D#4	63	80	0	3	-3.226506
1089	159.000000	159.250000	A3	63	80	1	-2	-2.872099
1090	159.250000	159.500000	E4	63	80	0	4	-3.868143
1091	159.250000	159.500000	F#3	63	80	1	-3	-3.464153
1092	159.500000	160.000000	C#4	63	80	0	2	-4.090178
1093	159.500000	159.750000	E3	63	80	1	-1	-4.439870
1094	159.750000	160.000000	C#3	63	80	1	-2	-3.299403
1095	160.000000	161.000000	G#4	63	80	0	5	-3.528229
1096	160.000000	160.250000	G#2	63	80	1	-4	-4.045906
1097	160.250000	160.500000	C#3	63	80	1	-2	-2.507290
1098	160.500000	160.750000	E3	63	80	1	-1	-2.464298
1099	160.750000	161.000000	G#3	63	80	1	-2	-5.718611
1100	161.000000	161.500000	E4	63	80	0	3	-4.396088
1101	161.000000	161.250000	B3	63	80	1	-1	-2.464298
1102	161.250000	161.500000	G#3	63	80	1	-2	-3.299403
1103	161.500000	161.666667	D#4	63	80	0	2	-3.151465
1104	161.500000	161.750000	E3	63	80	1	-3	-5.615128
1105	161.666667	161.833333	C#4	63	80	0	1	-2.609267
1106	161.750000	162.000000	C#3	63	80	1	-4	-4.210732
1107	161.833333	162.000000	D#4	63	80	0	2	-2.867384
1108	162.000000	162.750000	E4	63	80	0	1	-4.072488
1109	162.000000	162.250000	A2	63	80	1	-5	-4.745687
1110	162.250000	162.500000	E3	63	80	1	-4	-4.864358
1111	162.500000	162.750000	F#3	63	80	1	-3	-3.762277
1112	162.750000	163.000000	G#4	63	80	0	2	-3.275273
1113	162.750000	163.000000	A3	63	80	1	-2	-2.872099
1114	163.000000	163.250000	F#4	63	80	0	1	-2.609267
1115	163.000000	163.250000	C#4	63	80	1	-1	-3.194227
1116	163.250000	163.500000	G#4	63	80	0	2	-2.867384
1117	163.250000	163.500000	A3	63	80	1	-2	-4.597368
1118	163.500000	164.000000	E4	63	80	0	1	-4.134704
1119	163.500000	163.750000	F#3	63	80	1	-3	-3.464153
1120	163.750000	164.000000	E3	63	80	1	-1	-4.439870
1121	164.000000	165.000000	C#5	63	80	0	4	-4.568866
1122	164.000000	164.250000	A#2	63	80	1	-2	-5.099885
1123	164.250000	164.500000	E3	63	80	1	-1	-4.366821
1124	164.500000	164.750000	G#3	63	80	1	-2	-5.718611
1125	164.750000	165.000000	C#4	63	80	1	-1	-2.320150
1126	165.000000	165.166667	A#4	63	80	0	2	-3.359779
1127	165.000000	165.250000	C#3	63	80	1	-5	-2.314770
1128	165.166667	165.333333	C#5	63	80	0	4	-2.758588
1129	165.250000	165.500000	F#3	63	80	1	-3	-3.463793
1130	165.333333	165.500000	A#4	63	80	0	2	-3.359779
1131	165.500000	166.000000	G#4	63	80	0	1	-2.609267
1132	165.500000	165.750000	A#3	63	80	1	-2	-3.046717
1133	165.750000	166.000000	E4	63	80	1	-1	-4.366821
1134	166.000000	167.000000	E5	63	80	0	3	-5.327229
1135	166.000000	166.250000	E3	63	80	1	-5	-2.314770
1136	166.250000	166.500000	A#3	63	80	1	-3	-5.669550
1137	166.500000	166.750000	C#4	63	80	1	-2	-3.046717
1138	166.750000	167.000000	G#4	63	80	1	-1	-4.047397
1139	167.000000	167.166667	C#5	63	80	0	2	-3.032881
1140	167.000000	167.250000	F#3	63	80	1	-5	-3.842215
1141	167.166667	167.333333	E5	63	80	0	3	-3.265372
1142	167.250000	167.500000	C#4	63	80	1	-3	-3.416097
1143	167.333333	167.500000	C#5	63	80	0	2	-3.032881
1144	167.500000	168.250000	G#5	63	80	0	4	-4.859095
1145	167.500000	167.750000	E4	63	80	1	-2	-2.872099
1146	167.750000	168.000000	A#4	63	80	1	-1	-5.267467
1147	168.000000	168.250000	A#3	63	80	1	-5	-2.314770
1148	168.250000	168.500000	F#5	63	80	0	3	-2.238713
1149	168.250000	168.500000	E4	63	80	1	-3	-5.278707
1150	168.500000	169.250000	G#5	63	80	0	4	-2.883688
1151	168.500000	168.750000	G#4	63	80	1	-2	-3.749711
1152	168.750000	169.000000	C#5	63	80	1	-1	-2.320150
1153	169.000000	169.250000	C#4	63	80	1	-5	-2.314770
1154	169.250000	169.500000	F#5	63	80	0	3	-2.238713
1155	169.250000	169.500000	F#4	63	80	1	-3	-3.463793
1156	169.500000	170.250000	G#5	63	80	0	4	-2.883688
1157	169.500000	169.750000	A#4	63	80	1	-2	-3.046717
1158	169.750000	170.000000	E5	63	80	1	-1	-4.366821
1159	170.000000	170.250000	A#3	63	80	1	-5	-6.587391
1160	170.250000	170.500000	F#5	63	80	0	3	-2.238713
1161	170.250000	170.500000	E4	63	80	1	-3	-5.278707
1162	170.500000	170.750000	G#5	57	80	0	4	-2.883688
1163	170.500000	170.750000	G#4	63	80	1	-2	-3.749711
1164	170.750000	171.250000	F#5	57	80	0	3	-2.238713
1165	170.750000	171.000000	C#5	63	80	1	-1	-2.320150
1166	171.000000	171.250000	C#4	63	80	1	-5	-2.314770
1167	171.250000	171.500000	G#5	57	80	0	4	-2.883688
1168	171.250000	171.500000	F#4	63	80	1	-3	-3.463793
1169	171.500000	172.500000	A5	63	80	0	5	-3.684684
1170	171.500000	171.750000	A#4	63	80	1	-2	-3.046717
1171	171.750000	172.000000	E5	63	80	1	-1	-4.366821
1172	172.000000	172.166667	C#5	63	80	0	1	-3.862851
1173	172.000000	172.166667	C#4	63	80	1	-5	-4.510402
1174	172.166667	172.333333	E5	63	80	0	2	-3.493146
1175	172.166667	172.333333	E4	63	80	1	-4	-4.523458
1176	172.333333	172.500000	F#5	63	80	0	4	-4.064995
1177	172.333333	172.500000	A4	63	80	1	-2	-2.507290
1178	172.500000	173.500000	G#5	63	80	0	5	-2.706622
1179	172.500000	172.666667	G#5	63	80	0	5	-4.495609
1180	172.666667	172.833333	D#5	63	80	0	2	-3.071676
1181	172.833333	173.000000	B4	63	80	0	1	-4.134704
1182	173.500000	174.500000	F#5	63	80	0	4	-4.298356
1183	173.500000	173.666667	G#4	63	80	1	-3	-3.848567
1184	173.666667	173.833333	D#4	63	80	1	-1	-6.083116
1185	173.833333	174.000000	B3	63	80	1	-2	-4.597368
1186	174.000000	174.166667	A4	63	80	0	1	-3.493957
1187	174.000000	174.166667	A3	63	80	1	-3	-2.891080
1188	174.166667	174.333333	C#5	63	80	0	2	-3.275273
1189	174.166667	174.333333	C#4	63	80	1	-2	-3.749711
1190	174.333333	174.500000	D#5	63	80	0	3	-2.675961
1191	174.333333	174.500000	F#4	63	80	1	-1	-2.320150
1192	174.500000	175.500000	E5	63	80	0	4	-3.868143
1193	174.500000	174.666667	E5	63	80	0	4	-4.784491
1194	174.666667	174.833333	B4	63	80	0	2	-3.266530
1195	174.833333	175.000000	G#4	63	80	0	1	-3.967913
1196	175.500000	176.000000	A5	63	80	0	5	-5.933121
1197	175.500000	175.666667	E4	63	80	1	-2	-4.084076
1198	175.666667	175.833333	B3	63	80	1	-4	-4.045906
1199	175.833333	176.000000	G#3	63	80	1	-5	-5.527356
1200	176.000000	176.500000	E5	63	80	0	2	-3.071676
1201	176.000000	176.250000	B5	63	80	0	4	-4.859095
1202	176.000000	177.000000	C#4	63	80	1	-3	-3.463793
1203	176.166667	176.333333	E4	63	80	1	-2	-2.872099
1204	176.250000	176.500000	C#6	63	80	0	5	-4.070264
1205	176.333333	176.500000	A4	63	80	1	-1	-2.320150
1206	176.500000	176.750000	A5	63	80	0	3	-4.396088
1207	176.500000	176.666667	C#5	63	80	1	-2	-5.718611
1208	176.666667	176.833333	A4	63	80	1	-1	-6.695584
1209	176.750000	177.000000	G#5	63	80	0	2	-3.151465
1210	176.833333	177.000000	E4	63	80	1	-2	-3.456527
1211	177.000000	177.500000	D#5	63	80	0	1	-3.434905
1212	177.000000	177.250000	A5	63	80	0	4	-5.537262
1213	177.000000	178.000000	B3	63	80	1	-5	-3.713619
1214	177.166667	177.333333	D#4	63	80	1	-4	-4.565377
1215	177.250000	178.000000	G#5	63	80	0	3	-3.226506
1216	177.333333	177.500000	G#4	63	80	1	-2	-2.507290
1217	177.500000	178.500000	C#5	63	80	0	1	-3.310457
1218	177.500000	177.666667	B4	63	80	1	-1	-2.464298
1219	177.666667	177.833333	G#4	63	80	1	-2	-3.299403
1220	177.833333	178.000000	D#4	63	80	1	-4	-4.045906
1221	178.000000	179.000000	F#5	63	80	0	4	-4.278061
1222	178.000000	179.000000	A3	63	80	1	-5	-6.863383
1223	178.166667	178.333333	C#4	63	80	1	-4	-4.565377
1224	178.333333	178.500000	F#4	63	80	1	-2	-2.507290
1225	178.500000	179.500000	B4	63	80	0	1	-3.549056
1226	178.500000	178.666667	A4	63	80	1	-1	-2.464298
1227	178.666667	178.833333	F#4	63	80	1	-2	-3.299403
1228	178.833333	179.000000	C#4	63	80	1	-4	-4.045906
1229	179.000000	179.750000	E5	63	80	0	3	-3.401091
1230	179.000000	180.000000	G#3	63	80	1	-5	-4.921434
1231	179.166667	179.333333	B3	63	80	1	-4	-4.523458
1232	179.333333	179.500000	E4	63	80	1	-2	-2.507290
1233	179.500000	179.666667	G#4	63	80	1	-1	-3.194227
1234	179.666667	179.833333	E4	63	80	1	-2	-4.597368
1235	179.750000	180.000000	D5	81	80	0	2	-2.287533
1236	179.833333	180.000000	B3	63	80	1	-3	-5.147120
1237	180.000000	180.500000	A4	81	80	0	1	-3.434905
1238	180.000000	180.250000	E5	81	80	0	3	-3.751952
1239	180.000000	181.000000	F#3	81	80	1	-5	-5.242578
1240	180.166667	180.333333	A3	81	80	1	-4	-4.523458
1241	180.250000	180.500000	F#5	81	80	0	5	-3.990232
1242	180.333333	180.500000	D4	81	80	1	-2	-2.507290
1243	180.500000	180.750000	D5	81	80	0	3	-4.396088
1244	180.500000	180.666667	F#4	81	80	1	-1	-3.194227
1245	180.666667	180.833333	D4	81	80	1	-2	-4.597368
1246	180.750000	181.000000	C#5	81	80	0	2	-3.151465
1247	180.833333	181.000000	A3	81	80	1	-4	-4.045906
1248	181.000000	181.500000	G#4	81	80	0	1	-3.434905
1249	181.000000	181.250000	D5	81	80	0	4	-5.537262
1250	181.000000	182.000000	E3	81	80	1	-5	-4.921434
1251	181.166667	181.333333	G#3	81	80	1	-4	-4.565377
1252	181.250000	182.000000	C#5	81	80	0	3	-3.226506
1253	181.333333	181.500000	C#4	81	80	1	-2	-2.507290
1254	181.500000	182.500000	F#4	81	80	0	1	-3.310457
1255	181.500000	181.666667	E4	81	80	1	-1	-2.464298
1256	181.666667	181.833333	C#4	81	80	1	-2	-3.299403
1257	181.833333	182.000000	G#3	81	80	1	-4	-4.045906
1258	182.000000	183.000000	B4	81	80	0	3	-4.456068
1259	182.000000	183.000000	D3	81	80	1	-5	-6.863383
1260	182.166667	182.333333	F#3	81	80	1	-4	-4.565377
1261	182.333333	182.500000	B3	81	80	1	-2	-2.871001
1262	182.500000	183.500000	E4	81	80	0	1	-3.310457
1263	182.500000	182.666667	D4	81	80	1	-1	-2.415329
1264	182.666667	182.833333	B3	81	80	1	-2	-3.291596
1265	182.833333	183.000000	F#3	81	80	1	-3	-5.110739
1266	183.000000	183.750000	A4	81	80	0	3	-3.401091
1267	183.000000	184.000000	C#3	81	80	1	-5	-4.227379
1268	183.166667	183.333333	E3	81	80	1	-4	-4.523458
1269	183.333333	183.500000	A3	81	80	1	-2	-2.507290
1270	183.500000	184.500000	D4	81	80	0	1	-3.310457
1271	183.500000	183.666667	C#4	81	80	1	-1	-3.194227
1272	183.666667	183.833333	A3	81	80	1	-2	-4.597368
1273	183.750000	184.000000	G#4	81	80	0	4	-4.926369
1274	183.833333	184.000000	E3	81	80	1	-4	-4.045906
1275	184.000000	184.250000	A4	81	80	0	5	-3.684684
1276	184.000000	185.000000	B2	81	80	1	-5	-4.921434
1277	184.166667	184.333333	E#3	81	80	1	-3	-3.416097
1278	184.250000	184.500000	G#4	81	80	0	4	-3.640665
1279	184.333333	184.500000	G#3	81	80	1	-2	-3.407298
1280	184.500000	185.500000	C#4	81	80	0	1	-2.857522
1281	184.500000	184.750000	C#5	81	80	0	5	-2.242366
1282	184.500000	184.666667	B3	81	80	1	-1	-2.464298
1283	184.666667	184.833333	G#3	81	80	1	-2	-3.299403
1284	184.750000	185.000000	A4	81	80	0	4	-5.541948
1285	184.833333	185.000000	E#3	81	80	1	-1	-5.183592
1286	185.000000	185.750000	F#4	81	80	0	3	-3.510496
1287	185.000000	186.000000	A2	81	80	1	-5	-3.730225
1288	185.166667	185.333333	C#3	81	80	1	-4	-4.565377
1289	185.333333	185.500000	F#3	81	80	1	-2	-2.507290
1290	185.500000	186.500000	B3	81	80	0	1	-4.449629
1291	185.500000	185.666667	A3	81	80	1	-1	-2.464298
1292	185.666667	185.833333	F#3	81	80	1	-2	-3.299403
1293	185.750000	186.000000	E4	81	80	0	2	-2.963617
1294	185.833333	186.000000	C#3	81	80	1	-4	-4.045906
1295	186.000000	186.250000	F#4	81	80	0	3	-3.409656
1296	186.000000	187.000000	G#2	81	80	1	-5	-4.921434
1297	186.166667	186.333333	B2	81	80	1	-4	-4.523458
1298	186.250000	186.500000	E4	81	80	0	2	-3.286699
1299	186.333333	186.500000	E3	81	80	1	-2	-2.507290
1300	186.500000	190.500000	A4	99	80	0	4	-2.909306
1301	186.500000	186.666667	G#3	81	80	1	-1	-3.194227
1302	186.666667	186.833333	E3	81	80	1	-2	-4.597368
1303	186.833333	187.000000	B2	81	80	1	-3	-5.147120
1304	187.000000	187.166667	F#2	99	80	1	-5	-5.242578
1305	187.166667	187.333333	C#3	99	80	1	-2	-2.554480
1306	187.333333	187.500000	E3	99	80	1	-1	-2.464298
1307	187.500000	187.666667	F#3	99	80	1	-2	-5.583884
1308	187.666667	187.833333	E4	99	80	0	1	-3.216633
1309	187.666667	187.833333	A3	99	80	1	-1	-2.464298
1310	187.833333	188.000000	A4	99	80	0	2	-2.963617
1311	187.833333	188.000000	B3	99	80	1	-2	-5.429322
1312	188.000000	188.166667	B4	99	80	0	3	-2.675961
1313	188.000000	188.166667	C#4	99	80	1	-1	-3.101885
1314	188.166667	188.333333	C#5	99	80	0	4	-4.476680
1315	188.333333	188.500000	E5	99	80	0	1	-5.463421
1316	188.500000	188.666667	A5	99	80	0	2	-2.963617
1317	188.666667	188.833333	B5	99	80	0	3	-2.675961
1318	188.833333	189.000000	C#6	99	80	0	4	-4.476680
1319	189.000000	189.166667	E6	99	80	0	5	-3.871087
1320	189.166667	189.333333	C#6	99	80	0	4	-4.424487
1321	189.333333	189.500000	B5	99	80	0	3	-3.914844
1322	189.500000	189.666667	A5	99	80	0	2	-2.287533
1323	189.666667	189.833333	E5	99	80	0	1	-3.434905
1324	189.833333	190.000000	C#5	99	80	0	4	-6.205414
1325	190.000000	190.166667	B4	99	80	0	3	-3.914844
1326	190.166667	190.333333	A4	99	80	0	2	-2.287533
1327	190.333333	190.500000	E4	99	80	0	1	-3.434905
1328	190.500000	192.500000	G#4	81	80	0	2	-3.275273
1329	191.000000	191.166667	B1	81	80	1	-5	-5.805721
1330	191.166667	191.333333	B2	81	80	1	-1	-1.202832
1331	191.333333	191.500000	D#4	81	80	0	1	-3.434905
1332	191.333333	191.500000	D#3	81	80	1	-3	-6.091799
1333	191.500000	191.666667	G#4	81	80	0	2	-2.963617
1334	191.500000	191.666667	G#3	81	80	1	-2	-3.936874
1335	191.666667	191.833333	B4	81	80	0	1	-5.162135
1336	191.666667	191.833333	B3	81	80	1	-1	-2.464298
1337	191.833333	192.000000	D#5	81	80	0	2	-3.275273
1338	192.000000	192.166667	G#5	81	80	0	4	-2.909306
1339	192.166667	192.333333	B5	81	80	0	5	-3.871087
1340	192.333333	192.500000	B4	81	80	0	1	-1.922714
1341	192.500000	194.500000	F#4	81	80	0	2	-7.583777
1342	193.000000	193.166667	B1	81	80	1	-5	-5.451251
1343	193.166667	193.333333	B2	81	80	1	-1	-1.202832
1344	193.333333	193.500000	D#4	81	80	0	1	-3.157580
1345	193.333333	193.500000	D#3	81	80	1	-4	-7.573765
1346	193.500000	193.666667	A4	81	80	0	3	-5.088322
1347	193.500000	193.666667	A3	81	80	1	-2	-4.383116
1348	193.666667	193.833333	B4	81	80	0	1	-5.198182
1349	193.666667	193.833333	B3	81	80	1	-1	-2.578439
1350	193.833333	194.000000	D#5	81	80	0	2	-3.275273
1351	194.000000	194.166667	A5	81	80	0	4	-5.030376
1352	194.166667	194.333333	B5	81	80	0	5	-2.706622
1353	194.333333	194.500000	B4	81	80	0	1	-1.922714
1354	194.500000	195.000000	E4	81	80	0	1	-7.180592
1355	195.000000	195.166667	E6	63	80	0	1	-7.395652
1356	195.000000	195.250000	E2	81	80	1	-5	-4.212346
1357	195.166667	195.333333	F#6	63	80	0	2	-3.246278
1358	195.250000	195.500000	B2	81	80	1	-2	-2.554480
1359	195.333333	195.500000	C#6	63	80	0	1	-3.434905
1360	195.500000	195.666667	E6	63	80	0	2	-3.493146
1361	195.500000	195.750000	E3	63	80	1	-1	-2.320150
1362	195.666667	195.833333	B5	63	80	0	1	-3.434905
1363	195.750000	196.000000	G#3	63	80	1	-2	-5.718611
1364	195.833333	196.000000	C#6	63	80	0	2	-3.246278
1365	196.000000	196.166667	G#5	63	80	0	1	-3.434905
1366	196.000000	196.250000	B3	63	80	1	-1	-2.464298
1367	196.166667	196.333333	B5	63	80	0	2	-3.493146
1368	196.250000	196.500000	G#3	63	80	1	-2	-3.299403
1369	196.333333	196.500000	F#5	63	80	0	1	-3.898407
1370	196.500000	196.666667	G#5	63	80	0	2	-2.867384
1371	196.500000	196.750000	E3	63	80	1	-1	-6.695584
1372	196.666667	196.833333	E5	63	80	0	1	-4.134704
1373	196.750000	197.000000	B2	63	80	1	-2	-3.456527
1374	196.833333	197.000000	G#5	63	80	0	2	-3.275273
1375	197.000000	198.000000	D#5	63	80	0	1	-3.434905
1376	197.000000	197.250000	E2	63	80	1	-5	-3.155341
1377	197.250000	197.500000	C#3	63	80	1	-2	-4.731534
1378	197.500000	197.750000	E3	63	80	1	-1	-2.464298
1379	197.750000	198.000000	G#3	63	80	1	-2	-5.718611
1380	198.000000	198.500000	C#5	63	80	0	3	-4.737465
1381	198.000000	198.250000	C#4	63	80	1	-1	-2.320150
1382	198.250000	198.500000	G#3	63	80	1	-2	-3.456527
1383	198.500000	199.000000	B4	63	80	0	2	-3.286699
1384	198.500000	198.750000	E3	63	80	1	-4	-4.761119
1385	198.750000	199.000000	C#3	63	80	1	-1	-6.154130
1386	199.000000	199.166667	E5	45	80	0	4	-2.909306
1387	199.000000	199.250000	E2	63	80	1	-5	-4.087479
1388	199.166667	199.333333	F#5	45	80	0	5	-4.070264
1389	199.250000	199.500000	B2	63	80	1	-2	-2.554480
1390	199.333333	199.500000	C#5	45	80	0	2	-3.071676
1391	199.500000	199.666667	E5	45	80	0	3	-3.265372
1392	199.500000	199.750000	E3	45	80	1	-1	-2.320150
1393	199.666667	199.833333	B4	45	80	0	1	-2.905888
1394	199.750000	200.000000	G#3	45	80	1	-2	-5.718611
1395	199.833333	200.000000	C#5	45	80	0	2	-3.246278
1396	200.000000	200.166667	G#4	45	80	0	1	-3.434905
1397	200.000000	200.250000	B3	45	80	1	-1	-2.464298
1398	200.166667	200.333333	B4	45	80	0	2	-3.493146
1399	200.250000	200.500000	G#3	45	80	1	-2	-3.299403
1400	200.333333	200.500000	F#4	45	80	0	1	-3.898407
1401	200.500000	200.666667	G#4	45	80	0	2	-2.867384
1402	200.500000	200.750000	E3	45	80	1	-1	-6.695584
1403	200.666667	200.833333	E4	45	80	0	1	-4.134704
1404	200.750000	201.000000	B2	45	80	1	-2	-3.456527
1405	200.833333	201.000000	G#4	45	80	0	2	-3.275273
1406	201.000000	202.000000	D#4	45	80	0	1	-3.434905
1407	201.000000	201.250000	E2	45	80	1	-5	-3.155341
1408	201.250000	201.500000	C#3	45	80	1	-2	-4.731534
1409	201.500000	201.750000	E3	45	80	1	-1	-2.464298
1410	201.750000	202.000000	G#3	45	80	1	-2	-5.718611
1411	202.000000	202.500000	C#4	45	80	0	2	-4.891425
1412	202.000000	202.250000	C#4	45	80	1	-1	-2.320150
1413	202.250000	202.500000	G#3	45	80	1	-2	-3.456527
1414	202.500000	202.750000	E3	45	80	1	-4	-4.761119
1415	202.666667	202.833333	B3	45	80	0	1	-3.360143
1416	202.750000	203.000000	C#3	45	80	1	-1	-6.154130
1417	203.000000	203.500000	E2	45	80	1	-5	-4.087479
1418	203.166667	203.333333	C#4	45	80	0	2	-3.246278
1419	203.333333	203.500000	E3	45	80	1	-1	-1.202832
1420	203.500000	204.000000	B2	45	80	1	-3	-3.831713
1421	203.666667	203.833333	E4	45	80	0	3	-3.265372
1422	203.833333	204.000000	G#3	45	80	1	-1	-4.469532
1423	204.000000	204.500000	E3	45	80	1	-5	-6.716097
1424	204.166667	204.333333	F#4	45	80	0	5	-3.990232
1425	204.333333	204.500000	C#4	45	80	0	2	-3.071676
1426	204.333333	204.500000	B3	45	80	1	-2	-2.554480
1427	204.500000	205.000000	G#3	45	80	1	-3	-3.464153
1428	204.666667	204.833333	B4	45	80	0	5	-4.457166
1429	204.833333	205.000000	E4	45	80	0	1	-3.425130
1430	205.000000	205.500000	E3	45	80	1	-5	-3.859206
1431	205.166667	205.333333	C#5	45	80	0	4	-4.568866
1432	205.333333	205.500000	G#4	45	80	0	2	-3.266530
1433	205.500000	206.000000	B3	45	80	1	-2	-2.554480
1434	205.666667	205.833333	E5	45	80	0	5	-3.857051
1435	205.833333	206.000000	B4	45	80	0	2	-3.071676
1436	206.000000	206.500000	E4	45	80	1	-1	-2.320150
1437	206.166667	206.333333	F#5	45	80	0	5	-4.848026
1438	206.333333	206.500000	C#5	45	80	0	2	-3.071676
1439	206.500000	207.000000	G#4	45	80	1	-3	-6.091799
1440	206.666667	206.833333	B5	63	80	0	5	-4.457166
1441	206.833333	207.000000	E5	63	80	0	1	-3.425130
1442	207.000000	207.500000	E4	63	80	1	-5	-3.859206
1443	207.166667	207.333333	C#6	63	80	0	4	-4.568866
1444	207.333333	207.500000	G#5	63	80	0	1	-3.216633
1445	207.500000	208.000000	B4	63	80	1	-2	-2.554480
1446	207.666667	207.833333	E6	63	80	0	4	-4.832705
1447	207.833333	208.000000	B5	63	80	0	1	-3.216633
1448	208.000000	208.500000	E5	63	80	1	-1	-2.320150
1449	208.166667	208.333333	F#6	63	80	0	4	-4.298356
1450	208.333333	208.500000	C#6	63	80	0	1	-3.216633
1451	208.500000	209.000000	E6	90	80	0	2	-3.493146
1452	208.500000	209.000000	G#6	90	80	0	4	-3.522723
1453	208.500000	209.000000	G#5	63	80	1	-3	-6.091799
1454	209.000000	210.000000	E6	90	80	0	2	-4.058569
1455	209.000000	210.000000	G#6	90	80	0	4	-3.522723
1456	209.000000	209.500000	E5	90	80	1	-5	-3.859206
1457	209.000000	209.500000	B5	90	80	1	-2	-2.554480
1458	209.500000	210.500000	E5	90	80	1	-5	-3.155341
1459	209.500000	210.500000	B5	90	80	1	-2	-2.554480
1460	210.000000	210.500000	E6	90	80	0	2	-4.058569
1461	210.000000	210.500000	G#6	90	80	0	4	-3.522723
1462	210.500000	211.000000	E4	45	80	0	1	-7.338864
1463	210.500000	211.000000	E5	90	80	1	-5	-3.155341
1464	210.500000	211.000000	B5	90	80	1	-1	-3.477173
1465	211.000000	211.500000	E2	90	80	1	-5	-4.456078
1466	211.000000	211.500000	E3	90	80	1	-1	-1.202832
