//Version: PianoFingering_v170101
1	0.000000	0.375000	C#4	90	80	0	1	-0.925785
2	0.000000	0.375000	C#5	90	80	0	4	-3.867317
3	0.000000	0.250000	B1	90	80	1	-5	-0.504576
4	0.000000	0.250000	F#2	90	80	1	-2	-4.281723
5	0.375000	0.500000	D5	126	80	0	5	-3.684684
6	0.500000	0.625000	F#4	126	80	0	1	-3.862851
7	0.625000	0.750000	B4	126	80	0	2	-3.465862
8	0.750000	1.000000	F#5	127	80	0	5	-4.848026
9	1.500000	1.750000	B1	90	80	1	-5	-4.626444
10	1.500000	1.750000	F#2	90	80	1	-2	-4.281723
11	3.000000	3.250000	B1	90	80	1	-5	-4.626444
12	3.000000	3.250000	F#2	90	80	1	-5	-7.206746
13	3.625000	3.750000	D4	126	80	1	-1	-7.515526
14	3.750000	3.875000	F#3	126	80	1	-5	-4.332318
15	3.875000	4.000000	B3	126	80	1	-3	-4.118108
16	4.000000	4.250000	F#4	127	80	1	-1	-4.707497
17	4.500000	4.750000	B1	90	80	1	-5	-5.805721
18	4.500000	4.750000	F#2	90	80	1	-5	-7.206746
19	5.125000	5.250000	D4	126	80	1	-1	-7.515526
20	5.250000	5.375000	F#3	126	80	1	-5	-4.332318
21	5.375000	5.500000	B3	126	80	1	-3	-4.118108
22	5.500000	5.750000	F#4	127	80	1	-1	-4.707497
23	6.000000	6.250000	E2	90	80	1	-5	-5.805721
24	6.000000	6.250000	G2	90	80	1	-3	-3.170876
25	6.625000	6.750000	G4	126	80	1	-2	-7.148656
26	6.750000	6.875000	C4	126	80	1	-5	-3.155341
27	6.875000	7.000000	E4	126	80	1	-4	-4.139458
28	7.000000	7.250000	C5	127	80	1	-1	-3.451917
29	7.500000	7.750000	F#2	90	80	1	-5	-5.704159
30	7.500000	7.750000	A#2	90	80	1	-4	-4.139458
31	8.125000	8.250000	C#5	126	80	1	-1	-5.179099
32	8.250000	8.375000	F#4	126	80	1	-5	-3.242781
33	8.375000	8.500000	A#4	126	80	1	-4	-4.139458
34	8.500000	8.750000	F#5	127	80	1	-1	-3.451917
35	9.000000	9.250000	B1	90	80	1	-5	-5.805721
36	9.000000	9.250000	F#2	90	80	1	-2	-4.281723
37	9.000000	9.250000	B2	90	80	1	-1	-3.262923
38	9.625000	9.750000	D5	126	80	1	-1	-7.349812
39	9.750000	9.875000	A#4	126	80	1	-2	-4.444474
40	9.875000	10.000000	B4	126	80	1	-1	-3.404249
41	10.000000	10.125000	E#4	126	80	1	-2	-3.456527
42	10.125000	10.250000	F#4	126	80	1	-1	-4.284379
43	10.250000	10.375000	C#4	126	80	1	-2	-3.456527
44	10.375000	10.500000	D4	126	80	1	-1	-3.404249
45	10.500000	10.625000	A#3	126	80	1	-2	-4.444474
46	10.625000	10.750000	B3	126	80	1	-1	-3.404249
47	10.750000	11.125000	E#3	126	80	1	-3	-3.831713
48	11.125000	11.250000	F#3	126	80	1	-2	-3.081523
49	11.250000	11.375000	C#3	126	80	1	-4	-4.045906
50	11.375000	11.500000	D3	126	80	1	-3	-4.267903
51	11.500000	11.625000	A#2	126	80	1	-5	-5.242578
52	11.500000	11.625000	A#3	126	80	1	-1	-1.202832
53	11.625000	11.750000	B2	126	80	1	-5	-4.598096
54	11.625000	11.750000	B3	126	80	1	-1	-1.202832
55	11.750000	11.875000	E#2	126	80	1	-5	-3.781310
56	11.750000	11.875000	E#3	126	80	1	-1	-1.202832
57	11.875000	12.000000	F#2	126	80	1	-5	-4.582913
58	11.875000	12.000000	F#3	126	80	1	-1	-1.202832
59	12.000000	12.125000	C#2	126	80	1	-5	-3.781310
60	12.000000	12.125000	C#3	126	80	1	-1	-1.202832
61	12.125000	12.250000	D2	126	80	1	-5	-4.598096
62	12.125000	12.250000	D3	126	80	1	-1	-1.202832
63	12.250000	12.500000	A#1	127	80	1	-5	-5.753604
64	12.250000	12.500000	A#2	127	80	1	-1	-1.202832
65	12.750000	13.250000	A#1	90	80	1	-5	-2.314770
66	12.750000	13.250000	A#2	90	80	1	-1	-1.202832
67	13.250000	13.500000	B1	90	80	1	-5	-4.598096
68	13.250000	13.500000	B2	90	80	1	-1	-1.202832
69	13.500000	13.750000	C#2	90	80	1	-5	-4.114892
70	13.500000	13.750000	C#3	90	80	1	-1	-1.202832
71	13.750000	14.000000	D2	90	80	1	-5	-4.598096
72	13.750000	14.000000	D3	90	80	1	-1	-1.202832
73	14.000000	14.750000	A#1	90	80	1	-5	-5.753604
74	14.000000	14.750000	A#2	90	80	1	-1	-1.202832
75	14.750000	15.000000	B1	90	80	1	-5	-4.598096
76	14.750000	15.000000	B2	90	80	1	-1	-1.202832
77	15.000000	15.250000	C#2	90	80	1	-5	-4.114892
78	15.000000	15.250000	C#3	90	80	1	-1	-1.202832
79	15.250000	15.500000	D2	90	80	1	-5	-4.598096
80	15.250000	15.500000	D3	90	80	1	-1	-1.202832
81	15.500000	16.250000	D#2	90	80	1	-5	-4.582913
82	15.500000	16.250000	D#3	90	80	1	-1	-1.202832
83	16.250000	16.500000	E2	90	80	1	-5	-4.598096
84	16.250000	16.500000	E3	90	80	1	-1	-1.202832
85	16.500000	16.750000	F#2	90	80	1	-5	-4.114892
86	16.500000	16.750000	F#3	90	80	1	-1	-1.202832
87	16.750000	17.000000	G2	90	80	1	-5	-4.598096
88	16.750000	17.000000	G3	90	80	1	-1	-1.202832
89	17.000000	17.750000	E#2	90	80	1	-5	-3.842215
90	17.000000	17.750000	E#3	90	80	1	-1	-1.202832
91	17.750000	18.000000	F#2	90	80	1	-5	-4.582913
92	17.750000	18.000000	F#3	90	80	1	-1	-1.202832
93	18.000000	18.250000	G#2	90	80	1	-5	-3.181034
94	18.000000	18.250000	G#3	90	80	1	-1	-1.202832
95	18.250000	18.500000	A#2	90	80	1	-5	-3.181034
96	18.250000	18.500000	A#3	90	80	1	-1	-1.202832
97	18.750000	19.000000	F#2	90	80	1	-5	-4.233080
98	18.750000	19.000000	F#3	90	80	1	-1	-1.202832
99	19.250000	19.500000	C#2	90	80	1	-5	-3.781310
100	19.250000	19.500000	C#3	90	80	1	-1	-1.202832
101	19.750000	20.000000	A#1	90	80	1	-5	-4.233080
102	19.750000	20.000000	A#2	90	80	1	-1	-1.202832
103	20.250000	20.500000	F#1	90	80	1	-5	-4.233080
104	20.250000	20.500000	F#2	90	80	1	-1	-1.202832
105	21.000000	21.250000	F#1	90	80	1	-5	-2.314770
106	21.000000	21.250000	F#2	90	80	1	-1	-1.202832
107	33.500000	33.875000	C#4	90	80	0	1	-4.498352
108	33.500000	33.875000	C#5	90	80	0	4	-3.867317
109	33.875000	34.000000	D5	126	80	0	5	-3.684684
110	34.000000	34.125000	F#4	126	80	0	1	-3.862851
111	34.125000	34.250000	B4	126	80	0	2	-3.465862
112	34.250000	34.500000	F#5	127	80	0	5	-4.848026
113	35.000000	35.375000	F#4	90	80	0	1	-1.922714
114	35.000000	35.375000	F#5	90	80	0	4	-3.867317
115	35.375000	35.500000	G5	126	80	0	5	-3.684684
116	35.500000	35.625000	C5	126	80	0	1	-3.425130
117	35.625000	35.750000	E5	126	80	0	2	-2.525967
118	35.750000	36.000000	C6	127	80	0	5	-3.767315
119	36.500000	36.875000	B#4	90	80	0	1	-1.922714
120	36.500000	36.875000	B#5	90	80	0	4	-3.867317
121	36.875000	37.000000	C#6	126	80	0	5	-4.385182
122	37.000000	37.125000	F#5	126	80	0	1	-3.425130
123	37.125000	37.250000	A#5	126	80	0	2	-2.525967
124	37.250000	37.500000	F#6	127	80	0	5	-3.767315
125	38.000000	38.375000	C#5	90	80	0	1	-4.498352
126	38.000000	38.375000	C#6	90	80	0	4	-3.867317
127	38.375000	38.500000	D6	126	80	0	5	-3.684684
128	38.500000	38.625000	A#5	126	80	0	2	-4.555079
129	38.625000	38.750000	B5	126	80	0	3	-3.686981
130	38.750000	38.875000	E#5	126	80	0	1	-2.905888
131	38.875000	39.000000	F#5	126	80	0	4	-5.465822
132	39.000000	39.125000	C#5	126	80	0	2	-3.266530
133	39.125000	39.250000	D5	126	80	0	3	-3.686981
134	39.250000	39.375000	A#4	126	80	0	2	-5.111623
135	39.375000	39.500000	B4	126	80	0	3	-3.686981
136	39.500000	39.875000	E#4	126	80	0	1	-2.905888
137	39.875000	40.000000	F#4	126	80	0	4	-5.465822
138	40.000000	40.125000	C#4	126	80	0	2	-3.266530
139	40.125000	40.250000	D4	126	80	0	3	-3.686981
140	41.500000	42.000000	G4	90	80	0	1	-5.548003
141	41.500000	42.000000	E5	90	80	0	3	-4.659051
142	41.500000	42.000000	G5	90	80	0	5	-2.681011
143	42.000000	42.250000	F#4	90	80	0	1	-4.270482
144	42.000000	42.250000	D5	90	80	0	3	-5.327229
145	42.000000	42.250000	F#5	90	80	0	5	-3.549127
146	42.250000	42.500000	E4	90	80	0	1	-4.990776
147	42.250000	42.500000	C#5	90	80	0	4	-4.568866
148	42.250000	42.500000	E5	90	80	0	5	-3.871087
149	42.500000	42.750000	D4	90	80	0	1	-3.460971
150	42.500000	42.750000	B4	90	80	0	3	-4.659051
151	42.500000	42.750000	D5	90	80	0	5	-2.681011
152	43.000000	43.500000	G4	90	80	0	1	-3.425130
153	43.000000	43.500000	E5	90	80	0	3	-4.659051
154	43.000000	43.500000	G5	90	80	0	5	-2.681011
155	43.500000	43.750000	F#4	90	80	0	1	-4.270482
156	43.500000	43.750000	D5	90	80	0	3	-5.327229
157	43.500000	43.750000	F#5	90	80	0	5	-3.549127
158	43.750000	44.000000	E4	90	80	0	1	-4.990776
159	43.750000	44.000000	C#5	90	80	0	4	-4.568866
160	43.750000	44.000000	E5	90	80	0	5	-3.871087
161	44.000000	44.250000	D4	90	80	0	1	-3.460971
162	44.000000	44.250000	B4	90	80	0	2	-5.302163
163	44.000000	44.250000	D5	90	80	0	4	-2.758588
164	44.500000	44.750000	C5	90	80	0	1	-4.636880
165	44.500000	44.750000	A5	90	80	0	3	-4.659051
166	44.500000	44.750000	C6	90	80	0	5	-2.681011
167	45.000000	45.250000	B4	90	80	0	1	-3.460971
168	45.000000	45.250000	G5	90	80	0	3	-4.659051
169	45.000000	45.250000	B5	90	80	0	5	-2.681011
170	45.250000	45.500000	A4	90	80	0	1	-3.460971
171	45.250000	45.500000	F#5	90	80	0	4	-4.568866
172	45.250000	45.500000	A5	90	80	0	5	-3.871087
173	45.500000	45.750000	G4	90	80	0	1	-3.460971
174	45.500000	45.750000	E5	90	80	0	2	-5.302163
175	45.500000	45.750000	G5	90	80	0	3	-3.012122
176	46.000000	46.500000	D5	90	80	0	1	-2.905888
177	46.000000	46.500000	B5	90	80	0	3	-4.659051
178	46.000000	46.500000	D6	90	80	0	5	-2.681011
179	46.500000	46.750000	C#5	90	80	0	1	-4.270482
180	46.500000	46.750000	A#5	90	80	0	3	-4.659051
181	46.500000	46.750000	C#6	90	80	0	5	-2.681011
182	46.750000	47.000000	B4	90	80	0	1	-4.990776
183	46.750000	47.000000	G#5	90	80	0	4	-4.568866
184	46.750000	47.000000	B5	90	80	0	5	-3.871087
185	47.000000	47.250000	A#4	90	80	0	1	-4.270482
186	47.000000	47.250000	F#5	90	80	0	3	-4.659051
187	47.000000	47.250000	A#5	90	80	0	5	-2.681011
188	47.500000	47.750000	C#5	90	80	0	1	-2.845304
189	47.500000	47.750000	A#5	90	80	0	3	-4.659051
190	47.500000	47.750000	C#6	90	80	0	5	-2.681011
191	48.000000	48.250000	F#5	90	80	0	1	-3.425130
192	48.000000	48.250000	A#5	90	80	0	2	-2.525967
193	48.000000	48.250000	F#6	90	80	0	5	-3.767315
194	50.000000	50.375000	G#3	90	80	0	1	-6.163296
195	50.000000	50.375000	G#4	90	80	0	4	-3.867317
196	50.375000	50.500000	A4	126	80	0	5	-3.684684
197	50.500000	50.625000	C#4	126	80	0	1	-3.862851
198	50.625000	50.750000	F#4	126	80	0	2	-2.963617
199	50.750000	51.000000	C#5	127	80	0	5	-3.528229
200	51.500000	51.875000	G#3	90	80	0	1	-4.498352
201	51.500000	51.875000	G#4	90	80	0	4	-3.867317
202	51.875000	52.000000	A4	126	80	0	5	-3.684684
203	52.000000	52.125000	C#4	126	80	0	1	-3.862851
204	52.125000	52.250000	F#4	126	80	0	2	-2.963617
205	52.250000	52.500000	C#5	127	80	0	5	-3.528229
206	53.000000	53.375000	C#4	90	80	0	1	-1.922714
207	53.000000	53.375000	C#5	90	80	0	4	-3.867317
208	53.375000	53.500000	D5	126	80	0	5	-3.684684
209	53.500000	53.625000	F#4	126	80	0	1	-3.862851
210	53.625000	53.750000	A4	126	80	0	2	-3.493146
211	53.750000	54.000000	F#5	127	80	0	5	-4.989350
212	54.500000	54.875000	F#4	90	80	0	1	-1.922714
213	54.500000	54.875000	F#5	90	80	0	4	-3.867317
214	54.875000	55.000000	G5	126	80	0	5	-3.684684
215	55.000000	55.125000	B4	126	80	0	1	-2.845304
216	55.125000	55.250000	E5	126	80	0	2	-2.963617
217	55.250000	55.500000	B5	127	80	0	5	-3.528229
218	56.000000	56.375000	B4	90	80	0	1	-1.922714
219	56.000000	56.375000	B5	90	80	0	4	-3.867317
220	56.375000	56.500000	C6	126	80	0	5	-2.706622
221	56.500000	56.625000	E5	126	80	0	1	-2.845304
222	56.625000	56.750000	G5	126	80	0	2	-2.525967
223	56.750000	57.000000	E6	127	80	0	5	-3.767315
224	57.375000	57.500000	A3	63	80	1	-2	-8.605581
225	57.500000	57.875000	C#5	90	80	0	1	-4.588094
226	57.500000	57.875000	C#6	90	80	0	4	-3.867317
227	57.500000	57.625000	C#3	63	80	1	-5	-4.815138
228	57.625000	57.750000	F#3	63	80	1	-3	-3.463793
229	57.750000	58.000000	C#4	69	80	1	-1	-3.342645
230	57.875000	58.000000	D6	126	80	0	5	-3.684684
231	58.000000	58.125000	F5	126	80	0	1	-2.845304
232	58.125000	58.250000	B5	126	80	0	2	-2.963617
233	58.250000	58.500000	G6	127	80	0	5	-3.767315
234	58.250000	58.500000	F#1	90	80	1	-5	-4.456078
235	58.250000	58.500000	F#2	90	80	1	-1	-1.202832
236	58.875000	59.000000	A3	63	80	1	-2	-8.605581
237	59.000000	59.375000	B4	90	80	0	1	-6.163296
238	59.000000	59.375000	B5	90	80	0	4	-3.867317
239	59.000000	59.125000	C#3	63	80	1	-5	-4.815138
240	59.125000	59.250000	F#3	63	80	1	-3	-3.463793
241	59.250000	59.500000	C#4	69	80	1	-1	-3.342645
242	59.375000	59.500000	C6	126	80	0	5	-2.706622
243	59.500000	59.625000	E5	126	80	0	1	-2.845304
244	59.625000	59.750000	G5	126	80	0	2	-2.525967
245	59.750000	60.000000	E6	127	80	0	5	-3.767315
246	59.750000	60.000000	F#1	90	80	1	-5	-4.456078
247	59.750000	60.000000	F#2	90	80	1	-5	-5.534856
248	60.375000	60.500000	D4	63	80	1	-1	-7.515526
249	60.500000	60.875000	C#5	90	80	0	1	-4.588094
250	60.500000	60.875000	C#6	90	80	0	4	-3.867317
251	60.500000	60.625000	F#3	63	80	1	-4	-4.339145
252	60.625000	60.750000	A3	63	80	1	-3	-4.235223
253	60.750000	61.000000	F#4	69	80	1	-1	-4.469532
254	60.875000	61.000000	D6	126	80	0	5	-3.684684
255	61.000000	61.125000	F5	126	80	0	1	-2.845304
256	61.125000	61.250000	B5	126	80	0	2	-2.963617
257	61.250000	61.500000	G6	127	80	0	5	-3.767315
258	61.250000	61.500000	E1	90	80	1	-5	-5.805721
259	61.250000	61.500000	E2	90	80	1	-1	-1.202832
260	61.875000	62.000000	G4	63	80	1	-1	-7.349812
261	62.000000	62.375000	D#5	90	80	0	1	-5.436724
262	62.000000	62.375000	D#6	90	80	0	4	-3.867317
263	62.000000	62.125000	B3	63	80	1	-5	-3.730225
264	62.125000	62.250000	E4	63	80	1	-3	-3.463793
265	62.250000	62.500000	B4	69	80	1	-1	-3.342645
266	62.375000	62.500000	E6	126	80	0	5	-3.684684
267	62.500000	62.625000	B5	126	80	0	2	-3.071676
268	62.625000	62.750000	C6	126	80	0	3	-2.675961
269	62.750000	62.875000	F#5	126	80	0	2	-5.483387
270	62.750000	63.000000	C2	90	80	1	-5	-4.456078
271	62.750000	63.000000	G2	90	80	1	-4	-4.864358
272	62.875000	63.000000	G5	126	80	0	3	-3.686981
273	63.000000	63.125000	D#5	126	80	0	2	-5.111623
274	63.125000	63.250000	E5	126	80	0	3	-3.686981
275	63.250000	63.375000	B4	126	80	0	1	-2.905888
276	63.375000	63.500000	C5	126	80	0	2	-2.867384
277	63.375000	63.500000	C5	63	80	1	-1	-5.179099
278	63.500000	63.875000	A4	126	80	0	1	-3.157580
279	63.500000	63.625000	E4	63	80	1	-5	-3.730225
280	63.625000	63.750000	G4	63	80	1	-4	-4.139458
281	63.750000	64.000000	E5	69	80	1	-1	-3.451917
282	63.875000	64.000000	A#4	126	80	0	4	-5.465822
283	64.000000	64.125000	F#4	126	80	0	2	-3.359779
284	64.125000	64.250000	G4	126	80	0	3	-3.686981
285	64.250000	64.375000	D#4	126	80	0	2	-5.111623
286	64.250000	64.500000	C2	90	80	1	-5	-4.456078
287	64.250000	64.500000	G2	90	80	1	-4	-4.864358
288	64.375000	64.500000	E4	126	80	0	3	-3.686981
289	64.500000	64.625000	B#3	126	80	0	2	-3.674662
290	64.625000	64.750000	C#4	126	80	0	3	-3.190537
291	64.750000	64.875000	A3	126	80	0	1	-3.996553
292	64.875000	65.000000	A#3	126	80	0	2	-3.900292
293	64.875000	65.000000	D5	63	80	1	-1	-5.179099
294	65.000000	65.250000	F#3	127	80	0	1	-3.157580
295	65.000000	65.125000	F4	63	80	1	-5	-3.730225
296	65.125000	65.250000	B4	63	80	1	-3	-3.463793
297	65.250000	65.500000	G5	69	80	1	-1	-4.439870
298	65.500000	66.000000	E4	90	80	0	4	-4.946245
299	65.500000	66.000000	G4	90	80	0	5	-3.402079
300	65.750000	66.000000	C2	90	80	1	-5	-4.456078
301	65.750000	66.000000	G2	90	80	1	-4	-4.864358
302	66.000000	66.250000	D4	90	80	0	2	-3.071676
303	66.000000	66.250000	F#4	90	80	0	4	-3.522723
304	66.250000	66.500000	C#4	90	80	0	2	-3.266530
305	66.250000	66.500000	E4	90	80	0	3	-3.265372
306	66.375000	66.500000	C5	63	80	1	-1	-5.179099
307	66.500000	66.625000	E4	63	80	1	-5	-3.730225
308	66.625000	66.750000	G4	63	80	1	-4	-4.139458
309	66.750000	67.000000	E5	69	80	1	-1	-3.451917
310	67.250000	67.500000	C2	90	80	1	-5	-4.456078
311	67.250000	67.500000	G2	90	80	1	-4	-4.864358
312	67.875000	68.000000	D5	63	80	1	-1	-5.179099
313	68.000000	68.125000	F4	63	80	1	-5	-3.730225
314	68.125000	68.250000	B4	63	80	1	-3	-3.463793
315	68.250000	68.500000	G5	69	80	1	-1	-4.439870
316	68.750000	69.000000	C2	90	80	1	-5	-4.456078
317	68.750000	69.000000	G2	90	80	1	-4	-4.864358
318	69.375000	69.500000	E5	63	80	1	-1	-5.179099
319	69.500000	69.625000	B4	63	80	1	-2	-3.456527
320	69.625000	69.750000	C5	63	80	1	-1	-2.578439
321	69.750000	69.875000	F#4	63	80	1	-2	-5.099885
322	69.875000	70.000000	G4	63	80	1	-1	-3.404249
323	70.000000	70.125000	D#4	63	80	1	-2	-4.444474
324	70.125000	70.250000	E4	63	80	1	-1	-3.404249
325	70.250000	70.375000	B3	63	80	1	-2	-3.456527
326	70.375000	70.500000	C4	63	80	1	-1	-2.578439
327	70.500000	70.875000	A3	63	80	1	-2	-3.291596
328	70.875000	71.000000	A#3	63	80	1	-1	-4.284379
329	71.000000	71.125000	F#3	63	80	1	-2	-3.291596
330	71.125000	71.250000	G3	63	80	1	-1	-3.404249
331	71.250000	71.375000	D#3	63	80	1	-2	-4.444474
332	71.375000	71.500000	E3	63	80	1	-1	-3.404249
333	71.500000	71.625000	B#2	63	80	1	-2	-3.291596
334	71.625000	71.750000	C#3	63	80	1	-1	-4.284379
335	71.750000	71.875000	A2	63	80	1	-2	-4.597368
336	71.875000	72.000000	A#2	63	80	1	-1	-4.284379
337	72.000000	72.250000	F#2	69	80	1	-2	-3.291596
338	72.250000	72.500000	F#2	69	80	1	-2	-3.999177
339	73.000000	73.250000	F#2	69	80	1	-2	-3.999177
340	73.250000	73.500000	F#2	69	80	1	-2	-3.999177
341	73.500000	73.750000	F#2	69	80	1	-2	-3.999177
342	73.750000	74.000000	F#2	69	80	1	-2	-3.999177
343	74.000000	74.250000	B3	90	80	0	1	-2.905888
344	74.000000	74.250000	D4	90	80	0	2	-2.525967
345	74.500000	75.000000	E4	90	80	0	3	-2.675961
346	74.500000	75.000000	G4	90	80	0	5	-2.681011
347	74.500000	74.750000	F#2	69	80	1	-2	-3.999177
348	74.750000	75.000000	F#2	69	80	1	-2	-3.999177
349	75.000000	75.250000	D4	90	80	0	2	-3.071676
350	75.000000	75.250000	F#4	90	80	0	4	-3.522723
351	75.000000	75.250000	F#2	69	80	1	-2	-3.999177
352	75.250000	75.500000	C#4	90	80	0	2	-3.266530
353	75.250000	75.500000	E4	90	80	0	3	-3.265372
354	75.250000	75.500000	F#2	69	80	1	-2	-3.999177
355	75.500000	75.750000	B3	90	80	0	1	-2.905888
356	75.500000	75.750000	D4	90	80	0	2	-2.525967
357	76.000000	76.250000	D#4	90	80	0	1	-6.745114
358	76.000000	76.250000	A4	90	80	0	3	-5.088322
359	76.000000	76.250000	C5	90	80	0	5	-2.681011
360	76.000000	76.250000	F#2	69	80	1	-2	-3.999177
361	76.250000	76.500000	F#2	69	80	1	-2	-3.999177
362	76.500000	76.750000	G4	90	80	0	2	-3.071676
363	76.500000	76.750000	B4	90	80	0	4	-2.758588
364	76.500000	76.750000	F#2	69	80	1	-2	-3.999177
365	76.750000	77.000000	F#4	90	80	0	2	-3.901124
366	76.750000	77.000000	A4	90	80	0	3	-3.265372
367	76.750000	77.000000	F#2	69	80	1	-2	-3.999177
368	77.000000	77.250000	E4	90	80	0	1	-2.905888
369	77.000000	77.250000	G4	90	80	0	2	-2.525967
370	77.500000	78.000000	E#4	90	80	0	1	-2.609267
371	77.500000	78.000000	B4	90	80	0	2	-2.963617
372	77.500000	78.000000	D5	90	80	0	4	-2.758588
373	77.500000	77.750000	F#2	69	80	1	-2	-3.999177
374	77.750000	78.000000	F#2	69	80	1	-2	-3.999177
375	78.000000	78.250000	A#4	90	80	0	2	-3.901124
376	78.000000	78.250000	C#5	90	80	0	4	-2.758588
377	78.000000	78.250000	F#2	69	80	1	-2	-3.999177
378	78.250000	78.500000	G#4	90	80	0	2	-3.266530
379	78.250000	78.500000	B4	90	80	0	3	-3.265372
380	78.250000	78.500000	F#2	69	80	1	-2	-3.999177
381	79.000000	79.500000	E#4	90	80	0	1	-2.905888
382	79.000000	79.500000	B4	90	80	0	2	-2.963617
383	79.000000	79.500000	D5	90	80	0	4	-2.758588
384	79.500000	79.750000	F#2	69	80	1	-2	-3.999177
385	79.750000	80.000000	F#2	69	80	1	-1	-4.535716
386	80.500000	81.000000	E#4	90	80	0	1	-2.969918
387	80.500000	81.000000	B4	90	80	0	2	-2.963617
388	80.500000	81.000000	D5	90	80	0	4	-2.758588
389	80.750000	81.000000	F#2	69	80	1	-5	-4.801795
390	81.375000	81.500000	F#4	63	80	1	-1	-5.964413
391	81.500000	81.875000	E#4	90	80	0	1	-2.969918
392	81.500000	81.875000	A#4	90	80	0	2	-3.275273
393	81.500000	81.875000	C#5	90	80	0	3	-3.012122
394	81.500000	81.875000	E#5	90	80	0	5	-3.340065
395	81.500000	81.625000	A#3	63	80	1	-5	-3.730225
396	81.625000	81.750000	C#4	63	80	1	-4	-4.139458
397	81.750000	82.000000	A#4	69	80	1	-1	-3.451917
398	81.875000	82.000000	F#5	63	80	0	4	-6.663095
399	82.000000	82.125000	A#4	63	80	0	1	-2.969918
400	82.125000	82.250000	C#5	63	80	0	2	-2.525967
401	82.250000	82.500000	A#5	69	80	0	5	-3.767315
402	82.250000	82.500000	F#2	69	80	1	-4	-6.022524
403	82.875000	83.000000	G#4	63	80	1	-1	-5.179099
404	83.000000	83.125000	B3	63	80	1	-5	-4.087479
405	83.125000	83.250000	E#4	63	80	1	-3	-3.416097
406	83.250000	83.500000	C#5	69	80	1	-1	-4.707497
407	83.750000	84.000000	F#2	69	80	1	-5	-4.456078
408	84.375000	84.500000	F#4	63	80	1	-1	-5.964413
409	84.500000	84.625000	A#3	63	80	1	-5	-3.730225
410	84.625000	84.750000	C#4	63	80	1	-4	-4.139458
411	84.750000	85.000000	A#4	69	80	1	-1	-3.451917
412	85.250000	85.500000	F#2	69	80	1	-4	-6.022524
413	85.875000	86.000000	G#4	63	80	1	-1	-5.179099
414	86.000000	86.125000	B3	63	80	1	-5	-4.087479
415	86.125000	86.250000	E#4	63	80	1	-3	-3.416097
416	86.250000	86.500000	C#5	69	80	1	-1	-4.707497
417	86.750000	87.000000	F#2	69	80	1	-4	-6.022524
418	87.375000	87.500000	A#4	63	80	1	-1	-5.179099
419	87.500000	87.625000	E#4	63	80	1	-2	-4.597368
420	87.625000	87.750000	F#4	63	80	1	-1	-4.284379
421	87.750000	87.875000	B#3	63	80	1	-2	-5.875271
422	87.875000	88.000000	C#4	63	80	1	-1	-4.284379
423	88.000000	88.125000	G##3	63	80	1	-2	-4.597368
424	88.125000	88.250000	A#3	63	80	1	-1	-4.284379
425	88.250000	88.375000	E#3	63	80	1	-2	-4.597368
426	88.375000	88.500000	F#3	63	80	1	-1	-4.284379
427	88.500000	88.875000	B#2	63	80	1	-4	-6.237620
428	88.875000	89.000000	C#3	63	80	1	-3	-2.906925
429	89.000000	89.125000	G##2	63	80	1	-5	-3.859206
430	89.000000	89.125000	G##3	63	80	1	-1	-1.202832
431	89.125000	89.250000	A#2	63	80	1	-5	-4.582913
432	89.125000	89.250000	A#3	63	80	1	-1	-1.202832
433	89.250000	89.375000	E#2	63	80	1	-5	-5.345987
434	89.250000	89.375000	E#3	63	80	1	-1	-1.202832
435	89.375000	89.500000	F#2	63	80	1	-5	-4.582913
436	89.375000	89.500000	F#3	63	80	1	-1	-1.202832
437	89.500000	89.625000	B#1	63	80	1	-5	-7.040401
438	89.500000	89.625000	B#2	63	80	1	-1	-1.202832
439	89.625000	89.750000	C#2	63	80	1	-5	-4.582913
440	89.625000	89.750000	C#3	63	80	1	-1	-1.202832
441	89.750000	89.875000	G##1	63	80	1	-5	-5.345987
442	89.750000	89.875000	G##2	63	80	1	-1	-1.202832
443	89.875000	90.000000	A#1	90	80	1	-5	-4.582913
444	89.875000	90.000000	A#2	90	80	1	-1	-1.202832
445	90.000000	91.500000	E#3	90	80	1	-5	-7.923418
446	90.000000	91.500000	C#4	90	80	1	-2	-4.281723
447	90.000000	91.500000	E#4	90	80	1	-1	-3.262923
448	90.500000	90.875000	F##4	90	80	0	1	-4.990776
449	90.500000	90.875000	C#5	90	80	0	2	-5.017340
450	90.500000	90.875000	E#5	90	80	0	3	-4.453766
451	90.500000	90.875000	F##5	90	80	0	4	-2.883688
452	90.875000	91.000000	G#5	63	80	0	5	-4.385182
453	91.000000	91.125000	B4	63	80	0	1	-4.031984
454	91.125000	91.250000	E#5	63	80	0	2	-3.928858
455	91.250000	91.500000	C#6	69	80	0	5	-4.848026
456	91.500000	92.750000	F#1	90	80	1	-5	-5.704159
457	91.500000	92.750000	F#2	90	80	1	-5	-5.534856
458	91.500000	93.000000	F#3	90	80	1	-4	-4.924626
459	91.500000	93.000000	A#3	90	80	1	-2	-2.359478
460	91.500000	93.000000	F#4	90	80	1	-1	-5.516002
461	92.000000	92.375000	E#4	90	80	0	1	-5.695314
462	92.000000	92.375000	A#4	90	80	0	2	-3.275273
463	92.000000	92.375000	C#5	90	80	0	3	-3.012122
464	92.000000	92.375000	E#5	90	80	0	5	-3.340065
465	92.375000	92.500000	F#5	63	80	0	4	-6.663095
466	92.500000	92.625000	A#4	63	80	0	1	-2.969918
467	92.625000	92.750000	C#5	63	80	0	2	-2.525967
468	92.750000	93.000000	A#5	69	80	0	5	-3.767315
469	92.750000	93.000000	A#1	90	80	1	-5	-4.456078
470	92.750000	93.000000	C#2	90	80	1	-3	-3.170876
471	93.500000	93.875000	F##4	90	80	0	1	-4.990776
472	93.500000	93.875000	C#5	90	80	0	2	-5.017340
473	93.500000	93.875000	E#5	90	80	0	3	-4.453766
474	93.500000	93.875000	F##5	90	80	0	4	-2.883688
475	93.875000	94.000000	G#5	63	80	0	5	-4.385182
476	94.000000	94.125000	B4	63	80	0	1	-4.031984
477	94.125000	94.250000	E#5	63	80	0	2	-3.928858
478	94.250000	94.500000	C#6	69	80	0	5	-4.848026
479	95.000000	95.375000	G##4	90	80	0	1	-5.695314
480	95.000000	95.375000	C#5	90	80	0	2	-3.275273
481	95.000000	95.375000	F#5	90	80	0	4	-2.909306
482	95.000000	95.375000	G##5	90	80	0	5	-3.871087
483	95.375000	95.500000	A#5	63	80	0	4	-6.663095
484	95.500000	95.625000	E#5	63	80	0	2	-4.058569
485	95.625000	95.750000	F#5	63	80	0	3	-3.190537
486	95.750000	95.875000	B#4	63	80	0	1	-4.323321
487	95.875000	96.000000	C#5	63	80	0	2	-3.900292
488	96.000000	96.125000	G##4	63	80	0	1	-4.134704
489	96.125000	96.250000	A#4	63	80	0	4	-5.465822
490	96.250000	96.375000	E#4	63	80	0	2	-4.058569
491	96.375000	96.500000	F#4	63	80	0	3	-3.190537
492	96.500000	96.875000	B#3	63	80	0	1	-4.323321
493	96.875000	97.000000	C#4	63	80	0	2	-3.900292
494	97.000000	97.250000	A#1	90	80	1	-5	-3.990113
495	97.000000	97.250000	C#2	90	80	1	-3	-3.170876
496	98.500000	98.750000	B1	90	80	1	-5	-4.372251
497	98.500000	98.750000	F#2	90	80	1	-5	-7.206746
498	107.000000	107.375000	C#4	90	80	0	1	-4.802885
499	107.000000	107.375000	C#5	90	80	0	4	-3.867317
500	107.375000	107.500000	D5	126	80	0	5	-3.684684
501	107.500000	107.625000	F#4	126	80	0	1	-3.862851
502	107.625000	107.750000	B4	126	80	0	2	-3.465862
503	107.750000	108.000000	F#5	127	80	0	5	-4.848026
504	140.500000	140.875000	C#4	90	80	0	1	-4.498352
505	140.500000	140.875000	C#5	90	80	0	4	-3.867317
506	140.875000	141.000000	D5	126	80	0	5	-3.684684
507	141.000000	141.125000	F#4	126	80	0	1	-3.862851
508	141.125000	141.250000	B4	126	80	0	2	-3.465862
509	141.250000	141.500000	F#5	127	80	0	5	-4.848026
510	142.000000	142.375000	F#4	90	80	0	1	-1.922714
511	142.000000	142.375000	F#5	90	80	0	4	-3.867317
512	142.375000	142.500000	G5	126	80	0	5	-3.684684
513	142.500000	142.625000	C5	126	80	0	1	-3.425130
514	142.625000	142.750000	E5	126	80	0	2	-2.525967
515	142.750000	143.000000	C6	127	80	0	5	-3.767315
516	143.500000	143.875000	B#4	90	80	0	1	-1.922714
517	143.500000	143.875000	B#5	90	80	0	4	-3.867317
518	143.875000	144.000000	C#6	126	80	0	5	-4.385182
519	144.000000	144.125000	F#5	126	80	0	1	-3.425130
520	144.125000	144.250000	A#5	126	80	0	2	-2.525967
521	144.250000	144.500000	F#6	127	80	0	5	-3.767315
522	145.000000	145.375000	C#5	90	80	0	1	-4.498352
523	145.000000	145.375000	C#6	90	80	0	4	-3.867317
524	145.375000	145.500000	D6	126	80	0	5	-3.684684
525	145.500000	145.625000	A#5	126	80	0	2	-4.555079
526	145.625000	145.750000	B5	126	80	0	3	-3.686981
527	145.750000	145.875000	E#5	126	80	0	1	-2.905888
528	145.875000	146.000000	F#5	126	80	0	4	-5.465822
529	146.000000	146.125000	C#5	126	80	0	2	-3.266530
530	146.125000	146.250000	D5	126	80	0	3	-3.686981
531	146.250000	146.375000	A#4	126	80	0	2	-5.111623
532	146.375000	146.500000	B4	126	80	0	3	-3.686981
533	146.500000	146.875000	E#4	126	80	0	1	-2.905888
534	146.875000	147.000000	F#4	126	80	0	4	-5.465822
535	147.000000	147.125000	C#4	126	80	0	2	-3.266530
536	147.125000	147.250000	D4	126	80	0	3	-3.686981
537	148.500000	149.000000	G4	90	80	0	1	-5.548003
538	148.500000	149.000000	E5	90	80	0	3	-4.659051
539	148.500000	149.000000	G5	90	80	0	5	-2.681011
540	149.000000	149.250000	F#4	90	80	0	1	-4.270482
541	149.000000	149.250000	D5	90	80	0	3	-5.327229
542	149.000000	149.250000	F#5	90	80	0	5	-3.549127
543	149.250000	149.500000	E4	90	80	0	1	-4.990776
544	149.250000	149.500000	C#5	90	80	0	4	-4.568866
545	149.250000	149.500000	E5	90	80	0	5	-3.871087
546	149.500000	149.750000	D4	90	80	0	1	-3.460971
547	149.500000	149.750000	B4	90	80	0	3	-4.659051
548	149.500000	149.750000	D5	90	80	0	5	-2.681011
549	150.000000	150.500000	G4	90	80	0	1	-3.425130
550	150.000000	150.500000	E5	90	80	0	3	-4.659051
551	150.000000	150.500000	G5	90	80	0	5	-2.681011
552	150.500000	150.750000	F#4	90	80	0	1	-4.270482
553	150.500000	150.750000	D5	90	80	0	3	-5.327229
554	150.500000	150.750000	F#5	90	80	0	5	-3.549127
555	150.750000	151.000000	E4	90	80	0	1	-4.990776
556	150.750000	151.000000	C#5	90	80	0	4	-4.568866
557	150.750000	151.000000	E5	90	80	0	5	-3.871087
558	151.000000	151.250000	D4	90	80	0	1	-3.460971
559	151.000000	151.250000	B4	90	80	0	2	-5.302163
560	151.000000	151.250000	D5	90	80	0	4	-2.758588
561	151.500000	151.750000	C5	90	80	0	1	-4.636880
562	151.500000	151.750000	A5	90	80	0	3	-4.659051
563	151.500000	151.750000	C6	90	80	0	5	-2.681011
564	152.000000	152.250000	B4	90	80	0	1	-3.460971
565	152.000000	152.250000	G5	90	80	0	3	-4.659051
566	152.000000	152.250000	B5	90	80	0	5	-2.681011
567	152.250000	152.500000	A4	90	80	0	1	-3.460971
568	152.250000	152.500000	F#5	90	80	0	4	-4.568866
569	152.250000	152.500000	A5	90	80	0	5	-3.871087
570	152.500000	152.750000	G4	90	80	0	1	-3.460971
571	152.500000	152.750000	E5	90	80	0	2	-5.302163
572	152.500000	152.750000	G5	90	80	0	3	-3.012122
573	153.000000	153.500000	D5	90	80	0	1	-2.905888
574	153.000000	153.500000	B5	90	80	0	3	-4.659051
575	153.000000	153.500000	D6	90	80	0	5	-2.681011
576	153.500000	153.750000	C#5	90	80	0	1	-4.270482
577	153.500000	153.750000	A#5	90	80	0	3	-4.659051
578	153.500000	153.750000	C#6	90	80	0	5	-2.681011
579	153.750000	154.000000	B4	90	80	0	1	-4.990776
580	153.750000	154.000000	G#5	90	80	0	4	-4.568866
581	153.750000	154.000000	B5	90	80	0	5	-3.871087
582	154.000000	154.250000	A#4	90	80	0	1	-4.270482
583	154.000000	154.250000	F#5	90	80	0	3	-4.659051
584	154.000000	154.250000	A#5	90	80	0	5	-2.681011
585	154.500000	154.750000	C#5	90	80	0	1	-2.845304
586	154.500000	154.750000	A#5	90	80	0	3	-4.659051
587	154.500000	154.750000	C#6	90	80	0	5	-2.681011
588	155.000000	155.250000	F#5	90	80	0	1	-3.425130
589	155.000000	155.250000	A#5	90	80	0	2	-2.525967
590	155.000000	155.250000	F#6	90	80	0	5	-3.767315
591	157.000000	157.375000	G#3	90	80	0	1	-6.163296
592	157.000000	157.375000	G#4	90	80	0	4	-3.867317
593	157.375000	157.500000	A4	126	80	0	5	-3.684684
594	157.500000	157.625000	C#4	126	80	0	1	-3.862851
595	157.625000	157.750000	F#4	126	80	0	2	-2.963617
596	157.750000	158.000000	C#5	127	80	0	5	-3.528229
597	158.500000	158.875000	G#3	90	80	0	1	-4.498352
598	158.500000	158.875000	G#4	90	80	0	4	-3.867317
599	158.875000	159.000000	A4	126	80	0	5	-3.684684
600	159.000000	159.125000	C#4	126	80	0	1	-3.862851
601	159.125000	159.250000	F#4	126	80	0	2	-2.963617
602	159.250000	159.500000	C#5	127	80	0	5	-3.528229
603	160.000000	160.375000	C#4	90	80	0	1	-1.922714
604	160.000000	160.375000	C#5	90	80	0	4	-3.867317
605	160.375000	160.500000	D5	126	80	0	5	-3.684684
606	160.500000	160.625000	F#4	126	80	0	1	-3.862851
607	160.625000	160.750000	A4	126	80	0	2	-3.493146
608	160.750000	161.000000	F#5	127	80	0	5	-4.989350
609	161.500000	161.875000	F#4	90	80	0	1	-1.922714
610	161.500000	161.875000	F#5	90	80	0	4	-3.867317
611	161.875000	162.000000	G5	126	80	0	5	-3.684684
612	162.000000	162.125000	B4	126	80	0	1	-2.845304
613	162.125000	162.250000	E5	126	80	0	2	-2.963617
614	162.250000	162.500000	B5	127	80	0	5	-3.528229
615	163.000000	163.375000	B4	90	80	0	1	-1.922714
616	163.000000	163.375000	B5	90	80	0	4	-3.867317
617	163.375000	163.500000	C6	126	80	0	5	-2.706622
618	163.375000	163.500000	D4	126	80	1	-1	-7.515526
619	163.500000	163.625000	E5	126	80	0	1	-2.845304
620	163.500000	163.625000	F#3	126	80	1	-5	-4.332318
621	163.625000	163.750000	G5	126	80	0	2	-2.525967
622	163.625000	163.750000	B3	126	80	1	-3	-4.118108
623	163.750000	164.000000	E6	127	80	0	5	-3.767315
624	163.750000	164.000000	F#4	127	80	1	-1	-4.707497
625	164.250000	164.500000	B1	90	80	1	-5	-5.805721
626	164.250000	164.500000	F#2	90	80	1	-5	-7.206746
627	164.500000	164.875000	C#5	90	80	0	1	-4.588094
628	164.500000	164.875000	C#6	90	80	0	4	-3.867317
629	164.875000	165.000000	D6	126	80	0	5	-3.684684
630	164.875000	165.000000	D4	126	80	1	-1	-7.515526
631	165.000000	165.125000	F5	126	80	0	1	-2.845304
632	165.000000	165.125000	F#3	126	80	1	-5	-4.332318
633	165.125000	165.250000	B5	126	80	0	2	-2.963617
634	165.125000	165.250000	B3	126	80	1	-3	-4.118108
635	165.250000	165.500000	G6	127	80	0	5	-3.767315
636	165.250000	165.500000	F#4	127	80	1	-1	-4.707497
637	165.750000	166.000000	E2	90	80	1	-5	-5.805721
638	165.750000	166.000000	G2	90	80	1	-3	-3.170876
639	166.000000	166.375000	B4	90	80	0	1	-6.163296
640	166.000000	166.375000	B5	90	80	0	4	-3.867317
641	166.375000	166.500000	C6	126	80	0	5	-2.706622
642	166.375000	166.500000	G4	126	80	1	-2	-7.148656
643	166.500000	166.625000	E5	126	80	0	1	-2.845304
644	166.500000	166.625000	C4	126	80	1	-5	-3.155341
645	166.625000	166.750000	G5	126	80	0	2	-2.525967
646	166.625000	166.750000	E4	126	80	1	-4	-4.139458
647	166.750000	167.000000	E6	127	80	0	5	-3.767315
648	166.750000	167.000000	C5	127	80	1	-1	-3.451917
649	167.250000	167.500000	F#2	90	80	1	-5	-5.704159
650	167.250000	167.500000	A#2	90	80	1	-4	-4.139458
651	167.500000	167.875000	C#5	90	80	0	1	-4.588094
652	167.500000	167.875000	C#6	90	80	0	4	-3.867317
653	167.875000	168.000000	D6	126	80	0	5	-3.684684
654	167.875000	168.000000	C#5	126	80	1	-1	-5.179099
655	168.000000	168.125000	F5	126	80	0	1	-2.845304
656	168.000000	168.125000	F#4	126	80	1	-5	-3.242781
657	168.125000	168.250000	B5	126	80	0	2	-2.963617
658	168.125000	168.250000	A#4	126	80	1	-4	-4.139458
659	168.250000	168.500000	G6	127	80	0	5	-3.767315
660	168.250000	168.500000	F#5	127	80	1	-1	-3.451917
661	168.750000	169.000000	B1	90	80	1	-5	-5.805721
662	168.750000	169.000000	F#2	90	80	1	-2	-4.281723
663	168.750000	169.000000	B2	90	80	1	-1	-3.262923
664	169.000000	169.375000	D#5	90	80	0	1	-5.436724
665	169.000000	169.375000	D#6	90	80	0	4	-3.867317
666	169.375000	169.500000	E6	126	80	0	5	-3.684684
667	169.375000	169.500000	D5	126	80	1	-1	-7.349812
668	169.500000	169.625000	B5	126	80	0	2	-3.071676
669	169.500000	169.625000	A#4	126	80	1	-2	-4.444474
670	169.625000	169.750000	C6	126	80	0	3	-2.675961
671	169.625000	169.750000	B4	126	80	1	-1	-3.404249
672	169.750000	169.875000	F#5	126	80	0	2	-5.483387
673	169.750000	169.875000	E#4	126	80	1	-2	-3.456527
674	169.875000	170.000000	G5	126	80	0	3	-3.686981
675	169.875000	170.000000	F#4	126	80	1	-1	-4.284379
676	170.000000	170.125000	D#5	126	80	0	2	-5.111623
677	170.000000	170.125000	C#4	126	80	1	-2	-3.456527
678	170.125000	170.250000	E5	126	80	0	3	-3.686981
679	170.125000	170.250000	D4	126	80	1	-1	-3.404249
680	170.250000	170.375000	B4	126	80	0	1	-2.905888
681	170.250000	170.375000	A#3	126	80	1	-2	-4.444474
682	170.375000	170.500000	C5	126	80	0	2	-2.867384
683	170.375000	170.500000	B3	126	80	1	-1	-3.404249
684	170.500000	170.875000	A4	126	80	0	1	-3.157580
685	170.500000	170.875000	E#3	126	80	1	-3	-3.831713
686	170.875000	171.000000	A#4	126	80	0	4	-5.465822
687	170.875000	171.000000	F#3	126	80	1	-2	-3.081523
688	171.000000	171.125000	F#4	126	80	0	2	-3.359779
689	171.000000	171.125000	C#3	126	80	1	-4	-4.045906
690	171.125000	171.250000	G4	126	80	0	3	-3.686981
691	171.125000	171.250000	D3	126	80	1	-3	-4.267903
692	171.250000	171.375000	D#4	126	80	0	2	-5.111623
693	171.250000	171.375000	A#2	126	80	1	-5	-5.242578
694	171.250000	171.375000	A#3	126	80	1	-1	-1.202832
695	171.375000	171.500000	E4	126	80	0	3	-3.686981
696	171.375000	171.500000	B2	126	80	1	-5	-4.598096
697	171.375000	171.500000	B3	126	80	1	-1	-1.202832
698	171.500000	171.625000	B#3	126	80	0	2	-3.674662
699	171.500000	171.625000	E#2	126	80	1	-5	-3.781310
700	171.500000	171.625000	E#3	126	80	1	-1	-1.202832
701	171.625000	171.750000	C#4	126	80	0	3	-3.190537
702	171.625000	171.750000	F#2	126	80	1	-5	-4.582913
703	171.625000	171.750000	F#3	126	80	1	-1	-1.202832
704	171.750000	171.875000	A3	126	80	0	1	-3.996553
705	171.750000	171.875000	C#2	126	80	1	-5	-3.781310
706	171.750000	171.875000	C#3	126	80	1	-1	-1.202832
707	171.875000	172.000000	A#3	126	80	0	2	-3.900292
708	171.875000	172.000000	D2	126	80	1	-5	-4.598096
709	171.875000	172.000000	D3	126	80	1	-1	-1.202832
710	172.000000	172.250000	F#3	127	80	0	1	-3.157580
711	172.000000	172.250000	A#1	127	80	1	-5	-5.753604
712	172.000000	172.250000	A#2	127	80	1	-1	-1.202832
713	172.500000	173.000000	E4	90	80	0	4	-4.946245
714	172.500000	173.000000	G4	90	80	0	5	-3.402079
715	172.500000	173.000000	A#1	90	80	1	-5	-2.314770
716	172.500000	173.000000	A#2	90	80	1	-1	-1.202832
717	173.000000	173.250000	D4	90	80	0	2	-3.071676
718	173.000000	173.250000	F#4	90	80	0	4	-3.522723
719	173.000000	173.250000	B1	90	80	1	-5	-4.598096
720	173.000000	173.250000	B2	90	80	1	-1	-1.202832
721	173.250000	173.500000	C#4	90	80	0	2	-3.266530
722	173.250000	173.500000	E4	90	80	0	3	-3.265372
723	173.250000	173.500000	C#2	90	80	1	-5	-4.114892
724	173.250000	173.500000	C#3	90	80	1	-1	-1.202832
725	173.500000	173.750000	D2	90	80	1	-5	-4.598096
726	173.500000	173.750000	D3	90	80	1	-1	-1.202832
727	173.750000	174.500000	A#1	90	80	1	-5	-5.753604
728	173.750000	174.500000	A#2	90	80	1	-1	-1.202832
729	174.500000	174.750000	B1	90	80	1	-5	-4.598096
730	174.500000	174.750000	B2	90	80	1	-1	-1.202832
731	174.750000	175.000000	C#2	90	80	1	-5	-4.114892
732	174.750000	175.000000	C#3	90	80	1	-1	-1.202832
733	175.000000	175.250000	D2	90	80	1	-5	-4.598096
734	175.000000	175.250000	D3	90	80	1	-1	-1.202832
735	175.250000	176.000000	D#2	90	80	1	-5	-4.582913
736	175.250000	176.000000	D#3	90	80	1	-1	-1.202832
737	176.000000	176.250000	E2	90	80	1	-5	-4.598096
738	176.000000	176.250000	E3	90	80	1	-1	-1.202832
739	176.250000	176.500000	F#2	90	80	1	-5	-4.114892
740	176.250000	176.500000	F#3	90	80	1	-1	-1.202832
741	176.500000	176.750000	G2	90	80	1	-5	-4.598096
742	176.500000	176.750000	G3	90	80	1	-1	-1.202832
743	176.750000	177.500000	E#2	90	80	1	-5	-3.842215
744	176.750000	177.500000	E#3	90	80	1	-1	-1.202832
745	177.500000	177.750000	F#2	90	80	1	-5	-4.582913
746	177.500000	177.750000	F#3	90	80	1	-1	-1.202832
747	177.750000	178.000000	G#2	90	80	1	-5	-3.181034
748	177.750000	178.000000	G#3	90	80	1	-1	-1.202832
749	178.000000	178.250000	A#2	90	80	1	-5	-3.181034
750	178.000000	178.250000	A#3	90	80	1	-1	-1.202832
751	178.500000	178.750000	F#2	90	80	1	-5	-4.233080
752	178.500000	178.750000	F#3	90	80	1	-1	-1.202832
753	179.000000	179.250000	C#2	90	80	1	-5	-3.781310
754	179.000000	179.250000	C#3	90	80	1	-1	-1.202832
755	179.500000	179.750000	A#1	90	80	1	-5	-4.233080
756	179.500000	179.750000	A#2	90	80	1	-1	-1.202832
757	180.000000	180.250000	F#1	90	80	1	-5	-4.233080
758	180.000000	180.250000	F#2	90	80	1	-1	-1.202832
759	180.750000	181.000000	F#1	90	80	1	-5	-2.314770
760	180.750000	181.000000	F#2	90	80	1	-1	-1.202832
761	181.000000	181.250000	B3	90	80	0	1	-2.905888
762	181.000000	181.250000	D4	90	80	0	2	-2.525967
763	181.500000	182.000000	E4	90	80	0	3	-2.675961
764	181.500000	182.000000	G4	90	80	0	5	-2.681011
765	182.000000	182.250000	D4	90	80	0	2	-3.071676
766	182.000000	182.250000	F#4	90	80	0	4	-3.522723
767	182.250000	182.500000	C#4	90	80	0	2	-3.266530
768	182.250000	182.500000	E4	90	80	0	3	-3.265372
769	182.500000	182.750000	B3	90	80	0	1	-2.905888
770	182.500000	182.750000	D4	90	80	0	2	-2.525967
771	183.000000	183.250000	D#4	90	80	0	1	-6.745114
772	183.000000	183.250000	A4	90	80	0	3	-5.088322
773	183.000000	183.250000	C5	90	80	0	5	-2.681011
774	183.500000	183.750000	G4	90	80	0	2	-3.071676
775	183.500000	183.750000	B4	90	80	0	4	-2.758588
776	183.750000	184.000000	F#4	90	80	0	2	-3.901124
777	183.750000	184.000000	A4	90	80	0	3	-3.265372
778	184.000000	184.250000	E4	90	80	0	1	-2.905888
779	184.000000	184.250000	G4	90	80	0	2	-2.525967
780	184.500000	185.000000	E#4	90	80	0	1	-2.609267
781	184.500000	185.000000	B4	90	80	0	2	-2.963617
782	184.500000	185.000000	D5	90	80	0	4	-2.758588
783	185.000000	185.250000	A#4	90	80	0	2	-3.901124
784	185.000000	185.250000	C#5	90	80	0	4	-2.758588
785	185.250000	185.500000	G#4	90	80	0	2	-3.266530
786	185.250000	185.500000	B4	90	80	0	3	-3.265372
787	186.000000	186.500000	E#4	90	80	0	1	-2.905888
788	186.000000	186.500000	B4	90	80	0	2	-2.963617
789	186.000000	186.500000	D5	90	80	0	4	-2.758588
790	187.500000	188.000000	E#4	90	80	0	1	-2.969918
791	187.500000	188.000000	B4	90	80	0	2	-2.963617
792	187.500000	188.000000	D5	90	80	0	4	-2.758588
793	188.500000	188.875000	E#4	90	80	0	1	-2.969918
794	188.500000	188.875000	A#4	90	80	0	2	-3.275273
795	188.500000	188.875000	C#5	90	80	0	3	-3.012122
796	188.500000	188.875000	E#5	90	80	0	5	-3.340065
797	188.875000	189.000000	F#5	63	80	0	4	-6.663095
798	189.000000	189.125000	A#4	63	80	0	1	-2.969918
799	189.125000	189.250000	C#5	63	80	0	2	-2.525967
800	189.250000	189.500000	A#5	69	80	0	5	-3.767315
801	197.500000	197.875000	F##4	90	80	0	1	-4.990776
802	197.500000	197.875000	C#5	90	80	0	2	-5.017340
803	197.500000	197.875000	E#5	90	80	0	3	-4.453766
804	197.500000	197.875000	F##5	90	80	0	4	-2.883688
805	197.875000	198.000000	G#5	63	80	0	5	-4.385182
806	198.000000	198.125000	B4	63	80	0	1	-4.031984
807	198.125000	198.250000	E#5	63	80	0	2	-3.928858
808	198.250000	198.500000	C#6	69	80	0	5	-4.848026
809	199.000000	199.375000	E#4	90	80	0	1	-5.695314
810	199.000000	199.375000	A#4	90	80	0	2	-3.275273
811	199.000000	199.375000	C#5	90	80	0	3	-3.012122
812	199.000000	199.375000	E#5	90	80	0	5	-3.340065
813	199.375000	199.500000	F#5	63	80	0	4	-6.663095
814	199.500000	199.625000	A#4	63	80	0	1	-2.969918
815	199.625000	199.750000	C#5	63	80	0	2	-2.525967
816	199.750000	200.000000	A#5	69	80	0	5	-3.767315
817	200.500000	200.875000	F##4	90	80	0	1	-4.990776
818	200.500000	200.875000	C#5	90	80	0	2	-5.017340
819	200.500000	200.875000	E#5	90	80	0	3	-4.453766
820	200.500000	200.875000	F##5	90	80	0	4	-2.883688
821	200.875000	201.000000	G#5	63	80	0	5	-4.385182
822	201.000000	201.125000	B4	63	80	0	1	-4.031984
823	201.125000	201.250000	E#5	63	80	0	2	-3.928858
824	201.250000	201.500000	C#6	69	80	0	5	-4.848026
825	202.000000	202.375000	G##4	90	80	0	1	-5.695314
826	202.000000	202.375000	C#5	90	80	0	2	-3.275273
827	202.000000	202.375000	F#5	90	80	0	4	-2.909306
828	202.000000	202.375000	G##5	90	80	0	5	-3.871087
829	202.375000	202.500000	A#5	63	80	0	4	-6.663095
830	202.500000	202.625000	E#5	63	80	0	2	-4.058569
831	202.625000	202.750000	F#5	63	80	0	3	-3.190537
832	202.750000	202.875000	B#4	63	80	0	1	-4.323321
833	202.875000	203.000000	C#5	63	80	0	2	-3.900292
834	203.000000	203.125000	G##4	63	80	0	1	-4.134704
835	203.125000	203.250000	A#4	63	80	0	4	-5.465822
836	203.250000	203.375000	E#4	63	80	0	2	-4.058569
837	203.375000	203.500000	F#4	63	80	0	3	-3.190537
838	203.500000	203.875000	B#3	63	80	0	1	-4.323321
839	203.875000	204.000000	C#4	63	80	0	2	-3.900292
840	217.125000	217.250000	A3	63	80	1	-2	-8.605581
841	217.250000	217.375000	C#3	63	80	1	-5	-4.815138
842	217.375000	217.500000	F#3	63	80	1	-3	-3.463793
843	217.500000	217.750000	C#4	69	80	1	-1	-3.342645
844	218.000000	218.250000	F#1	90	80	1	-5	-4.456078
845	218.000000	218.250000	F#2	90	80	1	-1	-1.202832
846	218.625000	218.750000	A3	63	80	1	-2	-8.605581
847	218.750000	218.875000	C#3	63	80	1	-5	-4.815138
848	218.875000	219.000000	F#3	63	80	1	-3	-3.463793
849	219.000000	219.250000	C#4	69	80	1	-1	-3.342645
850	219.500000	219.750000	F#1	90	80	1	-5	-4.456078
851	219.500000	219.750000	F#2	90	80	1	-5	-5.534856
852	220.000000	220.750000	A#5	90	80	0	1	-15.131606
853	220.000000	220.750000	C#6	90	80	0	2	-2.525967
854	220.000000	220.750000	E#6	90	80	0	4	-3.927704
855	220.125000	220.250000	D4	63	80	1	-1	-7.515526
856	220.250000	220.375000	F#3	63	80	1	-4	-4.339145
857	220.375000	220.500000	A3	63	80	1	-3	-4.235223
858	220.500000	220.750000	F#4	69	80	1	-1	-4.469532
859	220.750000	221.250000	A#5	90	80	0	1	-3.577835
860	220.750000	221.250000	C#6	90	80	0	2	-2.525967
861	220.750000	221.250000	F#6	90	80	0	3	-4.897982
862	221.000000	221.250000	E1	90	80	1	-5	-5.805721
863	221.000000	221.250000	E2	90	80	1	-1	-1.202832
864	221.250000	221.500000	E#6	90	80	0	2	-2.803601
865	221.250000	221.500000	G#6	90	80	0	3	-3.409656
866	221.250000	221.500000	C#7	90	80	0	5	-3.128600
867	221.625000	221.750000	G4	63	80	1	-1	-7.349812
868	221.750000	221.875000	B3	63	80	1	-5	-3.730225
869	221.875000	222.000000	E4	63	80	1	-3	-3.463793
870	222.000000	222.250000	B4	69	80	1	-1	-3.342645
871	222.500000	222.750000	C2	90	80	1	-5	-4.456078
872	222.500000	222.750000	G2	90	80	1	-4	-4.864358
873	223.125000	223.250000	C5	63	80	1	-1	-5.179099
874	223.250000	223.375000	E4	63	80	1	-5	-3.730225
875	223.375000	223.500000	G4	63	80	1	-4	-4.139458
876	223.500000	223.750000	E5	69	80	1	-1	-3.451917
877	224.000000	224.250000	C2	90	80	1	-5	-4.456078
878	224.000000	224.250000	G2	90	80	1	-4	-4.864358
879	224.625000	224.750000	D5	63	80	1	-1	-5.179099
880	224.750000	224.875000	F4	63	80	1	-5	-3.730225
881	224.875000	225.000000	B4	63	80	1	-3	-3.463793
882	225.000000	225.250000	G5	69	80	1	-1	-4.439870
883	225.500000	225.750000	C2	90	80	1	-5	-4.456078
884	225.500000	225.750000	G2	90	80	1	-4	-4.864358
885	226.125000	226.250000	C5	63	80	1	-1	-5.179099
886	226.250000	226.375000	E4	63	80	1	-5	-3.730225
887	226.375000	226.500000	G4	63	80	1	-4	-4.139458
888	226.500000	226.750000	E5	69	80	1	-1	-3.451917
889	226.750000	227.500000	E#6	90	80	0	1	-3.738292
890	226.750000	227.500000	G#6	90	80	0	2	-3.246278
891	226.750000	227.500000	C#7	90	80	0	5	-3.228870
892	227.000000	227.250000	C2	90	80	1	-5	-4.456078
893	227.000000	227.250000	G2	90	80	1	-4	-4.864358
894	227.500000	228.250000	D#6	90	80	0	1	-3.027253
895	227.500000	228.250000	F#6	90	80	0	3	-3.473158
896	227.500000	228.250000	A#6	90	80	0	5	-2.681011
897	227.625000	227.750000	D5	63	80	1	-1	-5.179099
898	227.750000	227.875000	F4	63	80	1	-5	-3.730225
899	227.875000	228.000000	B4	63	80	1	-3	-3.463793
900	228.000000	228.250000	G5	69	80	1	-1	-4.439870
901	228.250000	228.750000	B5	90	80	0	1	-3.885272
902	228.250000	228.750000	D#6	90	80	0	2	-3.275273
903	228.250000	228.750000	G#6	90	80	0	5	-3.228870
904	228.500000	228.750000	C2	90	80	1	-5	-4.456078
905	228.500000	228.750000	G2	90	80	1	-4	-4.864358
906	228.750000	229.000000	A#5	90	80	0	1	-3.027253
907	228.750000	229.000000	D#6	90	80	0	2	-2.963617
908	228.750000	229.000000	F#6	90	80	0	4	-2.758588
909	229.000000	230.250000	B5	90	80	0	1	-3.549056
910	229.000000	230.250000	D#6	90	80	0	2	-3.275273
911	229.000000	230.250000	G#6	90	80	0	5	-3.228870
912	229.125000	229.250000	E5	63	80	1	-1	-5.179099
913	229.250000	229.375000	B4	63	80	1	-2	-3.456527
914	229.375000	229.500000	C5	63	80	1	-1	-2.578439
915	229.500000	229.625000	F#4	63	80	1	-2	-5.099885
916	229.625000	229.750000	G4	63	80	1	-1	-3.404249
917	229.750000	229.875000	D#4	63	80	1	-2	-4.444474
918	229.875000	230.000000	E4	63	80	1	-1	-3.404249
919	230.000000	230.125000	B3	63	80	1	-2	-3.456527
920	230.125000	230.250000	C4	63	80	1	-1	-2.578439
921	230.250000	230.500000	A#5	90	80	0	1	-3.027253
922	230.250000	230.500000	D#6	90	80	0	2	-2.963617
923	230.250000	230.500000	F#6	90	80	0	4	-2.758588
924	230.250000	230.625000	A3	63	80	1	-2	-3.291596
925	230.500000	231.000000	A#5	90	80	0	1	-2.969918
926	230.500000	231.000000	C##6	90	80	0	3	-4.456068
927	230.500000	231.000000	E#6	90	80	0	5	-2.681011
928	230.625000	230.750000	A#3	63	80	1	-1	-4.284379
929	230.750000	230.875000	F#3	63	80	1	-2	-3.291596
930	230.875000	231.000000	G3	63	80	1	-1	-3.404249
931	231.000000	232.000000	E#5	90	80	0	1	-1.922714
932	231.000000	232.000000	A#5	90	80	0	2	-3.275273
933	231.000000	232.000000	C##6	90	80	0	4	-3.927704
934	231.000000	231.125000	D#3	63	80	1	-2	-4.444474
935	231.125000	231.250000	E3	63	80	1	-1	-3.404249
936	231.250000	231.375000	B#2	63	80	1	-2	-3.291596
937	231.375000	231.500000	C#3	63	80	1	-1	-4.284379
938	231.500000	231.625000	A2	63	80	1	-2	-4.597368
939	231.625000	231.750000	A#2	63	80	1	-1	-4.284379
940	231.750000	232.000000	F#2	69	80	1	-2	-3.291596
941	232.000000	232.750000	F#5	90	80	0	1	-3.577835
942	232.000000	232.750000	A#5	90	80	0	2	-2.525967
943	232.000000	232.750000	D#6	90	80	0	5	-3.228870
944	232.000000	232.250000	F#2	69	80	1	-2	-3.999177
945	232.750000	233.000000	F#2	69	80	1	-2	-3.999177
946	233.000000	233.250000	F#2	69	80	1	-2	-3.999177
947	233.250000	233.500000	F#2	69	80	1	-2	-3.999177
948	233.500000	233.750000	F#2	69	80	1	-2	-3.999177
949	234.250000	234.500000	F#2	69	80	1	-2	-3.999177
950	234.500000	234.750000	F#2	69	80	1	-2	-3.999177
951	234.750000	235.000000	F#2	69	80	1	-2	-3.999177
952	235.000000	235.250000	F#2	69	80	1	-2	-3.999177
953	235.750000	236.000000	F#2	69	80	1	-2	-3.999177
954	236.000000	236.250000	F#2	69	80	1	-2	-3.999177
955	236.250000	236.500000	F#2	69	80	1	-2	-3.999177
956	236.500000	236.750000	F#2	69	80	1	-2	-3.999177
957	237.250000	237.500000	F#2	69	80	1	-2	-3.999177
958	237.500000	237.750000	F#2	69	80	1	-2	-3.999177
959	237.750000	238.000000	F#2	69	80	1	-2	-3.999177
960	238.000000	238.250000	F#2	69	80	1	-2	-3.999177
961	239.250000	239.500000	F#2	69	80	1	-2	-3.999177
962	239.500000	239.750000	F#2	69	80	1	-1	-4.535716
963	240.500000	240.750000	F#2	69	80	1	-5	-4.801795
964	241.125000	241.250000	F#4	63	80	1	-1	-5.964413
965	241.250000	241.375000	A#3	63	80	1	-5	-3.730225
966	241.375000	241.500000	C#4	63	80	1	-4	-4.139458
967	241.500000	241.750000	A#4	69	80	1	-1	-3.451917
968	242.000000	242.250000	F#2	69	80	1	-4	-6.022524
969	242.625000	242.750000	G#4	63	80	1	-1	-5.179099
970	242.750000	242.875000	B3	63	80	1	-5	-4.087479
971	242.875000	243.000000	E#4	63	80	1	-3	-3.416097
972	243.000000	243.250000	D#5	63	80	0	1	-1.922714
973	243.000000	243.250000	C#5	69	80	1	-1	-4.707497
974	243.250000	244.500000	A#4	63	80	0	2	-6.524929
975	243.500000	243.750000	F#2	69	80	1	-5	-4.456078
976	244.125000	244.250000	F#4	63	80	1	-1	-5.964413
977	244.250000	244.375000	A#3	63	80	1	-5	-3.730225
978	244.375000	244.500000	C#4	63	80	1	-4	-4.139458
979	244.500000	244.750000	D#5	63	80	0	4	-2.909306
980	244.500000	244.750000	A#4	69	80	1	-1	-3.451917
981	244.750000	246.250000	A#4	63	80	0	1	-3.216633
982	245.000000	245.250000	F#2	69	80	1	-4	-6.022524
983	245.500000	246.250000	A#5	90	80	0	2	-6.638459
984	245.500000	246.250000	C#6	90	80	0	3	-3.012122
985	245.500000	246.250000	E#6	90	80	0	5	-3.340065
986	245.625000	245.750000	G#4	63	80	1	-1	-5.179099
987	245.750000	245.875000	B3	63	80	1	-5	-4.087479
988	245.875000	246.000000	E#4	63	80	1	-3	-3.416097
989	246.000000	246.250000	C#5	69	80	1	-1	-4.707497
990	246.250000	247.000000	F#4	63	80	0	1	-8.167035
991	246.250000	246.750000	A#5	90	80	0	2	-8.642198
992	246.250000	246.750000	C#6	90	80	0	3	-3.012122
993	246.250000	246.750000	F#6	90	80	0	3	-6.432918
994	246.500000	246.750000	F#2	69	80	1	-4	-6.022524
995	246.750000	247.000000	E#6	90	80	0	2	-2.803601
996	246.750000	247.000000	G#6	90	80	0	3	-3.409656
997	246.750000	247.000000	C#7	90	80	0	5	-3.128600
998	247.000000	247.750000	E#6	90	80	0	1	-3.738292
999	247.000000	247.750000	G#6	90	80	0	2	-3.246278
1000	247.000000	247.750000	C#7	90	80	0	5	-3.228870
1001	247.125000	247.250000	A#4	63	80	1	-1	-5.179099
1002	247.250000	247.375000	E#4	63	80	1	-2	-4.597368
1003	247.375000	247.500000	F#4	63	80	1	-1	-4.284379
1004	247.500000	247.625000	B#3	63	80	1	-2	-5.875271
1005	247.625000	247.750000	C#4	63	80	1	-1	-4.284379
1006	247.750000	248.500000	D#6	90	80	0	1	-3.027253
1007	247.750000	248.500000	F#6	90	80	0	3	-3.473158
1008	247.750000	248.500000	A#6	90	80	0	5	-2.681011
1009	247.750000	247.875000	G##3	63	80	1	-2	-4.597368
1010	247.875000	248.000000	A#3	63	80	1	-1	-4.284379
1011	248.000000	248.125000	E#3	63	80	1	-2	-4.597368
1012	248.125000	248.250000	F#3	63	80	1	-1	-4.284379
1013	248.250000	248.625000	B#2	63	80	1	-4	-6.237620
1014	248.500000	249.000000	B5	90	80	0	1	-3.885272
1015	248.500000	249.000000	D#6	90	80	0	2	-3.275273
1016	248.500000	249.000000	G#6	90	80	0	5	-3.228870
1017	248.625000	248.750000	C#3	63	80	1	-3	-2.906925
1018	248.750000	248.875000	G##2	63	80	1	-5	-3.859206
1019	248.750000	248.875000	G##3	63	80	1	-1	-1.202832
1020	248.875000	249.000000	A#2	63	80	1	-5	-4.582913
1021	248.875000	249.000000	A#3	63	80	1	-1	-1.202832
1022	249.000000	249.250000	A#5	90	80	0	1	-3.027253
1023	249.000000	249.250000	D#6	90	80	0	2	-2.963617
1024	249.000000	249.250000	F#6	90	80	0	4	-2.758588
1025	249.000000	249.125000	E#2	63	80	1	-5	-5.345987
1026	249.000000	249.125000	E#3	63	80	1	-1	-1.202832
1027	249.125000	249.250000	F#2	63	80	1	-5	-4.582913
1028	249.125000	249.250000	F#3	63	80	1	-1	-1.202832
1029	249.250000	250.500000	B5	90	80	0	1	-3.549056
1030	249.250000	250.500000	D#6	90	80	0	2	-3.275273
1031	249.250000	250.500000	G#6	90	80	0	4	-2.909306
1032	249.250000	249.375000	B#1	63	80	1	-5	-7.040401
1033	249.250000	249.375000	B#2	63	80	1	-1	-1.202832
1034	249.375000	249.500000	C#2	63	80	1	-5	-4.582913
1035	249.375000	249.500000	C#3	63	80	1	-1	-1.202832
1036	249.500000	249.625000	G##1	63	80	1	-5	-5.345987
1037	249.500000	249.625000	G##2	63	80	1	-1	-1.202832
1038	249.625000	249.750000	A#1	90	80	1	-5	-4.582913
1039	249.625000	249.750000	A#2	90	80	1	-1	-1.202832
1040	249.750000	251.250000	E#3	90	80	1	-5	-7.923418
1041	249.750000	251.250000	C#4	90	80	1	-2	-4.281723
1042	249.750000	251.250000	E#4	90	80	1	-1	-3.262923
1043	250.500000	250.750000	B5	90	80	0	1	-3.493957
1044	250.500000	250.750000	D#6	90	80	0	2	-3.275273
1045	250.500000	250.750000	F#6	90	80	0	4	-2.758588
1046	250.750000	251.500000	B5	90	80	0	1	-3.549056
1047	250.750000	251.500000	E6	90	80	0	2	-2.963617
1048	250.750000	251.500000	G#6	90	80	0	4	-3.522723
1049	251.250000	252.500000	F#1	90	80	1	-5	-5.704159
1050	251.250000	252.500000	F#2	90	80	1	-5	-5.534856
1051	251.250000	252.750000	F#3	90	80	1	-4	-4.924626
1052	251.250000	252.750000	A#3	90	80	1	-2	-2.359478
1053	251.250000	252.750000	F#4	90	80	1	-1	-5.516002
1054	252.000000	252.250000	B5	90	80	0	1	-3.493957
1055	252.000000	252.250000	D#6	90	80	0	2	-3.275273
1056	252.000000	252.250000	F#6	90	80	0	4	-2.758588
1057	252.250000	253.500000	B5	90	80	0	1	-3.549056
1058	252.250000	253.500000	D#6	90	80	0	2	-3.275273
1059	252.250000	253.500000	G#6	90	80	0	5	-3.228870
1060	252.500000	252.750000	A#1	90	80	1	-5	-4.456078
1061	252.500000	252.750000	C#2	90	80	1	-3	-3.170876
1062	256.500000	256.750000	A#5	90	80	0	1	-3.027253
1063	256.500000	256.750000	D#6	90	80	0	2	-2.963617
1064	256.500000	256.750000	F#6	90	80	0	4	-2.758588
1065	256.750000	257.250000	A#5	90	80	0	1	-2.969918
1066	256.750000	257.250000	C##6	90	80	0	3	-4.456068
1067	256.750000	257.250000	E#6	90	80	0	5	-2.681011
1068	256.750000	257.000000	A#1	90	80	1	-5	-3.990113
1069	256.750000	257.000000	C#2	90	80	1	-3	-3.170876
1070	257.250000	258.250000	E#5	90	80	0	1	-1.922714
1071	257.250000	258.250000	A#5	90	80	0	2	-3.275273
1072	257.250000	258.250000	C##6	90	80	0	4	-3.927704
1073	258.250000	262.000000	F#5	90	80	0	1	-3.577835
1074	258.250000	262.000000	A#5	90	80	0	2	-2.525967
1075	258.250000	262.000000	D#6	90	80	0	4	-2.909306
1076	258.250000	258.500000	B1	90	80	1	-4	-4.404178
1077	258.250000	258.500000	F#2	90	80	1	-1	-4.009808
1078	265.000000	265.750000	F#5	90	80	0	1	-2.969918
1079	265.000000	265.750000	A#5	90	80	0	2	-2.525967
1080	265.000000	265.750000	C#6	90	80	0	4	-2.758588
1081	265.750000	266.250000	F#5	90	80	0	1	-2.857522
1082	265.750000	266.250000	A#5	90	80	0	2	-2.525967
1083	265.750000	266.250000	D#6	90	80	0	4	-2.909306
1084	266.250000	266.500000	A#5	90	80	0	2	-3.266530
1085	266.250000	266.500000	C#6	90	80	0	3	-3.012122
1086	266.250000	266.500000	E#6	90	80	0	5	-3.340065
1087	266.500000	267.250000	A#5	90	80	0	2	-3.763668
1088	266.500000	267.250000	C#6	90	80	0	3	-3.012122
1089	266.500000	267.250000	E#6	90	80	0	5	-3.340065
1090	267.250000	268.000000	F#5	90	80	0	1	-4.221033
1091	267.250000	268.000000	A#5	90	80	0	2	-2.525967
1092	267.250000	268.000000	D#6	90	80	0	4	-2.909306
1093	269.500000	270.250000	E#5	90	80	0	1	-3.493957
1094	269.500000	270.250000	G#5	90	80	0	2	-3.246278
1095	269.500000	270.250000	B5	90	80	0	3	-3.265372
1096	270.250000	270.750000	E#5	90	80	0	1	-2.905888
1097	270.250000	270.750000	G#5	90	80	0	2	-3.246278
1098	270.250000	270.750000	C#6	90	80	0	4	-2.909306
1099	270.750000	271.000000	G#5	90	80	0	1	-3.216633
1100	270.750000	271.000000	B5	90	80	0	2	-3.493146
1101	270.750000	271.000000	D#6	90	80	0	4	-3.522723
1102	271.000000	271.750000	G#5	90	80	0	1	-2.857522
1103	271.000000	271.750000	B5	90	80	0	2	-3.493146
1104	271.000000	271.750000	D#6	90	80	0	4	-3.522723
1105	271.750000	272.500000	E#5	90	80	0	1	-3.493957
1106	271.750000	272.500000	G#5	90	80	0	2	-3.246278
1107	271.750000	272.500000	C#6	90	80	0	5	-3.228870
1108	284.500000	285.000000	D#5	90	80	0	1	-3.027253
1109	284.500000	285.000000	G#5	90	80	0	2	-2.963617
1110	284.500000	285.000000	B5	90	80	0	4	-3.580467
1111	285.000000	285.250000	D#5	90	80	0	1	-3.577835
1112	285.000000	285.250000	F#5	90	80	0	2	-2.525967
1113	285.000000	285.250000	A#5	90	80	0	4	-2.758588
1114	285.250000	286.500000	D#5	90	80	0	1	-2.857522
1115	285.250000	286.500000	G#5	90	80	0	2	-2.963617
1116	285.250000	286.500000	B5	90	80	0	4	-3.580467
1117	286.500000	286.750000	F#5	90	80	0	2	-3.901124
1118	286.500000	286.750000	A#5	90	80	0	4	-2.758588
1119	286.750000	288.000000	D#5	90	80	0	1	-2.857522
1120	286.750000	288.000000	F#5	90	80	0	2	-2.525967
1121	286.750000	288.000000	B5	90	80	0	4	-3.927704
1122	288.000000	288.250000	D#5	90	80	0	1	-3.577835
1123	288.000000	288.250000	F#5	90	80	0	3	-3.473158
1124	288.000000	288.250000	A#5	90	80	0	5	-2.681011
1125	288.250000	289.500000	B4	90	80	0	1	-3.885272
1126	288.250000	289.500000	D#5	90	80	0	2	-3.275273
1127	288.250000	289.500000	G#5	90	80	0	4	-2.909306
1128	289.500000	289.750000	D#5	90	80	0	1	-3.216633
1129	289.500000	289.750000	F#5	90	80	0	2	-2.525967
1130	289.750000	293.500000	C##5	90	80	0	1	-4.134704
1131	289.750000	293.500000	E#5	90	80	0	2	-2.525967
1132	293.500000	296.500000	C##6	90	80	0	4	-6.608918
1133	293.500000	296.500000	E#6	90	80	0	5	-3.402079
1134	296.500000	297.250000	A#5	90	80	0	1	-3.862851
1135	296.500000	297.250000	C#6	90	80	0	2	-2.525967
1136	296.500000	297.250000	E#6	90	80	0	4	-3.927704
1137	297.250000	297.750000	A#5	90	80	0	1	-3.577835
1138	297.250000	297.750000	C#6	90	80	0	2	-2.525967
1139	297.250000	297.750000	F#6	90	80	0	3	-4.897982
1140	297.750000	298.000000	E#6	90	80	0	2	-2.803601
1141	297.750000	298.000000	G#6	90	80	0	3	-3.409656
1142	297.750000	298.000000	C#7	90	80	0	5	-3.128600
1143	298.000000	298.750000	E#6	90	80	0	1	-3.738292
1144	298.000000	298.750000	G#6	90	80	0	2	-3.246278
1145	298.000000	298.750000	C#7	90	80	0	5	-3.228870
1146	298.750000	299.500000	D#6	90	80	0	1	-3.027253
1147	298.750000	299.500000	F#6	90	80	0	3	-3.473158
1148	298.750000	299.500000	A#6	90	80	0	5	-2.681011
1149	300.250000	301.000000	A#5	90	80	0	1	-1.922714
1150	300.250000	301.000000	C#6	90	80	0	2	-2.525967
1151	300.250000	301.000000	E#6	90	80	0	4	-3.927704
1152	301.000000	301.750000	A#5	90	80	0	1	-3.577835
1153	301.000000	301.750000	C#6	90	80	0	2	-2.525967
1154	301.000000	301.750000	F#6	90	80	0	3	-4.897982
1155	302.500000	303.250000	E#6	90	80	0	2	-2.803601
1156	302.500000	303.250000	G#6	90	80	0	3	-3.409656
1157	302.500000	303.250000	C#7	90	80	0	5	-3.128600
1158	303.250000	304.000000	D#6	90	80	0	1	-3.027253
1159	303.250000	304.000000	F#6	90	80	0	3	-3.473158
1160	303.250000	304.000000	A#6	90	80	0	5	-2.681011
1161	322.750000	324.250000	F#1	90	80	1	-5	-2.314770
1162	322.750000	324.250000	F#2	90	80	1	-5	-5.534856
1163	322.750000	324.250000	F#3	90	80	1	-5	-5.534856
1164	322.750000	324.250000	A#3	90	80	1	-3	-3.170876
1165	322.750000	324.250000	C#4	90	80	1	-2	-3.046717
1166	322.750000	324.250000	F#4	90	80	1	-1	-2.320150
1167	324.250000	325.750000	A#1	90	80	1	-5	-4.456078
1168	324.250000	325.750000	A#2	90	80	1	-5	-5.534856
1169	324.250000	325.750000	E#3	90	80	1	-4	-6.683330
1170	324.250000	325.750000	A#3	90	80	1	-2	-3.159098
1171	324.250000	325.750000	C#4	90	80	1	-1	-2.415329
1172	325.750000	326.500000	F#1	90	80	1	-5	-4.456078
1173	325.750000	326.500000	F#2	90	80	1	-5	-5.534856
1174	325.750000	326.500000	F#3	90	80	1	-1	-1.202832
1175	327.250000	328.750000	A#1	90	80	1	-5	-5.860818
1176	327.250000	328.750000	C#2	90	80	1	-3	-3.170876
1177	327.250000	328.750000	A#2	90	80	1	-2	-6.480701
1178	327.250000	328.750000	C#3	90	80	1	-1	-2.415329
1179	327.250000	328.750000	E#3	90	80	1	-1	-8.017765
1180	330.250000	331.000000	A#4	126	80	1	-3	-8.634950
1181	331.000000	331.500000	F#4	126	80	1	-1	-6.083116
1182	331.500000	331.750000	C#4	126	80	1	-3	-3.831713
1183	331.750000	332.500000	C#4	126	80	1	-3	-4.764209
1184	332.500000	333.250000	D#4	126	80	1	-2	-2.510186
1185	333.250000	333.750000	G#4	126	80	1	-1	-2.320150
1186	333.750000	334.000000	D#4	126	80	1	-2	-3.456527
1187	334.000000	335.250000	G#3	126	80	1	-4	-5.706597
1188	335.250000	335.500000	D#3	126	80	1	-1	-6.154130
1189	335.500000	336.250000	A#2	126	80	1	-2	-3.456527
1190	336.250000	337.750000	D#2	90	80	1	-5	-3.155341
1191	337.750000	340.500000	D#2	126	80	1	-5	-4.242005
1192	342.000000	342.250000	C#4	126	80	1	-3	-8.212705
1193	342.250000	343.000000	C#4	126	80	1	-3	-4.764209
1194	343.000000	343.750000	D#4	126	80	1	-2	-2.510186
1195	343.750000	344.250000	G#4	126	80	1	-1	-2.320150
1196	344.250000	344.500000	D#4	126	80	1	-2	-3.456527
1197	344.500000	345.750000	G#3	126	80	1	-5	-3.155341
1198	345.750000	346.000000	B3	126	80	1	-3	-4.282909
1199	346.000000	347.250000	E3	126	80	1	-5	-3.785580
1200	347.250000	347.500000	B3	126	80	1	-3	-3.416097
1201	347.500000	348.750000	G#3	126	80	1	-5	-5.121927
1202	348.750000	349.000000	D#4	126	80	1	-2	-2.554480
1203	349.000000	349.500000	A#4	126	80	1	-1	-4.047397
1204	349.500000	349.750000	A#3	126	80	1	-5	-2.314770
1205	349.750000	351.250000	D#4	126	80	1	-5	-5.427640
1206	351.750000	352.000000	D#5	126	80	1	-1	-1.202832
1207	352.000000	353.250000	A#4	126	80	1	-2	-3.456527
1208	353.250000	353.500000	D#5	126	80	1	-1	-2.320150
1209	353.500000	354.750000	A#4	126	80	1	-2	-3.456527
1210	354.250000	355.000000	F#4	126	80	1	-3	-4.063676
1211	354.250000	357.250000	A#4	126	80	1	-1	-2.967507
1212	355.000000	355.500000	D#4	126	80	1	-2	-4.659581
1213	355.500000	355.750000	A#3	126	80	1	-5	-3.713619
1214	355.750000	356.500000	A#3	126	80	1	-5	-4.242005
1215	356.500000	357.250000	D#4	126	80	1	-3	-3.463793
1216	357.250000	358.000000	E#4	126	80	1	-2	-2.872099
1217	357.250000	360.250000	G#4	126	80	1	-1	-3.101885
1218	358.000000	358.500000	C#4	126	80	1	-2	-4.659581
1219	358.500000	358.750000	G#3	126	80	1	-5	-3.713619
1220	358.750000	359.500000	G#3	126	80	1	-5	-4.242005
1221	359.500000	360.250000	C#4	126	80	1	-3	-3.463793
1222	360.250000	360.750000	G#4	126	80	1	-1	-3.342645
1223	360.750000	361.000000	D#4	126	80	1	-4	-4.223116
1224	361.000000	362.250000	G#3	126	80	1	-1	-5.763343
1225	362.250000	362.500000	F#3	126	80	1	-2	-2.745489
1226	362.500000	363.750000	B2	126	80	1	-5	-4.626444
1227	363.750000	364.000000	D#3	126	80	1	-4	-4.565377
1228	364.000000	365.250000	G#2	126	80	1	-1	-5.763343
1229	365.250000	365.500000	G#1	126	80	1	-5	-2.314770
1230	365.500000	366.250000	A#1	126	80	1	-4	-3.907966
1231	366.750000	367.000000	A#5	126	80	1	-1	-5.179099
1232	367.000000	368.250000	A#4	126	80	1	-5	-2.314770
1233	368.250000	368.500000	A#5	126	80	1	-1	-1.202832
1234	368.500000	369.750000	A#4	126	80	1	-5	-2.314770
1235	369.750000	370.000000	A#5	126	80	1	-1	-1.202832
1236	370.000000	370.750000	A#5	90	80	0	1	-1.922714
1237	370.000000	370.750000	C#6	90	80	0	2	-2.525967
1238	370.000000	370.750000	E#6	90	80	0	4	-3.927704
1239	370.000000	371.250000	A#4	126	80	1	-5	-2.314770
1240	370.750000	371.500000	A#5	90	80	0	1	-3.577835
1241	370.750000	371.500000	C#6	90	80	0	2	-2.525967
1242	370.750000	371.500000	F#6	90	80	0	4	-2.909306
1243	371.250000	371.500000	A#5	126	80	1	-1	-1.202832
1244	371.500000	372.250000	A#5	90	80	0	1	-2.969918
1245	371.500000	372.250000	C#6	90	80	0	2	-2.525967
1246	371.500000	372.250000	E#6	90	80	0	4	-3.927704
1247	371.500000	372.750000	A#4	126	80	1	-4	-4.702385
1248	372.250000	373.000000	A#5	90	80	0	1	-3.577835
1249	372.250000	373.000000	C#6	90	80	0	2	-2.525967
1250	372.250000	373.000000	F#6	90	80	0	4	-2.909306
1251	372.750000	373.500000	F#4	126	80	1	-1	-5.372527
1252	373.000000	374.500000	A#5	90	80	0	1	-2.969918
1253	373.000000	374.500000	C#6	90	80	0	2	-2.525967
1254	373.000000	374.500000	E#6	90	80	0	4	-3.927704
1255	373.500000	374.250000	C#4	126	80	1	-3	-3.831713
1256	374.250000	375.000000	D#4	126	80	1	-2	-2.510186
1257	374.500000	376.000000	A#5	90	80	0	1	-3.577835
1258	374.500000	376.000000	C#6	90	80	0	2	-2.525967
1259	374.500000	376.000000	E6	90	80	0	3	-3.265372
1260	375.000000	375.750000	A#4	126	80	1	-1	-4.047397
1261	375.750000	376.500000	F#4	126	80	1	-2	-3.291596
1262	376.000000	377.500000	C#6	90	80	0	2	-3.032881
1263	376.000000	377.500000	E6	90	80	0	4	-3.580467
1264	376.500000	377.250000	C#4	126	80	1	-4	-4.045906
1265	377.250000	378.000000	D#4	126	80	1	-3	-2.915060
1266	377.500000	379.000000	C#6	90	80	0	3	-3.510496
1267	377.500000	379.000000	E6	90	80	0	5	-3.635747
1268	378.000000	378.750000	A#4	126	80	1	-1	-3.342645
1269	378.750000	379.500000	F#4	126	80	1	-2	-3.291596
1270	379.000000	379.750000	E4	90	80	0	1	-6.163296
1271	379.000000	379.750000	G4	90	80	0	2	-2.525967
1272	379.500000	380.250000	A#4	126	80	1	-1	-2.415329
1273	380.250000	381.000000	D#4	126	80	1	-5	-3.242781
1274	380.500000	381.250000	E4	90	80	0	1	-3.157580
1275	380.500000	381.250000	G4	90	80	0	1	-6.856287
1276	381.000000	382.500000	A#4	127	80	1	-2	-2.554480
1277	382.000000	383.500000	C#6	90	80	0	4	-8.009427
1278	382.000000	383.500000	E6	90	80	0	5	-3.871087
1279	382.500000	384.000000	A#4	127	80	1	-2	-3.999177
1280	383.500000	385.000000	C#6	90	80	0	3	-4.229469
1281	383.500000	385.000000	E6	90	80	0	5	-3.635747
1282	384.000000	385.500000	A#4	127	80	1	-2	-3.999177
1283	385.000000	386.500000	E4	90	80	0	1	-6.163296
1284	385.000000	386.500000	G4	90	80	0	2	-2.525967
1285	385.500000	387.000000	A#4	127	80	1	-1	-4.535716
1286	386.500000	388.000000	E4	90	80	0	1	-3.157580
1287	386.500000	388.000000	G4	90	80	0	1	-6.856287
1288	387.000000	387.250000	F#1	27	80	1	-5	-4.456078
1289	388.000000	389.500000	C#6	90	80	0	4	-8.009427
1290	388.000000	389.500000	E6	90	80	0	5	-3.871087
1291	389.500000	391.000000	E4	90	80	0	1	-6.163296
1292	389.500000	391.000000	G4	90	80	0	1	-6.856287
1293	391.000000	392.500000	C#6	90	80	0	4	-8.009427
1294	391.000000	392.500000	E6	90	80	0	5	-3.871087
1295	392.500000	394.000000	E4	90	80	0	1	-6.163296
1296	392.500000	394.000000	G4	90	80	0	1	-6.856287
1297	394.000000	395.500000	C#6	90	80	0	4	-8.009427
1298	394.000000	395.500000	E6	90	80	0	5	-3.871087
1299	395.500000	396.750000	C#6	90	80	0	3	-4.229469
1300	395.500000	396.750000	E6	90	80	0	5	-3.635747
1301	397.000000	397.750000	E4	90	80	0	1	-6.163296
1302	397.000000	397.750000	G4	90	80	0	2	-2.525967
1303	397.000000	397.375000	C#5	45	80	0	4	-5.307691
1304	397.375000	397.500000	D5	45	80	0	5	-3.684684
1305	397.500000	397.625000	F#4	45	80	0	1	-3.862851
1306	397.625000	397.750000	B4	45	80	0	2	-3.465862
1307	397.750000	398.000000	F#5	51	80	0	5	-4.848026
1308	398.500000	399.250000	E4	90	80	0	1	-4.990776
1309	398.500000	399.250000	G4	90	80	0	2	-2.525967
1310	398.500000	398.875000	C#5	45	80	0	4	-5.307691
1311	398.875000	399.000000	D5	45	80	0	5	-3.684684
1312	399.000000	399.125000	F#4	45	80	0	1	-3.862851
1313	399.125000	399.250000	B4	45	80	0	2	-3.465862
1314	399.250000	399.500000	F#5	51	80	0	5	-4.848026
1315	400.000000	400.750000	A4	90	80	0	1	-4.031984
1316	400.000000	400.750000	C5	90	80	0	2	-2.525967
1317	400.000000	400.375000	F#5	45	80	0	4	-5.307691
1318	400.375000	400.500000	G5	45	80	0	5	-3.684684
1319	400.500000	400.625000	C5	45	80	0	1	-3.425130
1320	400.625000	400.750000	E5	45	80	0	2	-2.525967
1321	400.750000	401.000000	C6	51	80	0	5	-3.767315
1322	401.500000	402.250000	E5	90	80	0	1	-2.845304
1323	401.500000	402.250000	G5	90	80	0	2	-2.525967
1324	401.500000	401.875000	B#5	45	80	0	4	-2.909306
1325	401.875000	402.000000	C#6	45	80	0	5	-4.385182
1326	402.000000	402.125000	F#5	45	80	0	1	-3.425130
1327	402.125000	402.250000	A#5	45	80	0	2	-2.525967
1328	402.250000	402.500000	F#6	51	80	0	5	-3.767315
1329	403.000000	403.500000	D5	45	80	0	1	-5.695314
1330	403.000000	403.375000	C#6	45	80	0	4	-5.698296
1331	403.375000	403.500000	D6	45	80	0	5	-3.684684
1332	403.500000	403.625000	A#5	45	80	0	2	-4.555079
1333	403.625000	403.750000	B5	45	80	0	3	-3.686981
1334	403.750000	403.875000	E#5	45	80	0	1	-2.905888
1335	403.875000	404.000000	F#5	45	80	0	4	-5.465822
1336	404.000000	404.125000	C#5	45	80	0	2	-3.266530
1337	404.125000	404.250000	D5	45	80	0	3	-3.686981
1338	404.250000	404.375000	A#4	45	80	0	2	-5.111623
1339	404.375000	404.500000	B4	45	80	0	3	-3.686981
1340	404.500000	404.875000	E#4	45	80	0	1	-2.905888
1341	404.875000	405.000000	F#4	45	80	0	2	-3.900292
1342	405.000000	405.125000	C#4	45	80	0	1	-3.434905
1343	405.125000	405.250000	D4	45	80	0	2	-5.579477
1344	405.750000	406.000000	E4	90	80	0	3	-2.675961
1345	405.750000	406.000000	G4	90	80	0	5	-2.681011
1346	406.250000	406.500000	D4	90	80	0	2	-3.071676
1347	406.250000	406.500000	F#4	90	80	0	4	-3.522723
1348	406.250000	406.500000	F#1	27	80	1	-5	-4.242005
1349	406.500000	406.750000	C#4	90	80	0	2	-3.266530
1350	406.500000	406.750000	E4	90	80	0	3	-3.265372
1351	406.750000	407.000000	B3	90	80	0	1	-2.905888
1352	406.750000	407.000000	D4	90	80	0	2	-2.525967
1353	407.250000	407.500000	E4	90	80	0	3	-2.675961
1354	407.250000	407.500000	G4	90	80	0	5	-2.681011
1355	407.750000	408.000000	D4	90	80	0	2	-3.071676
1356	407.750000	408.000000	F#4	90	80	0	4	-3.522723
1357	407.750000	409.250000	A#4	40	80	1	-1	-6.847571
1358	408.000000	408.250000	C#4	90	80	0	2	-3.266530
1359	408.000000	408.250000	E4	90	80	0	3	-3.265372
1360	408.250000	408.500000	B3	90	80	0	1	-2.905888
1361	408.250000	408.500000	D4	90	80	0	2	-2.525967
1362	408.750000	409.000000	A4	90	80	0	4	-4.859095
1363	408.750000	409.000000	C5	90	80	0	5	-3.402079
1364	409.250000	409.500000	G4	90	80	0	2	-3.071676
1365	409.250000	409.500000	B4	90	80	0	4	-2.758588
1366	409.250000	410.750000	A#4	40	80	1	-1	-4.426668
1367	409.500000	409.750000	F#4	90	80	0	2	-3.901124
1368	409.500000	409.750000	A4	90	80	0	3	-3.265372
1369	409.750000	410.000000	E4	90	80	0	1	-2.905888
1370	409.750000	410.000000	G4	90	80	0	2	-2.525967
1371	410.250000	410.500000	B4	90	80	0	3	-3.012122
1372	410.250000	410.500000	D5	90	80	0	5	-2.681011
1373	410.750000	411.000000	A#4	90	80	0	2	-4.555079
1374	410.750000	411.000000	C#5	90	80	0	3	-3.012122
1375	410.750000	411.000000	F#1	27	80	1	-5	-4.456078
1376	411.000000	411.250000	G#4	90	80	0	1	-2.905888
1377	411.000000	411.250000	B4	90	80	0	2	-3.493146
1378	411.500000	411.750000	F#4	90	80	0	1	-3.898407
1379	411.500000	411.750000	A#4	90	80	0	2	-2.525967
1380	412.000000	412.250000	A#4	90	80	0	1	-4.802885
1381	412.000000	412.250000	C#5	90	80	0	2	-2.525967
1382	412.250000	412.500000	F#1	27	80	1	-5	-4.242005
1383	412.500000	412.750000	A#4	90	80	0	1	-3.157580
1384	412.500000	412.750000	F#5	90	80	0	5	-3.707830
1385	413.750000	415.250000	A#4	40	80	1	-1	-6.847571
1386	414.250000	415.000000	B3	90	80	0	1	-5.695314
1387	414.250000	415.000000	D4	90	80	0	2	-2.525967
1388	414.250000	414.625000	G#4	45	80	0	4	-5.307691
1389	414.625000	414.750000	A4	45	80	0	5	-3.684684
1390	414.750000	414.875000	C#4	45	80	0	1	-3.862851
1391	414.875000	415.000000	F#4	45	80	0	2	-2.963617
1392	415.000000	415.250000	C#5	51	80	0	5	-3.528229
1393	415.250000	415.500000	F#1	27	80	1	-4	-6.022524
1394	415.750000	416.500000	B3	90	80	0	1	-4.990776
1395	415.750000	416.500000	D4	90	80	0	2	-2.525967
1396	415.750000	416.125000	G#4	45	80	0	4	-5.307691
1397	416.125000	416.250000	A4	45	80	0	5	-3.684684
1398	416.250000	416.375000	C#4	45	80	0	1	-3.862851
1399	416.375000	416.500000	F#4	45	80	0	2	-2.963617
1400	416.500000	416.750000	C#5	51	80	0	5	-3.528229
1401	416.750000	418.250000	A#4	40	80	1	-1	-5.179099
1402	417.250000	418.000000	E4	90	80	0	1	-4.031984
1403	417.250000	418.000000	G4	90	80	0	2	-2.525967
1404	417.250000	417.625000	C#5	45	80	0	4	-5.307691
1405	417.625000	417.750000	D5	45	80	0	5	-3.684684
1406	417.750000	417.875000	F#4	45	80	0	1	-3.862851
1407	417.875000	418.000000	B4	45	80	0	2	-3.465862
1408	418.000000	418.250000	F#5	51	80	0	5	-4.848026
1409	418.250000	418.500000	F#1	27	80	1	-4	-6.022524
1410	418.750000	419.500000	A4	90	80	0	1	-4.031984
1411	418.750000	419.500000	C5	90	80	0	2	-2.525967
1412	418.750000	419.125000	F#5	45	80	0	4	-5.307691
1413	419.125000	419.250000	G5	45	80	0	5	-3.684684
1414	419.250000	419.375000	B4	45	80	0	1	-2.845304
1415	419.375000	419.500000	E5	45	80	0	2	-2.963617
1416	419.500000	419.750000	B5	51	80	0	5	-3.528229
1417	419.750000	422.750000	A#4	27	80	1	-1	-5.179099
1418	420.250000	420.625000	B4	90	80	0	1	-1.922714
1419	420.250000	420.625000	E5	90	80	0	2	-2.963617
1420	420.250000	420.625000	G5	90	80	0	3	-3.012122
1421	420.250000	420.625000	B5	90	80	0	4	-4.820507
1422	420.625000	420.750000	C6	45	80	0	5	-2.706622
1423	420.750000	420.875000	E5	45	80	0	1	-2.845304
1424	420.875000	421.000000	G5	45	80	0	2	-2.525967
1425	421.000000	421.250000	E6	51	80	0	5	-3.767315
1426	421.750000	422.125000	B#4	90	80	0	1	-4.340619
1427	421.750000	422.125000	E5	90	80	0	2	-2.525967
1428	421.750000	422.125000	G5	90	80	0	3	-3.012122
1429	421.750000	422.125000	B#5	90	80	0	5	-3.128600
1430	422.125000	422.250000	C#6	45	80	0	4	-6.663095
1431	422.250000	422.375000	F#5	45	80	0	1	-2.857522
1432	422.375000	422.500000	A#5	45	80	0	2	-2.525967
1433	422.500000	422.750000	F#6	51	80	0	5	-3.767315
1434	422.750000	423.000000	F#1	45	80	1	-5	-4.456078
1435	423.250000	423.625000	B4	90	80	0	1	-5.695314
1436	423.250000	423.625000	E5	90	80	0	2	-2.963617
1437	423.250000	423.625000	G5	90	80	0	3	-3.012122
1438	423.250000	423.625000	B5	90	80	0	4	-4.820507
1439	423.625000	423.750000	C6	45	80	0	5	-2.706622
1440	423.750000	423.875000	E5	45	80	0	1	-2.845304
1441	423.875000	424.000000	G5	45	80	0	2	-2.525967
1442	424.000000	424.250000	E6	51	80	0	5	-3.767315
1443	424.750000	425.125000	B#4	90	80	0	1	-4.340619
1444	424.750000	425.125000	E5	90	80	0	2	-2.525967
1445	424.750000	425.125000	G5	90	80	0	3	-3.012122
1446	424.750000	425.125000	B#5	90	80	0	5	-3.128600
1447	425.125000	425.250000	C#6	45	80	0	4	-6.663095
1448	425.250000	425.375000	F#5	45	80	0	1	-2.857522
1449	425.375000	425.500000	A#5	45	80	0	2	-2.525967
1450	425.500000	425.750000	F#6	51	80	0	5	-3.767315
1451	426.250000	426.625000	D#5	90	80	0	1	-4.340619
1452	426.250000	426.625000	C##6	90	80	0	4	-6.366444
1453	426.625000	426.750000	D#6	45	80	0	5	-4.385182
1454	426.750000	426.875000	A#5	45	80	0	2	-3.071676
1455	426.875000	427.000000	B5	45	80	0	3	-3.686981
1456	427.000000	427.125000	E#5	45	80	0	1	-2.905888
1457	427.125000	427.250000	F#5	45	80	0	2	-3.900292
1458	427.250000	427.375000	C##5	45	80	0	1	-4.134704
1459	427.375000	427.500000	D#5	45	80	0	4	-5.465822
1460	427.500000	427.625000	A#4	45	80	0	2	-3.266530
1461	427.625000	427.750000	B4	45	80	0	3	-3.686981
1462	427.750000	428.125000	E#4	45	80	0	1	-2.905888
1463	428.125000	428.250000	F#4	45	80	0	2	-3.900292
1464	428.250000	428.375000	C##4	45	80	0	1	-4.134704
1465	428.375000	428.500000	D#4	45	80	0	2	-3.900292
1466	429.250000	430.750000	A#3	90	80	0	1	-3.434905
1467	429.250000	430.750000	F#4	90	80	0	3	-4.659051
1468	429.250000	430.750000	A#4	90	80	0	5	-2.681011
1469	429.750000	430.000000	D4	45	80	1	-1	-14.843277
1470	430.250000	430.500000	F#1	45	80	1	-5	-5.704159
1471	430.750000	432.250000	B3	90	80	0	1	-3.885272
1472	430.750000	432.250000	D#4	90	80	0	2	-3.275273
1473	430.750000	432.250000	F#4	90	80	0	3	-3.012122
1474	430.750000	432.250000	B4	90	80	0	5	-3.340065
1475	431.250000	431.500000	D4	45	80	1	-1	-14.843277
1476	431.750000	432.000000	F#1	45	80	1	-5	-5.704159
1477	432.250000	435.000000	A#3	90	80	0	1	-4.270482
1478	432.250000	435.000000	D#4	90	80	0	2	-2.963617
1479	432.250000	435.000000	F#4	90	80	0	3	-3.012122
1480	432.750000	433.000000	G4	45	80	1	-1	-14.843277
1481	433.250000	433.500000	F#1	45	80	1	-4	-7.296520
1482	434.250000	434.500000	C#5	45	80	1	-1	-5.179099
1483	434.750000	435.000000	B1	90	80	1	-5	-5.805721
1484	434.750000	435.000000	F#2	90	80	1	-2	-4.281723
1485	435.500000	435.750000	B4	45	80	1	-1	-14.906351
1486	435.750000	436.000000	F#4	45	80	1	-2	-4.444474
1487	436.000000	436.250000	D4	45	80	1	-4	-4.761119
1488	436.250000	436.500000	B3	45	80	1	-1	-5.372527
1489	443.000000	445.250000	D#4	90	80	0	1	-3.281335
1490	443.000000	445.250000	F#4	90	80	0	2	-2.525967
1491	443.000000	445.250000	D#5	90	80	0	4	-6.608918
1492	443.000000	445.250000	F#5	90	80	0	5	-3.402079
1493	445.250000	446.535714	F#4	90	80	0	1	-1.922714
1494	445.250000	446.535714	A#4	90	80	0	2	-2.525967
1495	445.250000	446.535714	F#5	90	80	0	4	-6.608918
1496	445.250000	446.535714	A#5	90	80	0	5	-3.402079
1497	446.250000	446.750000	F#3	45	80	1	-2	-4.444474
1498	446.750000	447.000000	D3	45	80	1	-3	-5.615128
1499	447.000000	447.250000	B2	45	80	1	-5	-3.990113
1500	447.000000	447.125000	A#3	45	80	1	-2	-6.336491
1501	447.125000	447.250000	B3	45	80	1	-1	-3.404249
1502	447.250000	447.500000	F#2	45	80	1	-5	-5.753604
1503	447.250000	447.375000	E#3	45	80	1	-1	-7.124820
1504	447.375000	447.500000	F#3	45	80	1	-2	-4.643648
1505	447.392857	447.821429	D#5	90	80	0	1	-3.425130
1506	447.392857	447.821429	D#6	90	80	0	4	-3.867317
1507	447.392857	447.821429	F#6	90	80	0	5	-3.402079
1508	447.500000	447.750000	D2	45	80	1	-5	-6.744398
1509	447.500000	447.625000	C#3	45	80	1	-2	-6.336491
1510	447.625000	447.750000	D3	45	80	1	-1	-3.404249
1511	447.750000	448.000000	A#1	45	80	1	-5	-5.753604
1512	447.750000	448.000000	A#2	45	80	1	-1	-1.202832
1513	448.750000	449.000000	B1	51	80	1	-5	-4.598096
1514	449.000000	449.250000	C#2	51	80	1	-3	-4.350585
1515	449.250000	449.500000	D2	51	80	1	-2	-3.642491
1516	449.500000	449.750000	A#1	51	80	1	-4	-4.647576
1517	450.250000	450.500000	B1	51	80	1	-3	-4.267903
1518	450.500000	450.750000	C#2	51	80	1	-2	-3.407298
1519	450.750000	451.000000	D2	51	80	1	-1	-3.404249
1520	451.000000	451.250000	D#2	51	80	1	-2	-4.643648
1521	451.750000	452.000000	E2	51	80	1	-1	-3.404249
1522	452.000000	452.250000	F#2	51	80	1	-4	-7.081456
1523	452.250000	452.500000	G2	51	80	1	-3	-4.267903
1524	452.500000	452.750000	E#2	51	80	1	-4	-3.061136
1525	452.964286	458.464286	D#5	90	80	0	1	-4.340619
1526	452.964286	458.464286	B5	90	80	0	2	-6.099041
1527	452.964286	458.464286	D#6	90	80	0	4	-3.522723
1528	452.964286	458.464286	F#6	90	80	0	5	-3.402079
1529	453.250000	453.500000	F#2	51	80	1	-3	-2.906925
1530	453.500000	453.750000	G#2	51	80	1	-2	-2.510186
1531	453.750000	454.000000	A#2	51	80	1	-1	-2.578439
1532	454.250000	454.500000	F#2	51	80	1	-2	-3.291596
1533	454.750000	455.000000	C#2	51	80	1	-4	-4.045906
1534	455.250000	455.500000	A#1	51	80	1	-1	-5.372527
1535	455.750000	456.000000	F#1	51	80	1	-2	-3.291596
1536	456.500000	456.750000	F#1	51	80	1	-2	-3.999177
1537	487.500000	487.750000	A3	45	80	1	-1	-14.906351
1538	488.000000	488.250000	F#1	51	80	1	-5	-5.704159
1539	489.000000	489.250000	A3	45	80	1	-1	-14.843277
1540	489.500000	489.750000	F#2	51	80	1	-5	-4.510402
1541	490.500000	490.750000	D4	45	80	1	-1	-7.515526
1542	491.000000	491.250000	E2	51	80	1	-5	-5.805721
1543	492.000000	492.250000	G4	45	80	1	-1	-6.847571
1544	492.500000	492.750000	C2	90	80	1	-5	-4.456078
1545	492.500000	492.750000	G2	90	80	1	-4	-4.864358
1546	493.125000	493.250000	C5	45	80	1	-1	-5.179099
1547	493.250000	493.375000	E4	45	80	1	-5	-3.730225
1548	493.375000	493.500000	G4	45	80	1	-4	-4.139458
1549	493.500000	493.750000	E5	51	80	1	-1	-3.451917
1550	494.000000	494.250000	F#1	90	80	1	-5	-5.704159
1551	494.000000	494.250000	F#2	90	80	1	-1	-1.202832
1552	494.625000	494.750000	C#5	45	80	1	-1	-7.349812
1553	494.750000	494.875000	F#4	45	80	1	-5	-3.242781
1554	494.875000	495.000000	A#4	45	80	1	-4	-4.139458
1555	495.000000	495.250000	F#5	51	80	1	-1	-3.451917
1556	495.500000	495.750000	C2	90	80	1	-5	-5.805721
1557	495.500000	495.750000	G2	90	80	1	-4	-4.864358
1558	496.125000	496.250000	C5	45	80	1	-1	-5.179099
1559	496.250000	496.375000	E4	45	80	1	-5	-3.730225
1560	496.375000	496.500000	G4	45	80	1	-4	-4.139458
1561	496.500000	496.750000	E5	51	80	1	-1	-3.451917
1562	497.000000	497.250000	F#1	90	80	1	-5	-5.704159
1563	497.000000	497.250000	F#2	90	80	1	-1	-1.202832
1564	497.625000	497.750000	C#5	45	80	1	-1	-7.349812
1565	497.750000	497.875000	F#4	45	80	1	-5	-3.242781
1566	497.875000	498.000000	A#4	45	80	1	-4	-4.139458
1567	498.000000	498.250000	F#5	51	80	1	-1	-3.451917
1568	498.500000	498.750000	B1	90	80	1	-5	-5.805721
1569	498.500000	498.750000	F#2	90	80	1	-2	-4.281723
1570	499.250000	499.500000	B4	45	80	1	-1	-14.906351
1571	499.500000	499.750000	F#4	45	80	1	-2	-4.444474
1572	499.750000	500.000000	D#4	45	80	1	-3	-4.063676
1573	500.000000	500.250000	B3	45	80	1	-1	-6.473904
1574	500.250000	500.750000	F#3	45	80	1	-2	-4.444474
1575	500.750000	501.000000	D#3	45	80	1	-3	-4.063676
1576	501.000000	501.250000	B2	45	80	1	-5	-3.859206
1577	501.000000	501.125000	A#3	45	80	1	-2	-6.336491
1578	501.125000	501.250000	B3	45	80	1	-1	-3.404249
1579	501.250000	501.500000	F#2	45	80	1	-5	-5.753604
1580	501.250000	501.375000	E#3	45	80	1	-1	-7.124820
1581	501.375000	501.500000	F#3	45	80	1	-2	-4.643648
1582	501.500000	501.625000	D#2	45	80	1	-5	-6.744398
1583	501.500000	501.625000	C##3	45	80	1	-1	-7.124820
1584	501.625000	503.250000	D#2	90	80	1	-5	-4.582913
1585	501.625000	503.250000	D#3	90	80	1	-1	-1.202832
1586	503.250000	504.750000	B1	90	80	1	-5	-5.345987
1587	503.250000	504.750000	B2	90	80	1	-1	-1.202832
1588	504.750000	506.250000	D#2	90	80	1	-5	-4.332318
1589	504.750000	506.250000	A#2	90	80	1	-2	-2.554480
1590	504.750000	506.250000	D#3	90	80	1	-1	-2.320150
1591	506.250000	507.500000	B1	90	80	1	-5	-5.345987
1592	506.250000	507.500000	B2	90	80	1	-1	-1.202832
1593	507.750000	509.250000	D#1	90	80	1	-5	-6.587391
1594	507.750000	509.250000	F#2	90	80	1	-1	-4.493372
1595	507.750000	509.250000	D#3	90	80	1	-5	-12.923418
1596	507.750000	509.250000	F#3	90	80	1	-3	-3.170876
1597	507.750000	509.250000	A#3	90	80	1	-2	-3.046717
1598	513.750000	516.500000	F#3	90	80	1	-4	-3.718276
1599	513.750000	516.500000	B3	90	80	1	-3	-5.962318
1600	513.750000	516.500000	D#4	90	80	1	-2	-3.749711
1601	513.750000	516.500000	F#4	90	80	1	-1	-2.415329
