//Version: PianoFingering_v170101
1	0.000000	0.500000	A4	63	80	0	1	-0.925785
2	0.000000	0.500000	C5	63	80	0	2	-2.525967
3	0.000000	0.166667	A1	63	80	1	-5	-0.504576
4	0.166667	0.333333	A2	63	80	1	-4	-4.924626
5	0.333333	0.500000	E3	63	80	1	-1	-2.959487
6	0.500000	1.000000	A4	63	80	0	1	-3.157580
7	0.500000	1.000000	C5	63	80	0	3	-3.473158
8	0.500000	1.500000	A2	90	80	1	-4	-3.752799
9	0.500000	1.500000	D3	90	80	1	-1	-3.219441
10	1.000000	3.000000	F4	81	80	0	1	-3.310457
11	1.000000	3.000000	B4	90	80	0	2	-2.963617
12	1.000000	3.000000	D5	90	80	0	4	-2.758588
13	1.500000	1.666667	A1	63	80	1	-5	-3.781310
14	1.666667	1.833333	A2	63	80	1	-4	-4.924626
15	1.833333	2.000000	E3	63	80	1	-1	-2.959487
16	2.000000	3.000000	A2	90	80	1	-4	-3.752799
17	2.000000	3.000000	F3	90	80	1	-1	-3.451917
18	3.000000	3.500000	A4	63	80	0	2	-3.266530
19	3.000000	3.500000	C5	63	80	0	4	-2.758588
20	3.000000	3.166667	A1	63	80	1	-5	-5.860818
21	3.166667	3.333333	A2	63	80	1	-1	-1.202832
22	3.333333	3.500000	C3	63	80	1	-2	-6.062425
23	3.500000	4.000000	A4	63	80	0	2	-3.359779
24	3.500000	4.000000	C5	63	80	0	4	-2.758588
25	3.500000	4.500000	A2	90	80	1	-3	-4.063676
26	3.500000	4.500000	D#3	90	80	1	-1	-4.411093
27	4.000000	6.000000	D4	81	80	0	1	-3.549056
28	4.000000	6.000000	G#4	90	80	0	2	-5.017340
29	4.000000	6.000000	B4	90	80	0	4	-3.580467
30	4.500000	5.166667	E2	63	80	1	-5	-4.598096
31	4.666667	4.833333	B2	63	80	1	-2	-2.554480
32	4.833333	5.000000	E3	63	80	1	-1	-2.320150
33	6.000000	6.500000	F#4	63	80	0	2	-3.901124
34	6.000000	6.500000	A4	63	80	0	3	-3.265372
35	6.000000	6.166667	A1	63	80	1	-5	-4.212346
36	6.166667	6.333333	A2	63	80	1	-1	-1.202832
37	6.333333	6.500000	E3	63	80	1	-2	-6.730551
38	6.500000	7.000000	F#4	63	80	0	2	-3.032881
39	6.500000	7.000000	A4	63	80	0	4	-3.580467
40	6.500000	7.500000	A2	90	80	1	-5	-3.155341
41	6.500000	7.500000	A3	90	80	1	-1	-1.202832
42	7.000000	8.000000	C4	63	80	0	1	-2.969918
43	7.000000	8.000000	C5	63	80	0	5	-2.242366
44	7.500000	7.666667	D2	63	80	1	-5	-4.212346
45	7.666667	7.833333	D3	63	80	1	-4	-4.924626
46	7.833333	8.000000	A3	63	80	1	-1	-2.959487
47	8.000000	9.000000	F#4	63	80	0	2	-4.412763
48	8.000000	9.000000	A4	63	80	0	4	-3.580467
49	8.000000	9.000000	D#3	90	80	1	-3	-6.025293
50	8.000000	9.000000	C4	90	80	1	-1	-4.531747
51	9.000000	10.000000	E4	63	80	0	2	-3.266530
52	9.000000	10.000000	G#4	63	80	0	4	-3.522723
53	9.000000	9.166667	E2	126	80	1	-5	-5.860818
54	9.166667	9.333333	E3	126	80	1	-1	-1.202832
55	9.333333	9.500000	G3	126	80	1	-2	-6.062425
56	9.500000	10.000000	E3	126	80	1	-4	-3.718276
57	9.500000	10.250000	C4	126	80	1	-1	-3.451917
58	10.000000	12.000000	B3	63	80	0	1	-3.493957
59	10.000000	12.000000	G#4	90	80	0	3	-5.527385
60	10.000000	12.000000	B4	90	80	0	4	-4.111873
61	10.000000	10.500000	F3	126	80	1	-2	-4.659581
62	10.250000	10.500000	A3	126	80	1	-1	-2.415329
63	10.500000	10.750000	E3	126	80	1	-2	-3.456527
64	10.750000	12.000000	E3	126	80	1	-2	-3.999177
65	11.000000	11.500000	C3	126	80	1	-4	-3.718276
66	11.500000	12.000000	A2	126	80	1	-1	-5.372527
67	12.000000	12.500000	A4	63	80	0	3	-2.238713
68	12.000000	12.500000	C5	63	80	0	5	-2.681011
69	12.000000	12.250000	E2	45	80	1	-2	-3.456527
70	12.250000	12.500000	E2	45	80	1	-2	-3.999177
71	12.500000	13.000000	A4	63	80	0	3	-3.509161
72	12.500000	13.000000	C5	63	80	0	5	-2.681011
73	12.500000	13.000000	C2	45	80	1	-3	-4.063676
74	13.000000	15.000000	E4	63	80	0	1	-2.845304
75	13.000000	15.000000	C#5	90	80	0	3	-5.527385
76	13.000000	15.000000	E5	90	80	0	4	-4.111873
77	13.000000	13.666667	A1	45	80	1	-5	-3.990113
78	13.666667	13.833333	A2	45	80	1	-4	-4.924626
79	13.833333	14.000000	E3	45	80	1	-1	-2.959487
80	14.000000	14.166667	A2	45	80	1	-4	-3.752799
81	14.166667	14.333333	D3	45	80	1	-2	-2.507290
82	14.333333	14.500000	F3	45	80	1	-1	-2.415329
83	14.500000	15.000000	A2	45	80	1	-5	-3.730225
84	15.000000	15.500000	D5	63	80	0	3	-2.238713
85	15.000000	15.500000	F5	63	80	0	5	-2.681011
86	15.000000	15.166667	A1	45	80	1	-5	-5.870600
87	15.166667	15.333333	A2	45	80	1	-4	-4.924626
88	15.333333	15.500000	E3	45	80	1	-1	-2.959487
89	15.500000	16.000000	D5	63	80	0	3	-3.509161
90	15.500000	16.000000	F5	63	80	0	5	-2.681011
91	15.500000	15.666667	A2	45	80	1	-4	-3.752799
92	15.666667	15.833333	F3	45	80	1	-1	-3.451917
93	15.833333	16.000000	D3	45	80	1	-2	-3.291596
94	16.000000	18.000000	A4	126	80	0	1	-2.845304
95	16.000000	18.000000	F#5	90	80	0	4	-4.568866
96	16.000000	18.000000	A5	90	80	0	5	-3.871087
97	16.000000	16.500000	A2	45	80	1	-1	-6.371283
98	16.500000	16.666667	A1	45	80	1	-5	-2.314770
99	16.666667	16.833333	A2	45	80	1	-1	-1.202832
100	16.833333	17.000000	C3	45	80	1	-2	-6.062425
101	17.000000	17.166667	A2	63	80	1	-4	-3.718276
102	17.166667	17.333333	F#3	63	80	1	-1	-4.244654
103	17.333333	17.500000	D#3	63	80	1	-2	-3.291596
104	17.500000	17.666667	A2	63	80	1	-5	-5.017302
105	17.666667	17.833333	F#3	63	80	1	-1	-5.043358
106	17.833333	18.000000	D#3	63	80	1	-2	-3.291596
107	18.000000	18.500000	G4	90	80	0	1	-3.460971
108	18.000000	20.000000	C5	126	80	0	2	-2.963617
109	18.000000	18.500000	G5	90	80	0	5	-3.528229
110	18.000000	18.666667	E2	45	80	1	-5	-5.509717
111	18.166667	18.333333	B2	45	80	1	-2	-2.554480
112	18.333333	18.500000	E3	45	80	1	-1	-2.320150
113	18.500000	19.000000	G4	90	80	0	1	-1.922714
114	18.500000	19.000000	G5	90	80	0	5	-2.242366
115	19.000000	20.000000	G#4	90	80	0	1	-4.221033
116	19.000000	20.000000	E5	90	80	0	5	-4.655217
117	19.500000	19.666667	A1	45	80	1	-5	-4.212346
118	19.666667	19.833333	A2	45	80	1	-1	-1.202832
119	19.833333	20.000000	E3	45	80	1	-2	-6.730551
120	20.000000	21.000000	A4	90	80	0	2	-3.263552
121	20.000000	21.000000	C5	90	80	0	4	-2.758588
122	20.000000	20.166667	A2	45	80	1	-5	-3.155341
123	20.166667	20.333333	A3	45	80	1	-1	-1.202832
124	20.333333	20.500000	D3	45	80	1	-2	-4.659581
125	20.500000	20.666667	A2	45	80	1	-5	-3.713619
126	20.666667	20.833333	A3	45	80	1	-1	-1.202832
127	20.833333	21.000000	E3	45	80	1	-2	-3.456527
128	21.000000	24.000000	E4	90	80	0	1	-2.969918
129	21.000000	22.000000	G#4	90	80	0	2	-3.275273
130	21.000000	22.000000	B4	90	80	0	3	-3.265372
131	21.000000	24.000000	E5	90	80	0	5	-3.128600
132	21.000000	21.166667	D2	45	80	1	-5	-5.751967
133	21.166667	21.333333	D3	45	80	1	-4	-4.924626
134	21.333333	21.500000	A3	45	80	1	-1	-2.959487
135	21.500000	21.666667	D#3	45	80	1	-3	-6.025293
136	21.666667	21.833333	C4	45	80	1	-1	-4.531747
137	21.833333	22.000000	A3	45	80	1	-2	-3.291596
138	22.000000	24.000000	A4	126	80	0	2	-3.263552
139	22.000000	22.166667	D#3	45	80	1	-4	-6.312522
140	22.166667	22.333333	C4	45	80	1	-1	-4.387723
141	22.333333	22.500000	A3	45	80	1	-2	-3.291596
142	22.500000	22.666667	E2	126	80	1	-5	-5.564816
143	22.666667	22.833333	E3	126	80	1	-1	-1.202832
144	22.833333	23.000000	G3	126	80	1	-2	-6.062425
145	23.000000	23.166667	E3	126	80	1	-4	-3.718276
146	23.166667	23.500000	C4	126	80	1	-1	-3.451917
147	23.500000	23.666667	F3	126	80	1	-2	-4.659581
148	23.666667	24.000000	A3	126	80	1	-1	-2.415329
149	24.000000	27.000000	E3	90	80	0	1	-7.803859
150	24.000000	25.000000	G#3	90	80	0	2	-3.275273
151	24.000000	25.000000	B3	90	80	0	3	-3.265372
152	24.000000	27.000000	E4	90	80	0	5	-3.128600
153	24.000000	24.250000	E3	81	80	1	-2	-3.456527
154	24.250000	25.500000	E3	81	80	1	-2	-3.999177
155	24.500000	24.750000	D3	81	80	1	-3	-2.891080
156	24.750000	25.000000	C3	99	80	1	-1	-3.930078
157	25.000000	27.000000	A3	45	80	0	1	-3.425130
158	25.000000	25.250000	B2	99	80	1	-2	-2.745489
159	25.250000	25.500000	A2	63	80	1	-3	-2.891080
160	25.750000	26.000000	E2	63	80	1	-1	-6.083116
161	26.000000	26.250000	D2	63	80	1	-2	-2.745489
162	26.250000	26.500000	C2	63	80	1	-3	-2.891080
163	26.500000	26.750000	B1	63	80	1	-4	-3.061136
164	26.750000	27.000000	A1	63	80	1	-5	-3.249332
165	27.000000	27.500000	A4	45	80	0	4	-3.867317
166	27.000000	27.500000	C5	45	80	0	5	-3.402079
167	27.000000	27.250000	E4	63	80	1	-2	-8.211526
168	27.000000	27.250000	G#4	63	80	1	-1	-3.194227
169	27.250000	27.500000	F4	63	80	1	-2	-4.084076
170	27.250000	27.750000	A4	63	80	1	-1	-2.415329
171	27.500000	28.000000	A4	45	80	0	3	-3.509161
172	27.500000	28.000000	C5	45	80	0	5	-2.681011
173	27.500000	27.750000	D4	63	80	1	-3	-4.266477
174	27.750000	28.000000	E4	63	80	1	-2	-2.510186
175	27.750000	28.000000	G#4	63	80	1	-1	-3.194227
176	28.000000	28.500000	F4	45	80	0	1	-3.425130
177	28.000000	28.500000	B4	90	80	0	2	-2.963617
178	28.000000	28.500000	D5	90	80	0	4	-2.758588
179	28.000000	28.250000	F4	63	80	1	-2	-4.084076
180	28.000000	28.500000	A4	63	80	1	-1	-2.415329
181	28.250000	28.500000	D4	63	80	1	-3	-4.266477
182	28.500000	29.000000	A4	45	80	0	2	-3.266530
183	28.500000	29.000000	C5	45	80	0	4	-2.758588
184	28.500000	28.750000	E4	63	80	1	-2	-2.510186
185	28.500000	28.750000	G#4	63	80	1	-1	-3.194227
186	28.750000	29.000000	F4	63	80	1	-2	-4.084076
187	28.750000	29.250000	A4	63	80	1	-1	-2.415329
188	29.000000	30.000000	F4	45	80	0	1	-2.857522
189	29.000000	30.000000	B4	90	80	0	2	-2.963617
190	29.000000	30.000000	D5	90	80	0	4	-2.758588
191	29.000000	29.250000	D4	63	80	1	-3	-4.266477
192	29.250000	29.500000	E4	63	80	1	-2	-2.510186
193	29.250000	29.500000	G#4	63	80	1	-1	-3.194227
194	29.500000	29.750000	F4	63	80	1	-2	-4.084076
195	29.500000	30.000000	A4	63	80	1	-1	-2.415329
196	29.750000	30.000000	D4	63	80	1	-2	-4.659581
197	30.000000	30.500000	A4	45	80	0	2	-3.266530
198	30.000000	30.500000	C5	45	80	0	4	-2.758588
199	30.000000	30.250000	B3	63	80	1	-4	-3.718276
200	30.000000	30.250000	D#4	63	80	1	-2	-3.159098
201	30.250000	30.500000	C4	63	80	1	-3	-4.407505
202	30.250000	30.750000	E4	63	80	1	-1	-2.967507
203	30.500000	31.000000	A4	45	80	0	2	-3.359779
204	30.500000	31.000000	C5	45	80	0	4	-2.758588
205	30.500000	30.750000	A3	63	80	1	-3	-4.266477
206	30.750000	31.000000	B3	63	80	1	-2	-2.510186
207	30.750000	31.000000	D#4	63	80	1	-1	-3.194227
208	31.000000	31.500000	D4	45	80	0	1	-3.549056
209	31.000000	31.500000	G#4	90	80	0	3	-5.112123
210	31.000000	31.500000	B4	90	80	0	5	-3.635747
211	31.000000	31.250000	C4	63	80	1	-2	-4.084076
212	31.000000	31.500000	E4	63	80	1	-1	-2.415329
213	31.250000	31.500000	A3	63	80	1	-3	-4.266477
214	31.500000	32.000000	F4	45	80	0	2	-3.071676
215	31.500000	32.000000	A4	45	80	0	4	-2.758588
216	31.500000	31.750000	B3	63	80	1	-2	-2.510186
217	31.500000	31.750000	D#4	63	80	1	-1	-3.194227
218	31.750000	32.000000	C4	63	80	1	-2	-4.084076
219	31.750000	32.250000	E4	63	80	1	-1	-2.415329
220	32.000000	33.000000	D4	45	80	0	1	-2.857522
221	32.000000	33.000000	G#4	90	80	0	2	-5.017340
222	32.000000	33.000000	B4	90	80	0	4	-3.580467
223	32.000000	32.250000	A3	63	80	1	-3	-4.266477
224	32.250000	32.500000	B3	63	80	1	-2	-2.510186
225	32.250000	32.500000	D#4	63	80	1	-1	-3.194227
226	32.500000	32.750000	C4	63	80	1	-2	-4.084076
227	32.500000	32.750000	E4	63	80	1	-1	-2.415329
228	32.750000	33.000000	A3	63	80	1	-4	-3.752799
229	32.750000	33.000000	F#4	63	80	1	-1	-4.244654
230	33.000000	33.500000	F#4	45	80	0	2	-3.901124
231	33.000000	33.500000	A4	45	80	0	3	-3.265372
232	33.000000	33.250000	E4	63	80	1	-2	-4.084076
233	33.000000	33.250000	G#4	63	80	1	-1	-3.194227
234	33.250000	33.500000	F4	63	80	1	-2	-4.084076
235	33.250000	33.750000	A4	63	80	1	-1	-2.415329
236	33.500000	34.000000	F#4	45	80	0	2	-3.032881
237	33.500000	34.000000	A4	45	80	0	4	-3.580467
238	33.500000	33.750000	D4	63	80	1	-3	-4.266477
239	33.750000	34.000000	E4	63	80	1	-2	-2.510186
240	33.750000	34.000000	G#4	63	80	1	-1	-3.194227
241	34.000000	34.500000	C4	63	80	0	1	-2.969918
242	34.000000	34.500000	C5	90	80	0	5	-2.242366
243	34.000000	34.250000	F4	63	80	1	-2	-4.084076
244	34.000000	34.500000	A4	63	80	1	-1	-2.415329
245	34.250000	34.500000	D4	63	80	1	-3	-4.266477
246	34.500000	35.000000	G#4	63	80	0	3	-4.491606
247	34.500000	35.000000	B4	63	80	0	5	-3.635747
248	34.500000	34.750000	E4	63	80	1	-2	-2.510186
249	34.500000	34.750000	G#4	63	80	1	-1	-3.194227
250	34.750000	35.000000	F4	63	80	1	-2	-4.084076
251	34.750000	35.250000	A4	63	80	1	-1	-2.415329
252	35.000000	35.500000	C4	63	80	0	1	-3.027253
253	35.000000	35.500000	A4	90	80	0	3	-4.659051
254	35.000000	35.500000	C5	90	80	0	5	-2.681011
255	35.000000	35.250000	D4	63	80	1	-3	-4.266477
256	35.250000	35.500000	E4	63	80	1	-2	-2.510186
257	35.250000	35.500000	G#4	63	80	1	-1	-3.194227
258	35.500000	36.000000	F#4	63	80	0	2	-4.412763
259	35.500000	36.000000	A4	63	80	0	4	-3.580467
260	35.500000	35.750000	F4	63	80	1	-2	-4.084076
261	35.500000	36.000000	A4	63	80	1	-1	-2.415329
262	35.750000	36.000000	D4	63	80	1	-3	-4.266477
263	36.000000	37.000000	E4	45	80	0	2	-3.266530
264	36.000000	37.000000	G#4	45	80	0	4	-3.522723
265	36.000000	36.250000	E4	63	80	1	-2	-2.510186
266	36.000000	36.250000	G#4	63	80	1	-1	-3.194227
267	36.250000	36.500000	F4	63	80	1	-2	-4.084076
268	36.250000	36.750000	A4	63	80	1	-1	-2.415329
269	36.500000	36.750000	D4	63	80	1	-3	-4.266477
270	36.750000	37.000000	E4	63	80	1	-2	-2.510186
271	36.750000	37.000000	G#4	63	80	1	-1	-3.194227
272	37.000000	39.000000	B3	45	80	0	1	-3.493957
273	37.000000	39.000000	G#4	90	80	0	3	-5.527385
274	37.000000	39.000000	B4	90	80	0	4	-4.111873
275	37.000000	37.250000	F4	63	80	1	-2	-4.084076
276	37.000000	37.500000	A4	63	80	1	-1	-2.415329
277	37.250000	37.500000	D4	63	80	1	-2	-4.659581
278	37.500000	37.750000	B3	63	80	1	-4	-3.718276
279	37.500000	37.750000	D#4	63	80	1	-2	-3.159098
280	37.750000	38.000000	C4	63	80	1	-3	-4.407505
281	37.750000	38.250000	E4	63	80	1	-1	-2.967507
282	38.000000	38.250000	A3	63	80	1	-3	-4.266477
283	38.250000	38.500000	B3	63	80	1	-2	-2.510186
284	38.250000	38.500000	D#4	63	80	1	-1	-3.194227
285	38.500000	38.750000	C4	63	80	1	-2	-4.084076
286	38.500000	39.000000	E4	63	80	1	-1	-2.415329
287	38.750000	39.000000	A3	63	80	1	-3	-4.266477
288	39.000000	39.500000	A4	45	80	0	3	-2.238713
289	39.000000	39.500000	C5	45	80	0	5	-2.681011
290	39.000000	39.250000	B3	63	80	1	-2	-2.510186
291	39.000000	39.250000	D#4	63	80	1	-1	-3.194227
292	39.250000	39.500000	C4	63	80	1	-2	-4.084076
293	39.250000	39.750000	E4	63	80	1	-1	-2.415329
294	39.500000	40.000000	A4	45	80	0	3	-3.509161
295	39.500000	40.000000	C5	45	80	0	5	-2.681011
296	39.500000	39.750000	A3	63	80	1	-3	-4.266477
297	39.750000	40.000000	B3	63	80	1	-2	-2.510186
298	39.750000	40.000000	D#4	63	80	1	-1	-3.194227
299	40.000000	40.500000	E4	45	80	0	1	-2.845304
300	40.000000	40.500000	C#5	90	80	0	4	-4.568866
301	40.000000	40.500000	E5	90	80	0	5	-3.871087
302	40.000000	40.250000	C4	63	80	1	-2	-4.084076
303	40.000000	40.250000	E4	63	80	1	-1	-2.415329
304	40.250000	40.500000	A3	63	80	1	-4	-3.752799
305	40.250000	40.500000	F#4	63	80	1	-1	-4.244654
306	40.500000	41.000000	F4	45	80	0	1	-3.027253
307	40.500000	41.000000	B4	90	80	0	3	-3.401091
308	40.500000	41.000000	D5	90	80	0	5	-2.681011
309	40.500000	40.750000	E4	63	80	1	-2	-4.084076
310	40.500000	40.750000	G#4	63	80	1	-1	-3.194227
311	40.750000	41.000000	F4	63	80	1	-2	-4.084076
312	40.750000	41.000000	A4	63	80	1	-1	-2.415329
313	41.000000	41.500000	E4	45	80	0	1	-3.027253
314	41.000000	42.000000	C#5	90	80	0	4	-4.568866
315	41.000000	42.000000	E5	90	80	0	5	-3.871087
316	41.000000	41.250000	D4	63	80	1	-4	-3.752799
317	41.000000	41.250000	B4	63	80	1	-1	-3.451917
318	41.250000	41.500000	A4	63	80	1	-2	-2.745489
319	41.250000	41.500000	C#5	63	80	1	-1	-3.194227
320	41.500000	42.000000	A4	90	80	0	1	-3.425130
321	41.500000	42.000000	G5	90	80	0	5	-4.284649
322	41.500000	41.750000	B-4	63	80	1	-2	-3.291596
323	41.500000	42.000000	D5	63	80	1	-1	-3.262923
324	41.750000	42.000000	G4	63	80	1	-3	-4.266477
325	42.000000	42.500000	A4	45	80	0	1	-3.027253
326	42.000000	42.500000	D5	90	80	0	2	-2.963617
327	42.000000	42.500000	F5	90	80	0	4	-2.758588
328	42.000000	42.250000	A4	63	80	1	-2	-2.510186
329	42.000000	42.250000	C#5	63	80	1	-1	-3.194227
330	42.250000	42.500000	B-4	63	80	1	-2	-3.291596
331	42.250000	42.750000	D5	63	80	1	-1	-3.262923
332	42.500000	43.000000	A4	45	80	0	1	-2.969918
333	42.500000	43.000000	D5	90	80	0	2	-2.963617
334	42.500000	43.000000	F5	90	80	0	3	-3.012122
335	42.500000	42.750000	G4	63	80	1	-3	-4.266477
336	42.750000	43.000000	A4	63	80	1	-2	-2.510186
337	42.750000	43.000000	C#5	63	80	1	-1	-3.194227
338	43.000000	43.500000	C5	45	80	0	1	-2.905888
339	43.000000	43.500000	F#5	90	80	0	3	-5.112123
340	43.000000	43.500000	A5	90	80	0	5	-3.635747
341	43.000000	43.250000	F4	63	80	1	-4	-5.233707
342	43.000000	43.750000	D5	63	80	1	-1	-3.451917
343	43.250000	43.500000	B-4	63	80	1	-2	-4.444474
344	43.500000	44.000000	B4	45	80	0	1	-3.027253
345	43.500000	44.000000	E#5	90	80	0	3	-3.751952
346	43.500000	44.000000	G#5	90	80	0	5	-3.990232
347	43.500000	43.750000	E4	63	80	1	-5	-5.017302
348	43.750000	44.000000	A4	63	80	1	-2	-3.272976
349	43.750000	44.250000	C5	63	80	1	-1	-2.415329
350	44.000000	44.500000	C5	45	80	0	1	-3.738292
351	44.000000	45.000000	F#5	90	80	0	2	-5.017340
352	44.000000	45.000000	A5	90	80	0	3	-3.265372
353	44.000000	44.250000	D4	63	80	1	-5	-3.181034
354	44.250000	44.500000	G4	63	80	1	-2	-3.272976
355	44.250000	44.750000	B-4	63	80	1	-1	-3.101885
356	44.500000	45.000000	C6	45	80	0	5	-2.681011
357	44.500000	44.750000	C#4	63	80	1	-4	-4.458307
358	44.750000	45.000000	F4	63	80	1	-2	-2.871001
359	44.750000	45.750000	A4	63	80	1	-1	-2.415329
360	45.000000	45.500000	G4	90	80	0	1	-4.498352
361	45.000000	45.500000	C5	90	80	0	2	-2.963617
362	45.000000	45.500000	G5	126	80	0	5	-3.528229
363	45.000000	45.500000	B3	63	80	1	-5	-3.181034
364	45.500000	46.000000	G4	90	80	0	1	-1.922714
365	45.500000	46.000000	C5	90	80	0	2	-2.963617
366	45.500000	46.000000	G5	126	80	0	5	-3.528229
367	45.500000	45.750000	D4	63	80	1	-3	-3.170876
368	45.750000	46.000000	E4	63	80	1	-2	-2.510186
369	45.750000	46.000000	G#4	63	80	1	-1	-3.194227
370	46.000000	47.000000	G#4	90	80	0	1	-4.221033
371	46.000000	46.500000	F5	126	80	0	5	-4.733635
372	46.000000	46.250000	F4	63	80	1	-2	-4.084076
373	46.000000	46.500000	A4	63	80	1	-1	-2.415329
374	46.250000	46.500000	D4	63	80	1	-3	-4.266477
375	46.500000	47.000000	E5	126	80	0	4	-2.814339
376	46.500000	46.750000	E4	63	80	1	-2	-2.510186
377	46.500000	46.750000	G#4	63	80	1	-1	-3.194227
378	46.750000	47.000000	F4	63	80	1	-2	-4.084076
379	46.750000	47.250000	A4	63	80	1	-1	-2.415329
380	47.000000	48.000000	A4	126	80	0	1	-2.857522
381	47.000000	47.500000	D5	126	80	0	5	-4.932539
382	47.000000	47.250000	D4	63	80	1	-3	-4.266477
383	47.250000	47.500000	E4	63	80	1	-2	-2.510186
384	47.250000	47.500000	G#4	63	80	1	-1	-3.194227
385	47.500000	48.000000	C5	126	80	0	4	-2.814339
386	47.500000	47.750000	F4	63	80	1	-2	-4.084076
387	47.500000	48.000000	A4	63	80	1	-1	-2.415329
388	47.750000	48.000000	D4	63	80	1	-3	-4.266477
389	48.000000	51.000000	E4	90	80	0	1	-2.969918
390	48.000000	49.000000	G#4	90	80	0	2	-3.275273
391	48.000000	49.000000	B4	90	80	0	3	-3.265372
392	48.000000	51.000000	E5	90	80	0	5	-3.128600
393	48.000000	48.250000	E4	63	80	1	-2	-2.510186
394	48.000000	48.250000	G#4	63	80	1	-1	-3.194227
395	48.250000	48.500000	C#4	63	80	1	-4	-3.752799
396	48.250000	48.500000	A4	63	80	1	-1	-3.887622
397	48.500000	48.750000	D4	63	80	1	-4	-3.752799
398	48.500000	48.750000	F4	63	80	1	-2	-2.359478
399	48.750000	49.000000	B3	63	80	1	-5	-3.155341
400	48.750000	49.000000	G4	63	80	1	-1	-4.009362
401	49.000000	51.000000	A4	126	80	0	2	-3.263552
402	49.000000	49.250000	C#4	63	80	1	-2	-5.099885
403	49.000000	49.250000	E4	63	80	1	-1	-2.464298
404	49.250000	49.500000	A3	63	80	1	-4	-3.752799
405	49.250000	49.500000	F4	63	80	1	-1	-3.451917
406	49.500000	49.750000	B3	63	80	1	-4	-3.752799
407	49.500000	49.750000	D4	63	80	1	-2	-2.359478
408	49.750000	50.000000	G3	63	80	1	-5	-3.155341
409	49.750000	50.000000	E4	63	80	1	-1	-4.009362
410	50.000000	50.250000	A3	63	80	1	-4	-3.752799
411	50.000000	50.250000	C#4	63	80	1	-2	-3.159098
412	50.250000	50.500000	F#3	63	80	1	-5	-3.155341
413	50.250000	50.500000	E4	63	80	1	-1	-5.006981
414	50.500000	50.750000	F3	63	80	1	-5	-3.181034
415	50.500000	50.750000	A3	63	80	1	-3	-3.170876
416	50.750000	51.000000	D3	63	80	1	-5	-3.785580
417	50.750000	51.000000	D4	63	80	1	-1	-1.202832
418	51.000000	55.257576	E3	90	80	0	1	-7.803859
419	51.000000	52.045455	G#3	90	80	0	2	-3.275273
420	51.000000	52.045455	B3	90	80	0	3	-3.265372
421	51.000000	55.257576	E4	90	80	0	5	-3.128600
422	51.000000	51.166667	A1	63	80	1	-5	-4.456078
423	51.166667	52.333333	A2	63	80	1	-1	-1.202832
424	51.333333	51.500000	E3	63	80	1	-3	-6.517685
425	51.500000	52.500000	D3	63	80	1	-1	-3.930078
426	52.045455	55.257576	A3	45	80	0	2	-3.263552
427	52.500000	52.666667	A1	63	80	1	-5	-3.781310
428	52.666667	53.833333	A2	63	80	1	-1	-1.202832
429	52.833333	53.000000	E3	63	80	1	-2	-6.730551
430	53.000000	54.000000	F#3	63	80	1	-1	-3.101885
431	54.000000	54.166667	A1	63	80	1	-5	-6.473863
432	54.166667	54.333333	A2	63	80	1	-1	-1.202832
433	54.333333	54.500000	C#3	63	80	1	-2	-5.718611
434	54.500000	55.500000	D#3	90	80	1	-1	-2.578439
435	55.257576	55.757576	E5	45	80	0	2	-7.910011
436	55.500000	56.500000	E2	63	80	1	-5	-4.598096
437	55.750000	56.000000	B2	63	80	1	-2	-2.554480
438	55.757576	56.257576	E6	45	80	0	5	-5.608073
439	56.000000	57.000000	E3	63	80	1	-1	-2.320150
440	56.257576	56.757576	D6	45	80	0	4	-2.814339
441	56.757576	57.257576	D5	45	80	0	1	-3.627794
442	57.000000	57.166667	A2	63	80	1	-5	-3.242781
443	57.166667	57.333333	A3	63	80	1	-4	-4.924626
444	57.257576	57.757576	F5	45	80	0	2	-2.525967
445	57.333333	57.500000	E4	63	80	1	-1	-2.959487
446	57.500000	58.500000	A3	90	80	1	-4	-3.752799
447	57.500000	58.500000	D4	90	80	1	-1	-3.219441
448	57.757576	58.257576	F6	45	80	0	5	-5.608073
449	58.257576	58.757576	E6	45	80	0	4	-2.814339
450	58.500000	58.666667	A2	63	80	1	-5	-3.781310
451	58.666667	58.833333	A3	63	80	1	-4	-4.924626
452	58.757576	59.257576	E5	45	80	0	2	-6.485451
453	58.833333	59.000000	E4	63	80	1	-1	-2.959487
454	59.000000	60.000000	A3	90	80	1	-4	-3.752799
455	59.000000	60.000000	F#4	90	80	1	-1	-4.244654
456	59.257576	59.757576	D5	45	80	0	1	-2.609267
457	59.757576	60.257576	D6	45	80	0	5	-2.242366
458	60.000000	60.166667	A2	63	80	1	-5	-6.473863
459	60.166667	60.333333	A3	63	80	1	-1	-1.202832
460	60.257576	60.757576	C6	45	80	0	4	-2.814339
461	60.333333	60.500000	C#4	63	80	1	-2	-5.718611
462	60.500000	61.500000	A3	90	80	1	-3	-5.615128
463	60.500000	61.500000	D#4	90	80	1	-1	-4.411093
464	60.757576	61.257576	C5	45	80	0	2	-6.485451
465	61.257576	61.757576	B4	45	80	0	1	-2.609267
466	61.500000	63.000000	E3	63	80	1	-5	-4.598096
467	61.750000	62.000000	B3	63	80	1	-2	-2.554480
468	61.757576	62.257576	B5	45	80	0	4	-3.867317
469	62.000000	63.000000	E4	63	80	1	-1	-2.320150
470	62.257576	62.757576	D6	45	80	0	5	-3.402079
471	62.757576	63.257576	D5	45	80	0	1	-1.922714
472	63.000000	63.166667	A1	63	80	1	-5	-4.456078
473	63.166667	63.833333	A2	63	80	1	-1	-1.202832
474	63.257576	63.757576	C5	45	80	0	1	-5.844349
475	63.333333	63.500000	C#3	63	80	1	-2	-5.718611
476	63.500000	64.500000	D#3	63	80	1	-1	-2.578439
477	63.757576	64.257576	C6	45	80	0	5	-2.242366
478	64.000000	64.500000	A2	63	80	1	-2	-5.875271
479	64.257576	64.757576	B5	45	80	0	4	-2.814339
480	64.500000	64.750000	E2	90	80	1	-5	-3.713619
481	64.500000	64.750000	B2	90	80	1	-3	-3.416097
482	64.757576	65.257576	B4	45	80	0	2	-6.485451
483	65.000000	65.250000	E3	90	80	1	-2	-3.936874
484	65.000000	65.250000	B3	90	80	1	-1	-4.047397
485	65.257576	65.757576	A4	45	80	0	1	-2.609267
486	65.500000	65.750000	E4	90	80	1	-3	-6.025293
487	65.500000	65.750000	B4	90	80	1	-1	-3.342645
488	65.757576	68.257576	A5	45	80	0	5	-2.242366
489	66.000000	67.500000	E4	63	80	1	-5	-3.242781
490	66.000000	66.250000	D5	63	80	1	-1	-3.610078
491	66.250000	66.500000	B4	63	80	1	-2	-3.291596
492	66.500000	66.750000	C5	63	80	1	-1	-2.578439
493	66.750000	67.000000	A4	63	80	1	-2	-3.291596
494	67.000000	67.250000	B4	63	80	1	-1	-2.578439
495	67.250000	67.500000	G4	63	80	1	-2	-3.291596
496	67.500000	69.000000	E4	63	80	1	-4	-3.718276
497	67.500000	68.000000	A4	63	80	1	-2	-2.507290
498	68.000000	68.250000	B4	63	80	1	-1	-2.578439
499	68.250000	68.500000	A4	63	80	1	-2	-2.745489
500	68.257576	68.757576	A4	45	80	0	1	-1.922714
501	68.500000	68.750000	G4	63	80	1	-3	-2.891080
502	68.750000	69.000000	F4	63	80	1	-4	-3.061136
503	68.757576	71.257576	A4	90	80	0	1	-4.507997
504	68.757576	71.257576	A5	90	80	0	5	-2.242366
505	69.000000	69.250000	E4	63	80	1	-1	-4.817923
506	69.250000	69.500000	A3	63	80	1	-4	-3.752799
507	69.500000	69.750000	D3	63	80	1	-1	-5.763343
508	69.750000	70.000000	G2	63	80	1	-2	-4.659581
509	70.000000	70.250000	C2	63	80	1	-5	-3.155341
510	70.250000	70.500000	F2	63	80	1	-2	-3.272976
511	70.500000	70.750000	E2	63	80	1	-3	-2.891080
512	70.750000	71.000000	A2	63	80	1	-1	-2.717521
513	71.000000	71.250000	D2	63	80	1	-2	-4.659581
514	71.250000	71.500000	G1	63	80	1	-5	-3.155341
515	71.257576	71.757576	G4	27	80	0	1	-3.460971
516	71.500000	71.750000	C2	63	80	1	-3	-3.463793
517	71.750000	72.000000	A2	63	80	1	-1	-4.439870
518	71.757576	72.257576	G5	27	80	0	5	-2.242366
519	72.000000	72.250000	D2	63	80	1	-2	-4.659581
520	72.250000	72.500000	G1	63	80	1	-5	-3.155341
521	72.257576	72.757576	F#5	27	80	0	4	-3.640665
522	72.500000	72.750000	C2	63	80	1	-3	-3.463793
523	72.750000	73.000000	A2	63	80	1	-1	-4.439870
524	72.757576	73.257576	F#4	27	80	0	1	-3.627794
525	73.000000	73.250000	D2	63	80	1	-5	-3.242781
526	73.250000	73.500000	D1	63	80	1	-5	-5.870600
527	73.257576	73.757576	B4	27	80	0	2	-3.465862
528	73.500000	73.666667	A1	63	80	1	-1	-3.477173
529	73.666667	73.833333	A2	63	80	1	-5	-6.047974
530	73.757576	74.257576	B5	27	80	0	5	-5.608073
531	73.833333	74.000000	E3	63	80	1	-2	-2.554480
532	74.000000	75.000000	A2	90	80	1	-5	-3.155341
533	74.000000	75.000000	D3	90	80	1	-1	-4.729663
534	74.257576	74.757576	A5	27	80	0	4	-2.814339
535	74.757576	75.257576	A4	27	80	0	2	-6.485451
536	75.000000	75.166667	A1	63	80	1	-5	-3.781310
537	75.166667	75.333333	A2	63	80	1	-4	-4.924626
538	75.257576	75.757576	G4	27	80	0	1	-2.609267
539	75.333333	75.500000	E3	63	80	1	-1	-2.959487
540	75.500000	76.500000	A2	90	80	1	-4	-3.752799
541	75.500000	76.500000	F3	90	80	1	-1	-3.451917
542	75.757576	76.257576	G5	27	80	0	5	-2.242366
543	76.257576	76.757576	F#5	27	80	0	4	-3.640665
544	76.500000	76.666667	A1	63	80	1	-5	-5.860818
545	76.666667	76.833333	A2	63	80	1	-1	-1.202832
546	76.757576	77.257576	F#4	27	80	0	1	-3.627794
547	76.833333	77.000000	C3	63	80	1	-2	-6.062425
548	77.000000	78.000000	A2	90	80	1	-3	-4.063676
549	77.000000	78.000000	D#3	90	80	1	-1	-4.411093
550	77.257576	77.757576	A4	27	80	0	1	-7.672902
551	77.757576	78.257576	A5	27	80	0	4	-3.867317
552	78.000000	78.666667	E2	63	80	1	-5	-4.598096
553	78.166667	78.333333	B2	63	80	1	-2	-2.554480
554	78.257576	78.757576	C6	27	80	0	5	-3.402079
555	78.333333	78.500000	E3	63	80	1	-1	-2.320150
556	78.757576	79.257576	C5	27	80	0	1	-1.922714
557	79.257576	79.757576	B4	27	80	0	1	-5.844349
558	79.500000	79.666667	A1	63	80	1	-5	-4.212346
559	79.666667	79.833333	A2	63	80	1	-1	-1.202832
560	79.757576	80.257576	B5	27	80	0	4	-3.867317
561	79.833333	80.000000	E3	63	80	1	-2	-6.730551
562	80.000000	81.000000	A2	90	80	1	-5	-3.155341
563	80.000000	81.000000	A3	90	80	1	-1	-1.202832
564	80.257576	80.757576	D6	27	80	0	5	-3.402079
565	80.757576	81.257576	D5	27	80	0	1	-1.922714
566	81.000000	81.166667	D2	63	80	1	-5	-4.212346
567	81.166667	81.333333	D3	63	80	1	-4	-4.924626
568	81.257576	81.757576	F5	27	80	0	2	-2.525967
569	81.333333	81.500000	A3	63	80	1	-1	-2.959487
570	81.500000	82.500000	D#3	90	80	1	-3	-6.025293
571	81.500000	82.500000	C4	90	80	1	-1	-4.531747
572	81.757576	82.257576	F6	27	80	0	5	-5.608073
573	82.257576	82.757576	E6	27	80	0	4	-2.814339
574	82.500000	82.666667	E2	63	80	1	-5	-5.860818
575	82.666667	82.833333	E3	63	80	1	-1	-1.202832
576	82.757576	83.257576	E5	27	80	0	2	-6.485451
577	82.833333	83.000000	G3	63	80	1	-2	-6.062425
578	83.000000	83.500000	E3	63	80	1	-4	-3.718276
579	83.000000	83.750000	C4	63	80	1	-1	-3.451917
580	83.257576	83.757576	D5	27	80	0	1	-2.609267
581	83.500000	84.000000	F3	63	80	1	-2	-4.659581
582	83.750000	84.000000	A3	63	80	1	-1	-2.415329
583	83.757576	84.257576	D6	27	80	0	4	-3.867317
584	84.000000	84.250000	E3	63	80	1	-2	-3.456527
585	84.250000	85.500000	E3	63	80	1	-2	-3.999177
586	84.257576	84.757576	F6	27	80	0	5	-3.402079
587	84.500000	85.000000	C3	63	80	1	-4	-3.718276
588	84.757576	85.257576	F5	27	80	0	1	-1.922714
589	85.000000	85.500000	A2	63	80	1	-1	-5.372527
590	85.257576	85.757576	E5	27	80	0	1	-5.844349
591	85.500000	85.750000	E2	63	80	1	-2	-3.456527
592	85.750000	86.000000	E2	63	80	1	-2	-3.999177
593	85.757576	86.257576	E6	27	80	0	5	-2.242366
594	86.000000	86.500000	C2	63	80	1	-3	-4.063676
595	86.257576	86.757576	D6	27	80	0	4	-2.814339
596	86.500000	87.166667	A1	63	80	1	-5	-3.990113
597	86.757576	87.257576	D5	27	80	0	1	-3.627794
598	87.166667	87.333333	A2	63	80	1	-4	-4.924626
599	87.257576	87.757576	F5	127	80	0	2	-2.525967
600	87.333333	87.500000	E3	63	80	1	-1	-2.959487
601	87.500000	87.666667	A2	63	80	1	-4	-3.752799
602	87.666667	87.833333	D3	63	80	1	-2	-2.507290
603	87.757576	88.257576	F6	127	80	0	5	-5.608073
604	87.833333	88.000000	F3	63	80	1	-1	-2.415329
605	88.000000	88.500000	A2	63	80	1	-5	-3.730225
606	88.257576	88.757576	E6	127	80	0	4	-2.814339
607	88.500000	88.666667	A1	63	80	1	-5	-5.870600
608	88.666667	88.833333	A2	63	80	1	-4	-4.924626
609	88.757576	89.257576	E5	127	80	0	2	-6.485451
610	88.833333	89.000000	E3	63	80	1	-1	-2.959487
611	89.000000	89.166667	A2	63	80	1	-4	-3.752799
612	89.166667	89.333333	F3	63	80	1	-1	-3.451917
613	89.257576	89.757576	D5	127	80	0	1	-2.609267
614	89.333333	89.500000	D3	63	80	1	-2	-3.291596
615	89.500000	90.000000	A2	63	80	1	-1	-6.371283
616	89.757576	90.257576	D6	127	80	0	5	-2.242366
617	90.000000	90.166667	A1	63	80	1	-5	-2.314770
618	90.166667	90.333333	A2	63	80	1	-1	-1.202832
619	90.257576	90.757576	C6	127	80	0	4	-2.814339
620	90.333333	90.500000	C3	63	80	1	-2	-6.062425
621	90.500000	90.666667	A2	63	80	1	-4	-3.718276
622	90.666667	90.833333	F#3	63	80	1	-1	-4.244654
623	90.757576	91.257576	C5	127	80	0	2	-6.485451
624	90.833333	91.000000	D#3	63	80	1	-2	-3.291596
625	91.000000	91.166667	A2	63	80	1	-5	-5.017302
626	91.166667	91.333333	F#3	63	80	1	-1	-5.043358
627	91.257576	91.757576	B4	127	80	0	1	-2.609267
628	91.333333	91.500000	D#3	63	80	1	-2	-3.291596
629	91.500000	92.166667	E2	63	80	1	-5	-5.509717
630	91.666667	91.833333	B2	63	80	1	-2	-2.554480
631	91.757576	92.257576	B5	127	80	0	4	-3.867317
632	91.833333	92.000000	E3	63	80	1	-1	-2.320150
633	92.257576	92.757576	D6	127	80	0	5	-3.402079
634	92.757576	93.257576	D5	127	80	0	1	-1.922714
635	93.000000	93.166667	A1	63	80	1	-5	-4.212346
636	93.166667	93.333333	A2	63	80	1	-1	-1.202832
637	93.257576	93.757576	C5	127	80	0	1	-5.844349
638	93.333333	93.500000	E3	63	80	1	-2	-6.730551
639	93.500000	93.666667	A2	63	80	1	-5	-3.155341
640	93.666667	93.833333	A3	63	80	1	-1	-1.202832
641	93.757576	94.257576	C6	127	80	0	5	-2.242366
642	93.833333	94.000000	D3	63	80	1	-5	-3.242781
643	94.000000	94.166667	D4	63	80	1	-1	-1.202832
644	94.166667	94.333333	A3	63	80	1	-5	-5.379814
645	94.257576	94.757576	B5	127	80	0	4	-2.814339
646	94.333333	94.500000	A4	63	80	1	-1	-1.202832
647	94.500000	96.000000	E4	90	80	1	-2	-3.456527
648	94.757576	95.257576	B4	127	80	0	2	-6.485451
649	95.257576	95.757576	A4	127	80	0	1	-2.609267
650	95.757576	98.257576	A5	127	80	0	5	-2.242366
651	96.000000	96.166667	D2	63	80	1	-5	-6.177855
652	96.166667	96.333333	D3	63	80	1	-1	-1.202832
653	96.333333	96.500000	A3	63	80	1	-2	-6.730551
654	96.500000	96.666667	D3	63	80	1	-5	-3.155341
655	96.666667	96.833333	D4	63	80	1	-1	-1.202832
656	96.833333	97.000000	G3	63	80	1	-5	-3.242781
657	97.000000	97.166667	G4	63	80	1	-1	-1.202832
658	97.166667	97.833333	D4	63	80	1	-5	-5.379814
659	97.333333	97.500000	D5	63	80	1	-1	-1.202832
660	97.500000	99.000000	A4	63	80	1	-2	-3.456527
661	98.000000	99.000000	D#4	127	80	1	-3	-7.228579
662	98.257576	98.757576	A4	127	80	0	1	-1.922714
663	98.757576	101.257576	A4	90	80	0	1	-4.507997
664	98.757576	101.257576	A5	90	80	0	5	-2.242366
665	99.000000	99.166667	E2	127	80	1	-5	-7.852239
666	99.166667	99.333333	E3	127	80	1	-1	-1.202832
667	99.333333	99.500000	G3	127	80	1	-2	-6.062425
668	99.500000	99.666667	E3	127	80	1	-4	-3.718276
669	99.666667	100.000000	C4	127	80	1	-1	-3.451917
670	100.000000	100.166667	F3	127	80	1	-2	-4.659581
671	100.166667	100.500000	A3	127	80	1	-1	-2.415329
672	100.500000	100.750000	E3	63	80	1	-2	-3.456527
673	100.750000	102.000000	E3	63	80	1	-1	-4.535716
674	101.000000	101.250000	D3	63	80	1	-2	-2.745489
675	101.250000	101.500000	C3	81	80	1	-3	-2.891080
676	101.257576	101.757576	G4	127	80	0	1	-3.460971
677	101.500000	101.750000	B2	81	80	1	-4	-3.061136
678	101.750000	102.000000	A2	45	80	1	-1	-4.817923
679	101.757576	102.257576	G5	127	80	0	5	-2.242366
680	102.250000	102.500000	E2	45	80	1	-2	-3.456527
681	102.257576	102.757576	F#5	127	80	0	4	-3.640665
682	102.500000	102.750000	D2	45	80	1	-3	-2.891080
683	102.750000	103.000000	C2	45	80	1	-1	-3.930078
684	102.757576	103.257576	F#4	127	80	0	1	-3.627794
685	103.000000	103.250000	B1	45	80	1	-2	-2.745489
686	103.250000	103.500000	A1	45	80	1	-3	-2.891080
687	103.257576	103.757576	B4	127	80	0	2	-3.465862
688	103.757576	104.257576	B5	127	80	0	5	-5.608073
689	104.257576	104.757576	A5	127	80	0	4	-2.814339
690	104.757576	105.257576	A4	127	80	0	2	-6.485451
691	105.257576	105.757576	G4	127	80	0	1	-2.609267
692	105.757576	106.257576	G5	127	80	0	5	-2.242366
693	106.257576	106.757576	F#5	127	80	0	4	-3.640665
694	106.757576	107.257576	F#4	127	80	0	1	-3.627794
695	107.257576	107.757576	A4	127	80	0	1	-7.672902
696	107.757576	108.257576	A5	127	80	0	4	-3.867317
697	108.257576	108.757576	C6	127	80	0	5	-3.402079
698	108.757576	109.257576	C5	127	80	0	1	-1.922714
699	109.257576	109.757576	B4	127	80	0	1	-5.844349
700	109.757576	110.257576	B5	127	80	0	4	-3.867317
701	110.257576	110.757576	D6	127	80	0	5	-3.402079
702	110.757576	111.257576	D5	127	80	0	1	-1.922714
703	111.257576	111.757576	F5	127	80	0	2	-2.525967
704	111.757576	112.257576	F6	127	80	0	5	-5.608073
705	112.257576	112.757576	E6	126	80	0	4	-2.814339
706	112.757576	113.257576	E5	126	80	0	1	-3.627794
707	113.257576	113.757576	G5	126	80	0	2	-2.525967
708	113.757576	114.257576	G6	126	80	0	5	-5.608073
709	114.257576	114.757576	F6	126	80	0	4	-2.814339
710	114.757576	115.257576	F5	126	80	0	2	-6.485451
711	115.257576	115.757576	E5	126	80	0	1	-2.609267
712	115.757576	116.257576	E6	126	80	0	4	-3.867317
713	116.257576	116.757576	G6	126	80	0	5	-3.402079
714	116.757576	117.257576	G5	126	80	0	1	-1.922714
715	117.257576	117.757576	F5	126	80	0	1	-5.844349
716	117.757576	118.257576	F6	126	80	0	5	-2.242366
717	118.257576	118.757576	E6	126	80	0	4	-2.814339
718	118.757576	119.257576	E5	126	80	0	1	-3.627794
719	119.257576	119.757576	A5	126	80	0	2	-2.963617
720	119.757576	120.257576	A6	126	80	0	5	-5.608073
721	120.257576	120.757576	F6	126	80	0	4	-4.387405
722	120.757576	121.257576	F5	126	80	0	1	-3.627794
723	121.257576	121.757576	G5	126	80	0	1	-5.893792
724	121.757576	122.257576	G6	126	80	0	5	-2.242366
725	122.257576	122.757576	E6	126	80	0	4	-4.387405
726	122.757576	123.257576	E5	126	80	0	1	-3.627794
727	123.257576	123.757576	F5	126	80	0	1	-5.893792
728	123.757576	124.257576	F6	126	80	0	5	-2.242366
729	124.257576	124.757576	D6	126	80	0	4	-4.387405
730	124.757576	125.257576	D5	126	80	0	1	-3.627794
731	125.257576	125.757576	E5	126	80	0	1	-5.893792
732	125.757576	126.257576	E6	126	80	0	5	-2.242366
733	126.257576	126.757576	C#6	126	80	0	4	-4.424487
734	126.757576	127.257576	C#5	126	80	0	1	-3.627794
735	127.257576	127.757576	E5	126	80	0	2	-3.493146
736	127.757576	128.257576	E6	126	80	0	5	-5.608073
737	128.257576	128.757576	D6	126	80	0	4	-2.814339
738	128.757576	129.257576	D5	126	80	0	2	-6.485451
739	129.257576	129.757576	C5	126	80	0	1	-2.609267
740	129.757576	130.257576	C6	126	80	0	5	-2.242366
741	130.257576	130.757576	B5	63	80	0	4	-2.814339
742	130.757576	131.257576	B4	63	80	0	1	-3.627794
743	131.257576	131.757576	D5	63	80	0	2	-2.525967
744	131.757576	132.257576	D6	63	80	0	5	-5.608073
745	132.257576	132.757576	C6	63	80	0	4	-2.814339
746	132.757576	133.257576	C5	63	80	0	2	-6.485451
747	133.257576	133.757576	B4	63	80	0	1	-2.609267
748	133.757576	134.257576	B5	63	80	0	4	-3.867317
749	134.257576	134.757576	D6	63	80	0	5	-3.402079
750	134.757576	136.257576	D5	63	80	0	1	-1.922714
751	136.257576	136.757576	C5	63	80	0	1	-5.844349
752	136.757576	138.257576	C6	63	80	0	5	-2.242366
753	138.257576	138.757576	B5	63	80	0	4	-2.814339
754	138.757576	139.257576	B4	63	80	0	1	-3.627794
755	140.257576	140.757576	A4	45	80	0	2	-4.891425
756	140.757576	145.257576	A4	90	80	0	1	-4.802885
757	140.757576	145.257576	A5	90	80	0	5	-2.242366
758	145.257576	145.757576	A4	45	80	0	1	-1.922714
759	145.757576	146.257576	A5	45	80	0	5	-2.242366
760	146.257576	148.969114	A4	90	80	0	1	-1.922714
761	146.257576	148.969114	A5	90	80	0	5	-2.242366
762	148.969114	153.469114	A3	99	80	0	1	-6.163296
763	148.969114	150.469114	C#4	90	80	0	2	-3.275273
764	148.969114	150.469114	A4	90	80	0	5	-3.857051
765	150.469114	153.469114	D4	99	80	0	2	-3.263552
766	150.469114	150.844114	G#4	99	80	0	5	-5.283726
767	150.844114	153.469114	F#4	81	80	0	4	-2.814339
768	153.469114	157.969114	A3	99	80	0	1	-3.493957
769	153.469114	154.969114	C#4	90	80	0	2	-3.275273
770	153.469114	154.969114	A4	90	80	0	5	-3.857051
771	154.969114	157.969114	B3	99	80	0	1	-3.027253
772	154.969114	155.344114	E4	99	80	0	3	-3.401091
773	155.344114	157.969114	D4	81	80	0	2	-2.287533
774	157.969114	162.469114	A3	99	80	0	1	-3.434905
775	157.969114	159.469114	F#4	99	80	0	4	-4.568866
776	159.469114	160.969114	C#4	99	80	0	2	-3.266530
777	160.969114	162.469114	F#4	99	80	0	5	-3.228870
778	162.469114	166.969114	G#3	99	80	0	1	-3.027253
779	162.469114	163.969114	E4	99	80	0	4	-4.832705
780	163.969114	166.969114	B3	99	80	0	1	-3.216633
781	166.969114	168.469114	A4	90	80	0	1	-8.731319
782	166.969114	168.469114	C#5	90	80	0	2	-3.275273
783	166.969114	167.719114	A5	63	80	0	5	-3.857051
784	167.719114	168.469114	A5	63	80	0	5	-4.495609
785	168.469114	171.469114	A4	90	80	0	1	-1.922714
786	168.469114	171.469114	D5	90	80	0	2	-2.963617
787	168.469114	171.469114	F#5	63	80	0	4	-3.522723
788	171.469114	172.969114	A4	90	80	0	1	-3.493957
789	171.469114	172.969114	C#5	90	80	0	2	-3.275273
790	171.469114	172.219114	A5	63	80	0	5	-3.857051
791	172.219114	172.969114	A5	63	80	0	5	-4.495609
792	172.969114	175.969114	B4	90	80	0	1	-3.027253
793	172.969114	175.969114	D5	90	80	0	2	-2.525967
794	175.969114	180.469114	A4	63	80	0	1	-3.434905
795	175.969114	176.719114	F#5	63	80	0	5	-4.874096
796	176.719114	177.469114	F#5	63	80	0	5	-4.495609
797	177.469114	178.969114	C#5	63	80	0	2	-3.071676
798	178.969114	180.469114	F#5	63	80	0	5	-3.228870
799	180.469114	184.969114	G#4	81	80	0	1	-3.027253
800	180.469114	181.969114	E5	81	80	0	5	-4.655217
801	181.969114	184.969114	B4	63	80	0	5	-7.226525
802	185.719114	189.469114	A3	63	80	0	1	-3.460971
803	185.719114	186.469114	F#4	63	80	0	4	-4.568866
804	186.469114	187.219114	C#4	81	80	0	2	-3.266530
805	187.219114	187.969114	G#4	81	80	0	5	-3.528229
806	187.969114	188.719114	C#4	81	80	0	2	-3.263552
807	188.719114	189.469114	F#4	81	80	0	5	-3.228870
808	190.219114	190.969114	G#3	90	80	0	1	-3.027253
809	190.219114	190.969114	E4	90	80	0	1	-8.731319
810	191.719114	192.469114	G#4	90	80	0	2	-3.275273
811	191.719114	192.469114	E5	90	80	0	5	-3.857051
812	193.219114	193.969114	E5	90	80	0	1	-5.027158
813	193.219114	193.969114	G#5	90	80	0	2	-3.275273
814	193.219114	193.969114	E6	90	80	0	5	-3.857051
815	193.969114	194.719114	F5	90	80	0	1	-3.027253
816	193.969114	194.719114	B5	90	80	0	4	-4.278061
817	194.719114	195.469114	D5	90	80	0	1	-2.969918
818	194.719114	195.469114	D6	90	80	0	5	-2.242366
819	195.469114	196.219114	E5	90	80	0	1	-3.027253
820	195.469114	196.219114	A5	90	80	0	4	-4.278061
821	196.219114	196.969114	C5	90	80	0	1	-2.969918
822	196.219114	196.969114	C6	90	80	0	5	-2.242366
823	196.969114	197.719114	D5	90	80	0	1	-3.027253
824	196.969114	197.719114	G5	90	80	0	4	-4.278061
825	197.719114	198.469114	B4	90	80	0	1	-2.969918
826	197.719114	198.469114	B5	90	80	0	5	-2.242366
827	198.469114	199.969114	C5	126	80	0	1	-3.027253
828	198.469114	199.219114	F5	126	80	0	3	-3.401091
829	199.219114	199.969114	A5	126	80	0	5	-2.681011
830	199.969114	200.719114	D5	126	80	0	2	-3.263552
831	199.969114	200.719114	G5	126	80	0	5	-3.228870
832	200.719114	201.469114	C5	126	80	0	2	-3.263552
833	200.719114	201.469114	F5	126	80	0	5	-3.228870
834	201.469114	202.219114	B4	126	80	0	2	-3.263552
835	201.469114	202.219114	E5	126	80	0	4	-2.909306
836	202.219114	202.969114	A4	126	80	0	1	-2.857522
837	202.219114	202.969114	D#5	126	80	0	4	-4.926369
838	202.969114	203.719114	G#4	90	80	0	1	-2.857522
839	202.969114	203.719114	E5	90	80	0	3	-5.327229
840	203.719114	204.469114	C#5	90	80	0	2	-3.032881
841	203.719114	204.469114	G5	90	80	0	4	-5.030376
842	204.469114	205.219114	C5	90	80	0	1	-2.857522
843	204.469114	205.219114	F#5	90	80	0	4	-4.926369
844	205.219114	205.969114	B4	90	80	0	1	-3.549056
845	205.219114	205.969114	F5	90	80	0	5	-4.274449
846	205.969114	206.719114	B-4	90	80	0	2	-3.763668
847	205.969114	206.719114	E5	90	80	0	4	-5.030376
848	206.719114	207.469114	A4	90	80	0	1	-2.857522
849	206.719114	207.469114	D#5	90	80	0	4	-4.926369
850	207.469114	208.219114	G#4	90	80	0	1	-2.857522
851	207.469114	208.219114	D5	90	80	0	4	-5.537262
852	208.219114	208.969114	G4	90	80	0	1	-2.857522
853	208.219114	208.969114	C#5	90	80	0	4	-4.926369
854	208.969114	209.719114	F#4	90	80	0	1	-2.857522
855	208.969114	209.719114	D5	90	80	0	5	-4.655217
856	209.719114	210.180653	F4	90	80	0	1	-2.845304
857	209.719114	210.180653	B4	90	80	0	3	-3.401091
858	210.180653	210.580653	E4	90	80	0	1	-3.310457
859	210.180653	210.580653	C5	90	80	0	5	-3.707830
860	210.580653	210.955653	G4	90	80	0	2	-3.071676
861	210.580653	210.955653	C#5	90	80	0	5	-5.283726
862	210.955653	211.330653	F#4	90	80	0	2	-3.263552
863	210.955653	211.330653	D5	90	80	0	5	-3.857051
864	211.330653	211.730653	F4	90	80	0	1	-2.845304
865	211.330653	211.730653	B4	90	80	0	3	-3.401091
866	211.730653	212.230653	E4	90	80	0	1	-3.310457
867	211.730653	212.230653	C5	90	80	0	5	-3.707830
868	212.230653	212.897319	G4	90	80	0	2	-3.071676
869	212.230653	212.897319	C#5	90	80	0	5	-5.283726
870	212.897319	213.754462	F#4	90	80	0	2	-3.263552
871	212.897319	213.754462	D5	90	80	0	5	-3.857051
872	213.754462	214.611605	F4	90	80	0	1	-2.845304
873	213.754462	214.611605	B4	90	80	0	3	-3.401091
874	214.611605	215.111605	E4	90	80	0	1	-3.310457
875	214.611605	215.111605	A4	63	80	0	2	-2.963617
876	214.611605	215.111605	C5	90	80	0	4	-2.758588
877	215.111605	215.611605	A4	63	80	0	2	-3.359779
878	215.111605	215.611605	C5	63	80	0	4	-2.758588
879	215.611605	217.611605	F4	81	80	0	1	-2.857522
880	215.611605	217.611605	B4	90	80	0	2	-2.963617
881	215.611605	217.611605	D5	90	80	0	4	-2.758588
882	217.611605	218.111605	A4	63	80	0	2	-3.266530
883	217.611605	218.111605	C5	63	80	0	4	-2.758588
884	218.111605	218.611605	A4	63	80	0	2	-3.359779
885	218.111605	218.611605	C5	63	80	0	4	-2.758588
886	218.611605	220.611605	D4	81	80	0	1	-3.549056
887	218.611605	220.611605	G#4	90	80	0	2	-5.017340
888	218.611605	220.611605	B4	90	80	0	4	-3.580467
889	220.611605	221.111605	F#4	63	80	0	2	-3.901124
890	220.611605	221.111605	A4	63	80	0	3	-3.265372
891	221.111605	221.611605	F#4	63	80	0	2	-3.032881
892	221.111605	221.611605	A4	63	80	0	4	-3.580467
893	221.611605	222.611605	C4	63	80	0	1	-2.969918
894	221.611605	222.611605	C5	63	80	0	5	-2.242366
895	222.611605	223.611605	F#4	63	80	0	2	-4.412763
896	222.611605	223.611605	A4	63	80	0	4	-3.580467
897	223.611605	224.611605	E4	63	80	0	2	-3.266530
898	223.611605	224.611605	G#4	63	80	0	4	-3.522723
899	224.611605	226.611605	B3	63	80	0	1	-3.493957
900	224.611605	226.611605	G#4	90	80	0	3	-5.527385
901	224.611605	226.611605	B4	90	80	0	4	-4.111873
902	226.611605	227.111605	A4	63	80	0	3	-2.238713
903	226.611605	227.111605	C5	63	80	0	5	-2.681011
904	227.111605	227.611605	A4	63	80	0	3	-3.509161
905	227.111605	227.611605	C5	63	80	0	5	-2.681011
906	227.611605	229.611605	E4	63	80	0	1	-2.845304
907	227.611605	229.611605	C#5	90	80	0	3	-5.527385
908	227.611605	229.611605	E5	90	80	0	4	-4.111873
909	229.611605	230.111605	D5	63	80	0	3	-2.238713
910	229.611605	230.111605	F5	63	80	0	5	-2.681011
911	230.111605	230.611605	D5	63	80	0	3	-3.509161
912	230.111605	230.611605	F5	63	80	0	5	-2.681011
913	230.611605	232.611605	A4	126	80	0	1	-2.845304
914	230.611605	232.611605	F#5	90	80	0	4	-4.568866
915	230.611605	232.611605	A5	90	80	0	5	-3.871087
916	232.611605	233.111605	G4	90	80	0	1	-3.460971
917	232.611605	234.611605	C5	126	80	0	2	-2.963617
918	232.611605	233.111605	G5	90	80	0	5	-3.528229
919	233.111605	233.611605	G4	90	80	0	1	-1.922714
920	233.111605	233.611605	G5	90	80	0	5	-2.242366
921	233.611605	234.611605	G#4	90	80	0	1	-4.221033
922	233.611605	234.611605	E5	90	80	0	5	-4.655217
923	234.611605	235.611605	A4	90	80	0	2	-3.263552
924	234.611605	235.611605	C5	90	80	0	4	-2.758588
925	235.611605	238.611605	E4	90	80	0	1	-2.969918
926	235.611605	236.611605	G#4	90	80	0	2	-3.275273
927	235.611605	236.611605	B4	90	80	0	3	-3.265372
928	235.611605	238.611605	E5	90	80	0	5	-3.128600
929	236.611605	238.611605	A4	126	80	0	2	-3.263552
930	238.611605	241.611605	E3	90	80	0	1	-7.803859
931	238.611605	239.611605	G#3	90	80	0	2	-3.275273
932	238.611605	239.611605	B3	90	80	0	3	-3.265372
933	238.611605	241.611605	E4	90	80	0	5	-3.128600
934	239.611605	241.611605	A3	45	80	0	1	-3.425130
935	241.611605	242.111605	A4	45	80	0	4	-3.867317
936	241.611605	242.111605	C5	45	80	0	5	-3.402079
937	242.111605	242.611605	A4	45	80	0	3	-3.509161
938	242.111605	242.611605	C5	45	80	0	5	-2.681011
939	242.611605	243.111605	F4	45	80	0	1	-3.425130
940	242.611605	243.111605	B4	90	80	0	2	-2.963617
941	242.611605	243.111605	D5	90	80	0	4	-2.758588
942	243.111605	243.611605	A4	45	80	0	2	-3.266530
943	243.111605	243.611605	C5	45	80	0	4	-2.758588
944	243.611605	244.611605	F4	45	80	0	1	-2.857522
945	243.611605	244.611605	B4	90	80	0	2	-2.963617
946	243.611605	244.611605	D5	90	80	0	4	-2.758588
947	244.611605	245.111605	A4	45	80	0	2	-3.266530
948	244.611605	245.111605	C5	45	80	0	4	-2.758588
949	245.111605	245.611605	A4	45	80	0	2	-3.359779
950	245.111605	245.611605	C5	45	80	0	4	-2.758588
951	245.611605	246.111605	D4	45	80	0	1	-3.549056
952	245.611605	246.111605	G#4	90	80	0	3	-5.112123
953	245.611605	246.111605	B4	90	80	0	5	-3.635747
954	246.111605	246.611605	F4	45	80	0	2	-3.071676
955	246.111605	246.611605	A4	45	80	0	4	-2.758588
956	246.611605	247.611605	D4	45	80	0	1	-2.857522
957	246.611605	247.611605	G#4	90	80	0	2	-5.017340
958	246.611605	247.611605	B4	90	80	0	4	-3.580467
959	247.611605	248.111605	F#4	45	80	0	2	-3.901124
960	247.611605	248.111605	A4	45	80	0	3	-3.265372
961	248.111605	248.611605	F#4	45	80	0	2	-3.032881
962	248.111605	248.611605	A4	45	80	0	4	-3.580467
963	248.611605	249.111605	C4	63	80	0	1	-2.969918
964	248.611605	249.111605	C5	90	80	0	5	-2.242366
965	249.111605	249.611605	G#4	63	80	0	3	-4.491606
966	249.111605	249.611605	B4	63	80	0	5	-3.635747
967	249.611605	250.111605	C4	63	80	0	1	-3.027253
968	249.611605	250.111605	A4	90	80	0	3	-4.659051
969	249.611605	250.111605	C5	90	80	0	5	-2.681011
970	250.111605	250.611605	F#4	63	80	0	2	-4.412763
971	250.111605	250.611605	A4	63	80	0	4	-3.580467
972	250.611605	251.611605	E4	45	80	0	2	-3.266530
973	250.611605	251.611605	G#4	45	80	0	4	-3.522723
974	251.611605	253.611605	B3	45	80	0	1	-3.493957
975	251.611605	253.611605	G#4	90	80	0	2	-6.638459
976	251.611605	253.611605	B4	90	80	0	3	-3.265372
977	253.611605	254.111605	A4	45	80	0	2	-2.287533
978	253.611605	254.111605	C5	45	80	0	4	-2.758588
979	254.111605	254.611605	A4	45	80	0	2	-3.359779
980	254.111605	254.611605	C5	45	80	0	3	-3.012122
981	254.611605	255.611605	G4	45	80	0	1	-2.905888
982	254.611605	255.611605	C#5	90	80	0	3	-5.112123
983	254.611605	255.611605	E5	90	80	0	5	-3.635747
984	255.611605	256.611605	F4	45	80	0	1	-3.027253
985	255.611605	256.611605	B4	90	80	0	2	-2.963617
986	255.611605	256.611605	F5	90	80	0	5	-3.528229
987	256.611605	259.611605	C#5	90	80	0	2	-4.555079
988	256.611605	259.611605	G5	90	80	0	5	-4.764150
989	259.611605	260.111605	D5	90	80	0	2	-3.071676
990	259.611605	260.111605	F5	90	80	0	4	-2.758588
991	260.111605	260.611605	D5	90	80	0	2	-3.359779
992	260.111605	260.611605	F5	90	80	0	3	-3.012122
993	260.611605	261.111605	C5	90	80	0	1	-2.905888
994	260.611605	261.111605	F#5	90	80	0	3	-5.112123
995	260.611605	261.111605	A5	90	80	0	5	-3.635747
996	261.111605	261.611605	B-4	90	80	0	1	-4.221033
997	261.111605	261.611605	G5	90	80	0	5	-4.733635
998	261.611605	262.111605	C#5	90	80	0	2	-4.412763
999	261.611605	262.111605	E5	90	80	0	3	-3.265372
1000	261.611605	262.111605	B-5	90	80	0	5	-5.123457
1001	262.111605	262.611605	A4	90	80	0	1	-4.287540
1002	262.111605	262.611605	F#5	90	80	0	4	-4.568866
1003	262.111605	262.611605	A5	90	80	0	5	-3.871087
1004	262.611605	265.611605	C5	90	80	0	1	-2.845304
1005	262.611605	265.611605	F#5	90	80	0	2	-5.017340
1006	262.611605	265.611605	C6	90	80	0	5	-4.764150
1007	265.611605	266.611605	G4	63	80	0	1	-4.498352
1008	265.611605	267.611605	C5	63	80	0	2	-2.963617
1009	265.611605	266.111605	G5	63	80	0	5	-3.528229
1010	266.111605	266.611605	G5	63	80	0	5	-4.495609
1011	266.611605	267.611605	G#4	63	80	0	1	-4.221033
1012	266.611605	267.111605	F5	63	80	0	5	-4.733635
1013	267.111605	267.611605	E5	63	80	0	4	-2.814339
1014	267.611605	268.611605	A4	63	80	0	1	-2.857522
1015	267.611605	268.111605	D5	63	80	0	5	-4.932539
1016	268.111605	268.611605	C5	63	80	0	4	-2.814339
1017	268.611605	271.611605	E4	90	80	0	1	-2.969918
1018	268.611605	269.611605	G#4	90	80	0	2	-3.275273
1019	268.611605	269.611605	B4	90	80	0	3	-3.265372
1020	268.611605	271.611605	E5	90	80	0	5	-3.128600
1021	269.611605	271.611605	A4	63	80	0	2	-3.263552
1022	271.611605	275.869181	E3	90	80	0	1	-7.803859
1023	271.611605	272.657060	G#3	90	80	0	2	-3.275273
1024	271.611605	272.657060	B3	90	80	0	3	-3.265372
1025	271.611605	275.869181	E4	90	80	0	5	-3.128600
1026	272.657060	275.869181	A3	45	80	0	2	-3.263552
