//Version: PianoFingering_v170101
1	0.000000	1.500000	G2	45	80	1	-5	-0.504576
2	0.500000	1.500000	B3	90	80	1	-4	-6.898392
3	0.500000	1.500000	D4	90	80	1	-2	-2.359478
4	0.500000	1.500000	F#4	90	80	1	-1	-3.194227
5	1.500000	3.000000	D2	45	80	1	-5	-5.805721
6	2.000000	3.000000	A3	90	80	1	-4	-5.094177
7	2.000000	3.000000	C#4	90	80	1	-2	-3.159098
8	2.000000	3.000000	F#4	90	80	1	-1	-2.320150
9	3.000000	4.500000	G2	45	80	1	-5	-6.716097
10	3.500000	4.500000	B3	90	80	1	-4	-6.898392
11	3.500000	4.500000	D4	90	80	1	-2	-2.359478
12	3.500000	4.500000	F#4	90	80	1	-1	-3.194227
13	4.500000	6.000000	D2	45	80	1	-5	-5.805721
14	5.000000	6.000000	A3	90	80	1	-4	-5.094177
15	5.000000	6.000000	C#4	90	80	1	-2	-3.159098
16	5.000000	6.000000	F#4	90	80	1	-1	-2.320150
17	6.000000	7.500000	G2	45	80	1	-5	-6.716097
18	6.500000	7.500000	B3	90	80	1	-4	-6.898392
19	6.500000	7.500000	D4	90	80	1	-2	-2.359478
20	6.500000	7.500000	F#4	90	80	1	-1	-3.194227
21	7.500000	9.000000	D2	45	80	1	-5	-5.805721
22	8.000000	9.000000	A3	90	80	1	-4	-5.094177
23	8.000000	9.000000	C#4	90	80	1	-2	-3.159098
24	8.000000	9.000000	F#4	90	80	1	-1	-2.320150
25	9.000000	10.500000	G2	45	80	1	-5	-6.716097
26	9.500000	10.500000	B3	90	80	1	-4	-6.898392
27	9.500000	10.500000	D4	90	80	1	-2	-2.359478
28	9.500000	10.500000	F#4	90	80	1	-1	-3.194227
29	9.750000	10.500000	F#5	45	80	0	3	-1.701607
30	10.500000	11.250000	A5	45	80	0	5	-3.635747
31	10.500000	12.000000	D2	63	80	1	-5	-5.805721
32	11.000000	12.000000	A3	90	80	1	-4	-5.094177
33	11.000000	12.000000	C#4	90	80	1	-2	-3.159098
34	11.000000	12.000000	F#4	90	80	1	-1	-2.320150
35	11.250000	12.000000	G5	45	80	0	4	-2.814339
36	12.000000	12.750000	F#5	45	80	0	3	-3.226506
37	12.000000	13.500000	G2	45	80	1	-5	-6.716097
38	12.500000	13.500000	B3	90	80	1	-4	-6.898392
39	12.500000	13.500000	D4	90	80	1	-2	-2.359478
40	12.500000	13.500000	F#4	90	80	1	-1	-3.194227
41	12.750000	13.500000	C#5	45	80	0	2	-5.150975
42	13.500000	14.250000	B4	45	80	0	1	-3.360143
43	13.500000	15.000000	D2	126	80	1	-5	-5.805721
44	14.000000	15.000000	A3	90	80	1	-4	-5.094177
45	14.000000	15.000000	C#4	90	80	1	-2	-3.159098
46	14.000000	15.000000	F#4	90	80	1	-1	-2.320150
47	14.250000	15.000000	C#5	45	80	0	3	-4.456068
48	15.000000	15.750000	D5	63	80	0	4	-3.868143
49	15.000000	16.500000	G2	126	80	1	-5	-6.716097
50	15.500000	16.500000	B3	90	80	1	-4	-6.898392
51	15.500000	16.500000	D4	90	80	1	-2	-2.359478
52	15.500000	16.500000	F#4	90	80	1	-1	-3.194227
53	15.750000	18.000000	A4	63	80	0	2	-3.266530
54	16.500000	18.000000	D2	126	80	1	-5	-5.805721
55	17.000000	18.000000	A3	90	80	1	-4	-5.094177
56	17.000000	18.000000	C#4	90	80	1	-2	-3.159098
57	17.000000	18.000000	F#4	90	80	1	-1	-2.320150
58	18.000000	27.000000	F#4	45	80	0	1	-3.967913
59	18.000000	19.500000	G2	126	80	1	-5	-6.716097
60	18.500000	19.500000	B3	90	80	1	-4	-6.898392
61	18.500000	19.500000	D4	90	80	1	-2	-2.359478
62	18.500000	19.500000	F#4	90	80	1	-1	-3.194227
63	19.500000	21.000000	D2	126	80	1	-5	-5.805721
64	20.000000	21.000000	A3	90	80	1	-4	-5.094177
65	20.000000	21.000000	C#4	90	80	1	-2	-3.159098
66	20.000000	21.000000	F#4	90	80	1	-1	-2.320150
67	21.000000	22.500000	G2	126	80	1	-5	-6.716097
68	21.500000	22.500000	B3	90	80	1	-4	-6.898392
69	21.500000	22.500000	D4	90	80	1	-2	-2.359478
70	21.500000	22.500000	F#4	90	80	1	-1	-3.194227
71	22.500000	24.000000	D2	126	80	1	-5	-5.805721
72	23.000000	24.000000	A3	90	80	1	-4	-5.094177
73	23.000000	24.000000	C#4	90	80	1	-2	-3.159098
74	23.000000	24.000000	F#4	90	80	1	-1	-2.320150
75	24.000000	25.500000	F#2	126	80	1	-2	-8.605581
76	24.500000	25.500000	A3	90	80	1	-3	-8.286994
77	24.500000	25.500000	C#4	90	80	1	-2	-3.749711
78	24.500000	25.500000	F#4	90	80	1	-1	-2.320150
79	25.500000	27.000000	B1	126	80	1	-5	-5.805721
80	26.000000	27.000000	B3	90	80	1	-4	-6.683330
81	26.000000	27.000000	D4	90	80	1	-2	-2.359478
82	26.000000	27.000000	F#4	90	80	1	-1	-3.194227
83	27.000000	28.500000	E2	126	80	1	-5	-5.805721
84	27.500000	28.500000	G3	90	80	1	-2	-6.485069
85	27.500000	28.500000	B3	90	80	1	-1	-2.415329
86	27.750000	28.500000	F#5	45	80	0	4	-3.867317
87	28.500000	29.250000	A5	45	80	0	5	-3.871087
88	28.500000	30.000000	E2	126	80	1	-5	-4.212346
89	29.000000	30.000000	B3	90	80	1	-4	-5.094177
90	29.000000	30.000000	D4	90	80	1	-2	-2.359478
91	29.000000	30.000000	G4	90	80	1	-1	-2.320150
92	29.250000	30.000000	G5	45	80	0	4	-2.814339
93	30.000000	30.750000	F#5	45	80	0	3	-3.226506
94	30.000000	31.500000	D2	126	80	1	-5	-4.456078
95	30.500000	31.500000	F3	90	80	1	-4	-6.898392
96	30.500000	31.500000	A3	90	80	1	-2	-2.359478
97	30.500000	31.500000	D4	90	80	1	-1	-2.320150
98	30.750000	31.500000	C#5	45	80	0	2	-5.150975
99	31.500000	32.250000	B4	45	80	0	1	-3.360143
100	31.500000	33.000000	A1	126	80	1	-5	-4.456078
101	32.000000	33.000000	A3	90	80	1	-4	-6.683330
102	32.000000	33.000000	C4	90	80	1	-2	-2.359478
103	32.000000	33.000000	E4	90	80	1	-1	-2.415329
104	32.250000	33.000000	C#5	45	80	0	2	-3.246278
105	33.000000	33.750000	D5	45	80	0	3	-3.686981
106	33.000000	34.500000	D2	126	80	1	-5	-4.456078
107	33.500000	34.500000	G3	90	80	1	-4	-8.234056
108	33.500000	34.500000	B3	90	80	1	-2	-2.359478
109	33.500000	34.500000	E4	90	80	1	-1	-2.320150
110	33.750000	36.000000	A4	63	80	0	1	-2.905888
111	34.500000	36.000000	D2	126	80	1	-5	-4.456078
112	35.000000	36.000000	D3	90	80	1	-5	-5.534856
113	35.000000	36.000000	G3	90	80	1	-3	-3.463793
114	35.000000	36.000000	B3	90	80	1	-2	-3.046717
115	35.000000	36.000000	E4	90	80	1	-1	-2.320150
116	36.000000	38.250000	C#5	63	80	0	2	-3.275273
117	36.000000	37.500000	D2	126	80	1	-5	-4.456078
118	36.500000	37.500000	C3	90	80	1	-5	-8.265166
119	36.500000	37.500000	E3	90	80	1	-4	-4.139458
120	36.500000	37.500000	A3	90	80	1	-2	-2.507290
121	36.500000	37.500000	D4	90	80	1	-1	-2.320150
122	37.500000	39.000000	D2	126	80	1	-5	-5.451251
123	38.000000	39.000000	C3	90	80	1	-5	-8.265166
124	38.000000	39.000000	F#3	90	80	1	-3	-5.669550
125	38.000000	39.000000	A3	90	80	1	-2	-2.872099
126	38.000000	39.000000	D4	90	80	1	-1	-2.320150
127	38.250000	40.500000	F#5	63	80	0	5	-3.228870
128	39.000000	40.500000	D2	126	80	1	-5	-5.451251
129	39.500000	40.500000	A3	90	80	1	-4	-5.094177
130	39.500000	40.500000	C4	90	80	1	-2	-2.359478
131	39.500000	40.500000	F4	90	80	1	-1	-2.320150
132	40.500000	47.250000	E4	45	80	0	1	-4.990776
133	40.500000	42.000000	D2	126	80	1	-5	-4.456078
134	41.000000	42.000000	A3	90	80	1	-4	-5.094177
135	41.000000	42.000000	C4	90	80	1	-2	-2.359478
136	41.000000	42.000000	E4	90	80	1	-1	-2.415329
137	42.000000	43.500000	D2	126	80	1	-5	-4.456078
138	42.500000	43.500000	D3	90	80	1	-5	-5.534856
139	42.500000	43.500000	G3	90	80	1	-3	-3.463793
140	42.500000	43.500000	B3	90	80	1	-2	-3.046717
141	42.500000	43.500000	E4	90	80	1	-1	-2.320150
142	43.500000	45.000000	D2	126	80	1	-5	-4.456078
143	44.000000	45.000000	C3	90	80	1	-5	-8.265166
144	44.000000	45.000000	E3	90	80	1	-4	-4.139458
145	44.000000	45.000000	A3	90	80	1	-2	-2.507290
146	44.000000	45.000000	D4	90	80	1	-1	-2.320150
147	45.000000	46.500000	D2	126	80	1	-5	-5.451251
148	45.500000	46.500000	C3	90	80	1	-5	-8.265166
149	45.500000	46.500000	F#3	90	80	1	-3	-5.669550
150	45.500000	46.500000	A3	90	80	1	-2	-2.872099
151	45.500000	46.500000	D4	90	80	1	-1	-2.320150
152	46.500000	48.000000	E2	126	80	1	-5	-5.805721
153	47.000000	48.000000	B3	90	80	1	-4	-5.094177
154	47.000000	48.000000	E4	90	80	1	-2	-2.507290
155	47.000000	48.000000	G4	90	80	1	-1	-2.415329
156	47.250000	48.000000	A4	63	80	0	2	-2.963617
157	48.000000	48.750000	B4	63	80	0	3	-2.675961
158	48.000000	49.500000	F#2	126	80	1	-5	-5.704159
159	48.500000	49.500000	A3	90	80	1	-2	-7.543808
160	48.500000	49.500000	C#4	90	80	1	-1	-3.194227
161	48.500000	49.500000	F#4	90	80	1	-1	-6.959023
162	48.750000	49.500000	C5	63	80	0	4	-2.883688
163	49.500000	50.250000	E5	63	80	0	5	-3.402079
164	49.500000	51.000000	B1	126	80	1	-5	-5.805721
165	50.000000	51.000000	B3	90	80	1	-4	-6.683330
166	50.000000	51.000000	D4	90	80	1	-2	-2.359478
167	50.000000	51.000000	F#4	90	80	1	-1	-3.194227
168	50.250000	51.000000	D5	63	80	0	4	-2.814339
169	51.000000	51.750000	B4	63	80	0	2	-3.359779
170	51.000000	52.500000	E2	126	80	1	-5	-5.805721
171	51.500000	52.500000	C#4	90	80	1	-2	-8.211526
172	51.500000	52.500000	E4	90	80	1	-1	-2.464298
173	51.500000	52.500000	A4	90	80	1	-1	-6.959023
174	51.750000	52.500000	D5	63	80	0	3	-3.012122
175	52.500000	53.250000	C5	63	80	0	2	-2.287533
176	52.500000	54.000000	E2	126	80	1	-5	-4.456078
177	53.000000	54.000000	A3	90	80	1	-4	-8.234056
178	53.000000	54.000000	C#4	90	80	1	-3	-5.786590
179	53.000000	54.000000	F#4	90	80	1	-2	-3.936874
180	53.000000	54.000000	A4	90	80	1	-1	-2.464298
181	53.250000	54.000000	B4	63	80	0	1	-2.609267
182	54.000000	57.750000	D5	81	80	0	2	-2.525967
183	54.000000	55.500000	E2	126	80	1	-5	-4.456078
184	54.500000	55.000000	B2	126	80	1	-2	-2.554480
185	55.000000	55.500000	E3	126	80	1	-1	-2.320150
186	55.500000	57.000000	A2	90	80	1	-5	-3.242781
187	55.500000	57.000000	G3	90	80	1	-1	-3.610078
188	57.000000	58.500000	D2	90	80	1	-5	-3.781310
189	57.000000	58.500000	A2	90	80	1	-2	-2.554480
190	57.000000	58.500000	D3	90	80	1	-1	-2.320150
191	57.750000	58.500000	D5	63	80	0	1	-4.802885
192	58.500000	59.250000	E5	63	80	0	2	-2.867384
193	58.500000	60.000000	G2	126	80	1	-5	-3.242781
194	59.000000	60.000000	B3	90	80	1	-4	-6.898392
195	59.000000	60.000000	D4	90	80	1	-2	-2.359478
196	59.000000	60.000000	F#4	90	80	1	-1	-3.194227
197	59.250000	60.000000	F5	63	80	0	3	-2.675961
198	60.000000	60.750000	G5	63	80	0	4	-2.883688
199	60.000000	61.500000	D2	126	80	1	-5	-5.805721
200	60.500000	61.500000	A3	90	80	1	-4	-5.094177
201	60.500000	61.500000	C#4	90	80	1	-2	-3.159098
202	60.500000	61.500000	F#4	90	80	1	-1	-2.320150
203	60.750000	61.500000	A5	63	80	0	5	-2.706622
204	61.500000	62.250000	C5	63	80	0	1	-2.845304
205	61.500000	63.000000	G2	126	80	1	-5	-6.716097
206	62.000000	63.000000	B3	90	80	1	-4	-6.898392
207	62.000000	63.000000	D4	90	80	1	-2	-2.359478
208	62.000000	63.000000	F#4	90	80	1	-1	-3.194227
209	62.250000	63.000000	D5	63	80	0	2	-2.867384
210	63.000000	63.750000	E5	81	80	0	3	-2.675961
211	63.000000	64.500000	D2	126	80	1	-5	-5.805721
212	63.500000	64.500000	A3	90	80	1	-4	-5.094177
213	63.500000	64.500000	C#4	90	80	1	-2	-3.159098
214	63.500000	64.500000	F#4	90	80	1	-1	-2.320150
215	63.750000	64.500000	D5	81	80	0	2	-2.287533
216	64.500000	65.250000	B4	81	80	0	1	-3.157580
217	64.500000	66.000000	G2	126	80	1	-5	-6.716097
218	65.000000	66.000000	B3	90	80	1	-4	-6.898392
219	65.000000	66.000000	D4	90	80	1	-2	-2.359478
220	65.000000	66.000000	F#4	90	80	1	-1	-3.194227
221	65.250000	69.000000	D5	81	80	0	2	-2.525967
222	66.000000	67.500000	D2	126	80	1	-5	-5.805721
223	66.500000	67.500000	A3	90	80	1	-4	-5.094177
224	66.500000	67.500000	C#4	90	80	1	-2	-3.159098
225	66.500000	67.500000	F#4	90	80	1	-1	-2.320150
226	67.500000	69.000000	G2	126	80	1	-5	-6.716097
227	68.000000	69.000000	B3	90	80	1	-4	-6.898392
228	68.000000	69.000000	D4	90	80	1	-2	-2.359478
229	68.000000	69.000000	F#4	90	80	1	-1	-3.194227
230	69.000000	69.750000	D5	63	80	0	2	-4.554564
231	69.000000	70.500000	D2	126	80	1	-5	-5.805721
232	69.500000	70.500000	A3	90	80	1	-4	-5.094177
233	69.500000	70.500000	C#4	90	80	1	-2	-3.159098
234	69.500000	70.500000	F#4	90	80	1	-1	-2.320150
235	69.750000	72.000000	G5	63	80	0	5	-3.228870
236	70.500000	72.000000	G2	126	80	1	-5	-6.716097
237	71.000000	72.000000	B3	90	80	1	-4	-6.898392
238	71.000000	72.000000	D4	90	80	1	-2	-2.359478
239	71.000000	72.000000	F#4	90	80	1	-1	-3.194227
240	72.000000	74.250000	F#5	63	80	0	4	-3.640665
241	72.000000	73.500000	D2	126	80	1	-5	-5.805721
242	72.500000	73.500000	A3	90	80	1	-4	-5.094177
243	72.500000	73.500000	C#4	90	80	1	-2	-3.159098
244	72.500000	73.500000	F#4	90	80	1	-1	-2.320150
245	73.500000	75.000000	G2	126	80	1	-5	-6.716097
246	74.000000	75.000000	B3	90	80	1	-4	-6.898392
247	74.000000	75.000000	D4	90	80	1	-2	-2.359478
248	74.000000	75.000000	F#4	90	80	1	-1	-3.194227
249	74.250000	75.000000	B4	81	80	0	2	-6.161151
250	75.000000	75.750000	A4	81	80	0	1	-2.609267
251	75.000000	76.500000	D2	126	80	1	-5	-5.805721
252	75.500000	76.500000	A3	90	80	1	-4	-5.094177
253	75.500000	76.500000	C#4	90	80	1	-2	-3.159098
254	75.500000	76.500000	F#4	90	80	1	-1	-2.320150
255	75.750000	76.500000	B4	81	80	0	2	-2.867384
256	76.500000	77.250000	C#5	81	80	0	3	-3.409656
257	76.500000	78.000000	G2	126	80	1	-5	-6.716097
258	77.000000	78.000000	B3	90	80	1	-4	-6.898392
259	77.000000	78.000000	D4	90	80	1	-2	-2.359478
260	77.000000	78.000000	F#4	90	80	1	-1	-3.194227
261	77.250000	78.000000	D5	81	80	0	4	-3.868143
262	78.000000	78.750000	E5	81	80	0	5	-2.706622
263	78.000000	79.500000	D2	126	80	1	-5	-5.805721
264	78.500000	79.500000	A3	90	80	1	-4	-5.094177
265	78.500000	79.500000	C#4	90	80	1	-2	-3.159098
266	78.500000	79.500000	F#4	90	80	1	-1	-2.320150
267	78.750000	79.500000	C#5	63	80	0	3	-4.229469
268	79.500000	80.250000	D5	63	80	0	4	-3.868143
269	79.500000	81.000000	G2	126	80	1	-5	-6.716097
270	80.000000	81.000000	B3	90	80	1	-4	-6.898392
271	80.000000	81.000000	D4	90	80	1	-2	-2.359478
272	80.000000	81.000000	F#4	90	80	1	-1	-3.194227
273	80.250000	81.000000	E5	63	80	0	5	-2.706622
274	81.000000	83.250000	F#4	63	80	0	2	-4.240163
275	81.000000	82.500000	D2	126	80	1	-5	-5.805721
276	81.500000	82.500000	A3	90	80	1	-4	-5.094177
277	81.500000	82.500000	C#4	90	80	1	-2	-3.159098
278	81.500000	82.500000	F#4	90	80	1	-1	-2.320150
279	81.750000	82.500000	A3	90	80	0	1	-7.413148
280	81.750000	82.500000	D4	90	80	0	2	-2.963617
281	82.500000	83.250000	B3	90	80	0	1	-3.157580
282	82.500000	83.250000	D4	90	80	0	2	-2.525967
283	82.500000	83.250000	G4	90	80	0	4	-2.909306
284	82.500000	84.000000	F#2	126	80	1	-2	-8.605581
285	83.000000	84.000000	A3	90	80	1	-3	-8.286994
286	83.000000	84.000000	C#4	90	80	1	-2	-3.749711
287	83.000000	84.000000	F#4	90	80	1	-1	-2.320150
288	83.250000	85.500000	C4	90	80	0	1	-2.857522
289	83.250000	85.500000	E4	90	80	0	2	-2.525967
290	83.250000	85.500000	A4	90	80	0	4	-2.909306
291	83.250000	85.500000	C5	90	80	0	5	-3.402079
292	84.000000	85.500000	B1	126	80	1	-5	-5.805721
293	84.500000	85.500000	B3	90	80	1	-4	-6.683330
294	84.500000	85.500000	D4	90	80	1	-2	-2.359478
295	84.500000	85.500000	F#4	90	80	1	-1	-3.194227
296	85.500000	87.750000	D4	90	80	0	1	-3.027253
297	85.500000	87.750000	F#4	90	80	0	2	-3.275273
298	85.500000	87.750000	A4	90	80	0	3	-3.265372
299	85.500000	87.750000	D5	90	80	0	5	-3.128600
300	85.500000	87.000000	E2	126	80	1	-5	-5.805721
301	86.000000	87.000000	G3	90	80	1	-2	-6.485069
302	86.000000	87.000000	B3	90	80	1	-1	-2.415329
303	87.000000	88.500000	E2	126	80	1	-5	-4.212346
304	87.500000	88.500000	B3	90	80	1	-4	-5.094177
305	87.500000	88.500000	D4	90	80	1	-2	-2.359478
306	87.500000	88.500000	G4	90	80	1	-1	-2.320150
307	88.500000	90.000000	D2	126	80	1	-5	-4.456078
308	89.000000	90.000000	F3	90	80	1	-4	-6.898392
309	89.000000	90.000000	A3	90	80	1	-2	-2.359478
310	89.000000	90.000000	D4	90	80	1	-1	-2.320150
311	90.000000	91.500000	A1	126	80	1	-5	-4.456078
312	90.500000	91.500000	A3	90	80	1	-4	-6.683330
313	90.500000	91.500000	C4	90	80	1	-2	-2.359478
314	90.500000	91.500000	E4	90	80	1	-1	-2.415329
315	91.500000	93.000000	D2	126	80	1	-5	-4.456078
316	92.000000	93.000000	G3	90	80	1	-4	-8.234056
317	92.000000	93.000000	B3	90	80	1	-2	-2.359478
318	92.000000	93.000000	E4	90	80	1	-1	-2.320150
319	93.000000	94.500000	D2	126	80	1	-5	-4.456078
320	93.500000	94.500000	D3	90	80	1	-5	-5.534856
321	93.500000	94.500000	G3	90	80	1	-3	-3.463793
322	93.500000	94.500000	B3	90	80	1	-2	-3.046717
323	93.500000	94.500000	E4	90	80	1	-1	-2.320150
324	94.500000	96.000000	D2	126	80	1	-5	-4.456078
325	95.000000	96.000000	C3	90	80	1	-5	-8.265166
326	95.000000	96.000000	E3	90	80	1	-4	-4.139458
327	95.000000	96.000000	A3	90	80	1	-2	-2.507290
328	95.000000	96.000000	D4	90	80	1	-1	-2.320150
329	96.000000	97.500000	D2	126	80	1	-5	-5.451251
330	96.500000	97.500000	C3	90	80	1	-5	-8.265166
331	96.500000	97.500000	F#3	90	80	1	-3	-5.669550
332	96.500000	97.500000	A3	90	80	1	-2	-2.872099
333	96.500000	97.500000	D4	90	80	1	-1	-2.320150
334	97.500000	98.250000	F#5	45	80	0	2	-7.534385
335	97.500000	99.000000	D2	126	80	1	-5	-5.451251
336	98.000000	99.000000	A3	90	80	1	-4	-5.094177
337	98.000000	99.000000	C4	90	80	1	-2	-2.359478
338	98.000000	99.000000	F4	90	80	1	-1	-2.320150
339	98.250000	99.000000	A5	45	80	0	4	-3.580467
340	99.000000	99.750000	G5	45	80	0	3	-2.238713
341	99.000000	100.500000	D2	126	80	1	-5	-4.456078
342	99.500000	100.500000	A3	90	80	1	-4	-5.094177
343	99.500000	100.500000	C4	90	80	1	-2	-2.359478
344	99.500000	100.500000	E4	90	80	1	-1	-2.415329
345	99.750000	100.500000	F#5	45	80	0	2	-3.151465
346	100.500000	101.250000	C#5	45	80	0	1	-3.434905
347	100.500000	102.000000	D2	126	80	1	-5	-4.456078
348	101.000000	102.000000	D3	90	80	1	-5	-5.534856
349	101.000000	102.000000	G3	90	80	1	-3	-3.463793
350	101.000000	102.000000	B3	90	80	1	-2	-3.046717
351	101.000000	102.000000	E4	90	80	1	-1	-2.320150
352	101.250000	102.000000	B4	63	80	0	2	-7.583777
353	102.000000	102.750000	C#5	63	80	0	3	-3.409656
354	102.000000	103.500000	D2	126	80	1	-5	-4.456078
355	102.500000	103.500000	C3	90	80	1	-5	-8.265166
356	102.500000	103.500000	E3	90	80	1	-4	-4.139458
357	102.500000	103.500000	A3	90	80	1	-2	-2.507290
358	102.500000	103.500000	D4	90	80	1	-1	-2.320150
359	102.750000	103.500000	D5	63	80	0	4	-3.868143
360	103.500000	105.750000	A4	45	80	0	2	-3.266530
361	103.500000	105.000000	D2	126	80	1	-5	-5.451251
362	104.000000	105.000000	C3	90	80	1	-5	-8.265166
363	104.000000	105.000000	F#3	90	80	1	-3	-5.669550
364	104.000000	105.000000	A3	90	80	1	-2	-2.872099
365	104.000000	105.000000	D4	90	80	1	-1	-2.320150
366	105.000000	106.500000	E2	126	80	1	-5	-5.805721
367	105.500000	106.500000	B3	90	80	1	-4	-5.094177
368	105.500000	106.500000	E4	90	80	1	-2	-2.507290
369	105.500000	106.500000	G4	90	80	1	-1	-2.415329
370	105.750000	114.750000	F#4	45	80	0	1	-3.967913
371	106.500000	108.000000	E2	126	80	1	-5	-4.456078
372	107.000000	108.000000	A3	90	80	1	-4	-8.234056
373	107.000000	108.000000	D4	90	80	1	-3	-4.903386
374	107.000000	108.000000	F4	90	80	1	-2	-3.046717
375	107.000000	108.000000	A4	90	80	1	-1	-2.415329
376	108.000000	109.500000	E2	126	80	1	-5	-4.456078
377	108.500000	109.500000	A3	90	80	1	-4	-8.234056
378	108.500000	109.500000	C4	90	80	1	-2	-2.359478
379	108.500000	109.500000	F4	90	80	1	-1	-2.320150
380	109.500000	111.000000	E2	126	80	1	-5	-4.456078
381	110.000000	111.000000	C4	90	80	1	-3	-8.212705
382	110.000000	111.000000	E4	90	80	1	-2	-3.046717
383	110.000000	111.000000	A4	90	80	1	-1	-2.320150
384	111.000000	112.500000	E2	126	80	1	-5	-4.456078
385	111.500000	112.500000	A3	90	80	1	-4	-8.234056
386	111.500000	112.500000	C4	90	80	1	-3	-4.675518
387	111.500000	112.500000	F4	90	80	1	-2	-3.936874
388	111.500000	112.500000	A4	90	80	1	-1	-2.415329
389	112.500000	114.000000	E2	126	80	1	-5	-4.456078
390	113.000000	113.500000	B2	126	80	1	-2	-2.554480
391	113.500000	114.000000	E3	126	80	1	-1	-2.320150
392	114.000000	115.500000	A2	90	80	1	-5	-3.242781
393	114.000000	115.500000	G3	90	80	1	-1	-3.610078
394	115.500000	116.250000	F#5	45	80	0	4	-3.867317
395	115.500000	117.000000	D2	90	80	1	-5	-3.781310
396	115.500000	117.000000	A2	90	80	1	-2	-2.554480
397	115.500000	117.000000	D3	90	80	1	-1	-2.320150
398	116.250000	117.000000	A5	45	80	0	5	-3.871087
399	117.000000	117.750000	G5	45	80	0	4	-2.814339
400	117.750000	118.500000	F#5	45	80	0	3	-3.226506
401	118.500000	119.250000	C#5	45	80	0	2	-5.150975
402	119.250000	120.000000	B4	45	80	0	1	-3.360143
403	120.000000	120.750000	C#5	45	80	0	2	-3.246278
404	120.750000	121.500000	D5	45	80	0	3	-3.686981
405	121.500000	123.750000	A4	63	80	0	1	-2.905888
406	123.750000	126.000000	C#5	63	80	0	2	-3.275273
407	126.000000	128.250000	F#5	63	80	0	5	-3.228870
408	128.250000	135.000000	E4	63	80	0	1	-4.990776
409	135.000000	135.750000	A4	63	80	0	2	-2.963617
410	135.750000	136.500000	B4	63	80	0	3	-2.675961
411	136.500000	137.250000	C5	63	80	0	4	-2.883688
412	137.250000	138.000000	E5	63	80	0	5	-3.402079
413	138.000000	138.750000	D5	63	80	0	4	-2.814339
414	138.750000	139.500000	B4	63	80	0	2	-3.359779
415	139.500000	140.250000	D5	81	80	0	3	-3.012122
416	140.250000	141.000000	C5	81	80	0	2	-2.287533
417	141.000000	141.750000	B4	81	80	0	1	-2.609267
418	141.750000	145.500000	D5	63	80	0	2	-2.525967
419	145.500000	146.250000	D5	63	80	0	1	-4.802885
420	146.250000	147.000000	E5	63	80	0	2	-2.867384
421	147.000000	147.750000	F5	63	80	0	3	-2.675961
422	147.750000	148.500000	G5	63	80	0	4	-2.883688
423	148.500000	149.250000	A5	63	80	0	5	-2.706622
424	149.250000	150.000000	C5	63	80	0	1	-2.845304
425	150.000000	150.750000	D5	63	80	0	2	-2.867384
426	150.750000	151.500000	E5	81	80	0	3	-2.675961
427	151.500000	152.250000	D5	81	80	0	2	-2.287533
428	152.250000	153.000000	B4	81	80	0	1	-3.157580
429	153.000000	156.750000	D5	81	80	0	2	-2.525967
430	156.750000	157.500000	D5	63	80	0	2	-4.554564
431	157.500000	159.750000	G5	63	80	0	4	-2.909306
432	159.750000	162.000000	F5	63	80	0	3	-2.238713
433	162.000000	162.750000	B4	81	80	0	1	-3.310457
434	162.750000	163.500000	C5	81	80	0	2	-2.867384
435	163.500000	164.250000	F5	81	80	0	5	-3.228870
436	164.250000	165.000000	E5	81	80	0	4	-2.814339
437	165.000000	165.750000	D5	81	80	0	3	-2.238713
438	165.750000	166.500000	C5	81	80	0	2	-2.287533
439	166.500000	167.250000	E5	81	80	0	4	-2.758588
440	167.250000	168.000000	D5	81	80	0	3	-2.238713
441	168.000000	168.750000	C5	81	80	0	2	-2.287533
442	168.750000	171.000000	F4	63	80	0	1	-4.740672
443	169.500000	170.250000	A3	90	80	0	1	-6.259598
444	169.500000	170.250000	D4	90	80	0	2	-2.963617
445	170.250000	171.000000	B3	90	80	0	1	-3.157580
446	170.250000	171.000000	D4	90	80	0	2	-2.525967
447	170.250000	171.000000	G4	90	80	0	4	-2.909306
448	171.000000	173.250000	C4	90	80	0	1	-2.857522
449	171.000000	173.250000	E4	90	80	0	2	-2.525967
450	171.000000	173.250000	A4	90	80	0	4	-2.909306
451	171.000000	173.250000	C5	90	80	0	5	-3.402079
452	173.250000	175.500000	D4	90	80	0	1	-3.027253
453	173.250000	175.500000	F4	90	80	0	2	-2.525967
454	173.250000	175.500000	A4	90	80	0	3	-3.012122
455	173.250000	175.500000	D5	90	80	0	5	-3.128600
