//Version: PianoFingering_v170101
1	0.000000	1.500000	C4	90	80	0	1	-0.925785
2	0.000000	1.500000	G4	90	80	0	3	-3.751952
3	0.000000	1.500000	C5	90	80	0	5	-3.128600
4	0.000000	1.500000	C3	90	80	1	-5	-0.504576
5	0.000000	1.500000	G3	90	80	1	-3	-3.416097
6	0.000000	1.500000	B-3	90	80	1	-2	-3.407298
7	0.000000	1.500000	E4	90	80	1	-1	-4.366821
8	1.500000	3.000000	C4	90	80	0	1	-1.922714
9	1.500000	3.000000	G4	90	80	0	3	-3.751952
10	1.500000	3.000000	C5	90	80	0	5	-3.128600
11	1.500000	3.000000	C3	90	80	1	-5	-4.233080
12	1.500000	3.000000	G3	90	80	1	-3	-3.416097
13	1.500000	3.000000	B-3	90	80	1	-2	-3.407298
14	1.500000	3.000000	E4	90	80	1	-1	-4.366821
15	3.000000	3.750000	C4	90	80	0	1	-1.922714
16	3.000000	3.750000	G4	90	80	0	3	-3.751952
17	3.000000	3.750000	C5	90	80	0	5	-3.128600
18	3.000000	3.500000	C3	90	80	1	-5	-4.233080
19	3.000000	3.500000	G3	90	80	1	-3	-3.416097
20	3.000000	3.500000	B-3	90	80	1	-2	-3.407298
21	3.000000	3.500000	E4	90	80	1	-1	-4.366821
22	3.750000	4.000000	C4	126	80	0	1	-1.922714
23	4.000000	4.500000	C4	127	80	0	1	-4.507997
24	4.500000	6.000000	C4	90	80	0	1	-4.507997
25	4.500000	6.000000	G4	90	80	0	3	-3.751952
26	4.500000	6.000000	C5	90	80	0	5	-3.128600
27	4.500000	6.000000	C3	90	80	1	-5	-4.233080
28	4.500000	6.000000	G3	90	80	1	-3	-3.416097
29	4.500000	6.000000	B-3	90	80	1	-2	-3.407298
30	4.500000	6.000000	E4	90	80	1	-1	-4.366821
31	6.000000	6.750000	C4	90	80	0	1	-1.922714
32	6.000000	6.750000	G4	90	80	0	3	-3.751952
33	6.000000	6.750000	C5	90	80	0	5	-3.128600
34	6.000000	6.500000	C3	90	80	1	-5	-4.233080
35	6.000000	6.500000	G3	90	80	1	-3	-3.416097
36	6.000000	6.500000	B-3	90	80	1	-2	-3.407298
37	6.000000	6.500000	E4	90	80	1	-1	-4.366821
38	6.750000	7.000000	C4	126	80	0	1	-1.922714
39	7.000000	7.500000	C4	127	80	0	1	-4.507997
40	7.500000	8.250000	C4	90	80	0	1	-4.507997
41	7.500000	8.250000	G4	90	80	0	3	-3.751952
42	7.500000	8.250000	C5	90	80	0	5	-3.128600
43	7.500000	8.000000	C3	90	80	1	-5	-4.233080
44	7.500000	8.000000	G3	90	80	1	-3	-3.416097
45	7.500000	8.000000	B-3	90	80	1	-2	-3.407298
46	7.500000	8.000000	E4	90	80	1	-1	-4.366821
47	8.250000	8.500000	C4	126	80	0	1	-1.922714
48	8.500000	9.000000	C4	127	80	0	1	-4.507997
49	9.000000	9.750000	C4	90	80	0	1	-4.507997
50	9.000000	9.750000	G4	90	80	0	3	-3.751952
51	9.000000	9.750000	C5	90	80	0	5	-3.128600
52	9.000000	9.500000	C3	90	80	1	-5	-4.233080
53	9.000000	9.500000	G3	90	80	1	-3	-3.416097
54	9.000000	9.500000	B-3	90	80	1	-2	-3.407298
55	9.000000	9.500000	E4	90	80	1	-1	-4.366821
56	9.750000	10.000000	C4	126	80	0	1	-1.922714
57	10.000000	10.500000	C4	127	80	0	1	-4.507997
58	10.500000	11.250000	C4	90	80	0	1	-4.507997
59	10.500000	11.250000	G4	90	80	0	3	-3.751952
60	10.500000	11.250000	C5	90	80	0	5	-3.128600
61	10.500000	11.000000	C3	90	80	1	-5	-4.233080
62	10.500000	11.000000	G3	90	80	1	-3	-3.416097
63	10.500000	11.000000	B-3	90	80	1	-2	-3.407298
64	10.500000	11.000000	E4	90	80	1	-1	-4.366821
65	11.250000	11.500000	C4	126	80	0	1	-1.922714
66	11.500000	12.000000	C4	127	80	0	1	-4.507997
67	12.000000	12.109890	C5	127	80	0	2	-6.638459
68	12.000000	12.500000	C3	90	80	1	-5	-4.233080
69	12.000000	12.500000	G3	90	80	1	-3	-3.416097
70	12.000000	12.500000	B-3	90	80	1	-2	-3.407298
71	12.000000	12.500000	E4	90	80	1	-1	-4.366821
72	12.109890	12.219780	D-5	63	80	0	3	-3.190537
73	12.219780	12.329670	B4	63	80	0	1	-3.984578
74	12.329670	12.439560	C5	63	80	0	2	-2.867384
75	12.439560	12.547087	D-5	63	80	0	3	-3.190537
76	12.547087	12.654614	B4	63	80	0	1	-3.984578
77	12.654614	12.762141	C5	63	80	0	2	-2.867384
78	12.762141	12.867404	D-5	63	80	0	3	-3.190537
79	12.867404	12.972667	B4	63	80	0	1	-3.984578
80	12.972667	13.077931	C5	63	80	0	2	-2.867384
81	13.077931	13.181023	D-5	63	80	0	3	-3.190537
82	13.181023	13.284116	C5	63	80	0	2	-2.803601
83	13.284116	13.387209	C#5	63	80	0	3	-3.190537
84	13.387209	13.490302	D5	63	80	0	4	-3.868143
85	13.490302	13.593394	B#4	63	80	0	1	-4.636880
86	13.593394	13.696487	C#5	63	80	0	2	-3.900292
87	13.696487	13.799580	D5	63	80	0	3	-3.686981
88	13.799580	13.902673	B#4	63	80	0	2	-2.287533
89	13.902673	14.005766	C#5	63	80	0	3	-3.190537
90	14.005766	14.108858	D5	63	80	0	4	-3.868143
91	14.108858	14.211951	B#4	63	80	0	1	-4.636880
92	14.211951	14.315044	C#5	63	80	0	2	-3.900292
93	14.315044	14.418137	D5	63	80	0	3	-3.686981
94	14.418137	14.521230	C#5	63	80	0	2	-3.151465
95	14.521230	14.624322	D5	63	80	0	3	-3.686981
96	14.624322	14.727415	E-5	63	80	0	4	-4.152325
97	14.727415	14.830508	C#5	63	80	0	3	-2.238713
98	14.830508	14.933601	D5	63	80	0	1	-4.595018
99	14.933601	15.036693	E-5	63	80	0	2	-3.900292
100	15.036693	15.139786	D5	63	80	0	1	-3.290753
101	15.139786	15.242879	E-5	63	80	0	2	-3.900292
102	15.242879	15.345972	F-5	63	80	0	3	-3.686981
103	15.345972	15.449065	D5	63	80	0	2	-2.287533
104	15.449065	15.552157	E-5	63	80	0	3	-3.190537
105	15.552157	15.655250	F-5	63	80	0	4	-3.868143
106	15.655250	15.758343	E-5	63	80	0	3	-3.226506
107	15.758343	15.861436	E5	63	80	0	4	-3.868143
108	15.861436	15.964528	F5	63	80	0	5	-2.706622
109	15.964528	16.067621	D#5	63	80	0	3	-4.229469
110	16.067621	16.170714	E5	63	80	0	1	-4.595018
111	16.170714	16.273807	F5	63	80	0	2	-2.867384
112	16.273807	16.376900	E5	63	80	0	1	-2.609267
113	16.376900	16.482163	F5	99	80	0	2	-2.867384
114	16.482163	16.587426	G-5	99	80	0	3	-3.190537
115	16.587426	16.694953	F5	99	80	0	2	-2.803601
116	16.694953	16.802480	F#5	99	80	0	3	-3.190537
117	16.802480	16.912370	G5	99	80	0	1	-4.595018
118	16.912370	17.022260	G#5	99	80	0	2	-3.900292
119	17.022260	17.127523	A5	99	80	0	3	-3.686981
120	17.127523	17.232786	G5	99	80	0	2	-2.287533
121	17.232786	17.338049	F5	99	80	0	1	-2.609267
122	17.338049	17.443313	C5	99	80	0	2	-6.524929
123	17.443313	17.548576	E5	99	80	0	4	-2.758588
124	17.548576	17.653839	D5	99	80	0	3	-2.238713
125	17.653839	17.759102	C5	99	80	0	2	-2.287533
126	17.759102	17.864365	A4	99	80	0	1	-3.157580
127	17.864365	17.969628	A5	99	80	0	5	-2.242366
128	17.969628	18.074892	G5	99	80	0	4	-2.814339
129	18.074892	18.180155	F5	99	80	0	3	-2.238713
130	18.180155	18.285418	D5	99	80	0	1	-3.281335
131	18.285418	18.390681	E5	99	80	0	4	-5.307440
132	18.390681	18.495944	D5	99	80	0	3	-2.238713
133	18.495944	18.601207	C5	99	80	0	2	-2.287533
134	18.601207	18.706470	A4	99	80	0	1	-3.157580
135	18.706470	18.811734	A5	99	80	0	5	-2.242366
136	18.811734	18.916997	G5	99	80	0	4	-2.814339
137	18.916997	19.022260	F5	99	80	0	3	-2.238713
138	19.022260	19.127523	D5	99	80	0	1	-3.281335
139	19.127523	19.232786	E5	99	80	0	4	-5.307440
140	19.232786	19.338049	D5	99	80	0	3	-2.238713
141	19.338049	19.443313	C5	99	80	0	2	-2.287533
142	19.443313	19.548576	A4	99	80	0	1	-3.157580
143	19.548576	19.653839	E5	99	80	0	4	-4.054949
144	19.653839	19.759102	D5	99	80	0	3	-2.238713
145	19.759102	19.864365	C5	99	80	0	2	-2.287533
146	19.864365	19.969628	A4	99	80	0	1	-3.157580
147	19.969628	20.074892	E5	99	80	0	4	-4.054949
148	20.074892	20.180155	D5	99	80	0	3	-2.238713
149	20.180155	20.285418	C5	99	80	0	2	-2.287533
150	20.285418	20.390681	A4	99	80	0	1	-3.157580
151	20.390681	20.495944	E5	99	80	0	4	-4.054949
152	20.495944	20.601207	D5	99	80	0	3	-2.238713
153	20.601207	20.706470	C5	99	80	0	2	-2.287533
154	20.706470	20.811734	A4	99	80	0	1	-3.157580
155	20.811734	20.916997	F4	99	80	0	3	-5.936950
156	20.916997	21.022260	E4	99	80	0	2	-2.287533
157	21.022260	21.127523	F4	99	80	0	3	-2.675961
158	21.127523	21.232786	A4	99	80	0	5	-2.681011
159	21.232786	21.338049	C5	99	80	0	1	-6.440580
160	21.338049	21.443313	E5	99	80	0	2	-2.525967
161	21.443313	21.548576	F5	99	80	0	3	-2.675961
162	21.548576	21.653839	A5	99	80	0	1	-6.001050
163	21.653839	21.759102	C6	99	80	0	2	-2.525967
164	21.759102	21.864365	E6	99	80	0	4	-2.758588
165	21.864365	21.969628	F6	99	80	0	5	-2.706622
166	21.969628	22.074892	C6	99	80	0	2	-3.071676
167	22.074892	22.180155	A6	99	80	0	5	-3.767315
168	22.180155	22.285418	G6	99	80	0	4	-2.814339
169	22.285418	22.390681	F6	99	80	0	3	-2.238713
170	22.390681	22.495944	C6	99	80	0	2	-5.150975
171	22.495944	22.601207	E6	99	80	0	4	-2.758588
172	22.601207	22.706470	D6	99	80	0	3	-2.238713
173	22.706470	22.811734	C6	99	80	0	2	-2.287533
174	22.811734	22.916997	A5	99	80	0	1	-3.157580
175	22.916997	23.022260	A6	99	80	0	5	-2.242366
176	23.022260	23.127523	G6	99	80	0	4	-2.814339
177	23.127523	23.232786	F6	99	80	0	3	-2.238713
178	23.232786	23.338049	D6	99	80	0	1	-3.281335
179	23.338049	23.443313	E6	99	80	0	4	-5.307440
180	23.443313	23.548576	D6	99	80	0	3	-2.238713
181	23.548576	23.653839	C6	99	80	0	2	-2.287533
182	23.653839	23.759102	A5	99	80	0	1	-3.157580
183	23.759102	23.864365	A6	99	80	0	5	-2.242366
184	23.864365	23.969628	G6	99	80	0	4	-2.814339
185	23.969628	24.074892	F6	99	80	0	3	-2.238713
186	24.000000	25.500000	F3	99	80	1	-5	-3.181034
187	24.074892	24.180155	D6	99	80	0	1	-3.281335
188	24.180155	24.285418	E6	99	80	0	4	-5.307440
189	24.285418	24.390681	D6	99	80	0	3	-2.238713
190	24.390681	24.495944	C6	99	80	0	2	-2.287533
191	24.495944	24.601207	A5	99	80	0	1	-3.157580
192	24.500000	25.000000	A3	90	80	1	-3	-3.170876
193	24.500000	25.000000	C4	90	80	1	-2	-3.046717
194	24.500000	25.000000	F4	90	80	1	-1	-2.320150
195	24.601207	24.706470	E6	99	80	0	4	-4.054949
196	24.706470	24.811734	D6	99	80	0	3	-2.238713
197	24.811734	24.916997	C6	99	80	0	2	-2.287533
198	24.916997	25.022260	A5	99	80	0	1	-3.157580
199	25.000000	25.500000	B-3	90	80	1	-4	-4.339145
200	25.000000	25.500000	D4	90	80	1	-2	-2.871001
201	25.000000	25.500000	F4	90	80	1	-1	-2.415329
202	25.022260	25.127523	E6	99	80	0	4	-4.054949
203	25.127523	25.232786	D6	99	80	0	3	-2.238713
204	25.232786	25.338049	C6	99	80	0	2	-2.287533
205	25.338049	25.443313	A5	99	80	0	1	-3.157580
206	25.443313	25.548576	E6	99	80	0	4	-4.054949
207	25.500000	27.000000	F3	99	80	1	-5	-2.314770
208	25.548576	25.653839	D6	99	80	0	3	-2.238713
209	25.653839	25.759102	C6	99	80	0	2	-2.287533
210	25.759102	25.864365	A5	99	80	0	1	-3.157580
211	25.864365	25.969628	F5	99	80	0	3	-5.936950
212	25.969628	26.074892	E5	99	80	0	2	-2.287533
213	26.000000	26.500000	A3	90	80	1	-3	-3.170876
214	26.000000	26.500000	C4	90	80	1	-2	-3.046717
215	26.000000	26.500000	F4	90	80	1	-1	-2.320150
216	26.074892	26.180155	F5	99	80	0	1	-5.369497
217	26.180155	26.306205	A5	99	80	0	2	-2.525967
218	26.306205	26.432256	C6	99	80	0	3	-3.012122
219	26.432256	26.558306	F6	99	80	0	1	-5.548003
220	26.500000	27.000000	B-3	90	80	1	-4	-4.339145
221	26.500000	27.000000	D4	90	80	1	-2	-2.871001
222	26.500000	27.000000	F4	90	80	1	-1	-2.415329
223	26.558306	26.810407	F7	105	80	0	5	-2.242366
224	27.000000	28.500000	F3	99	80	1	-5	-2.314770
225	27.062508	27.314608	C5	99	80	0	1	-6.163296
226	27.314608	27.419872	A5	81	80	0	5	-3.707830
227	27.419872	27.525135	G5	81	80	0	4	-2.814339
228	27.500000	28.000000	A3	90	80	1	-3	-3.170876
229	27.500000	28.000000	C4	90	80	1	-2	-3.046717
230	27.500000	28.000000	F4	90	80	1	-1	-2.320150
231	27.525135	27.630398	F5	81	80	0	3	-2.238713
232	27.630398	27.735661	C5	81	80	0	2	-5.150975
233	27.735661	27.840924	E5	81	80	0	4	-2.758588
234	27.840924	27.946187	D5	81	80	0	3	-2.238713
235	27.946187	28.051451	C5	81	80	0	2	-2.287533
236	28.000000	28.500000	B-3	90	80	1	-4	-4.339145
237	28.000000	28.500000	D4	90	80	1	-2	-2.871001
238	28.000000	28.500000	F4	90	80	1	-1	-2.415329
239	28.051451	28.156714	A4	81	80	0	1	-3.157580
240	28.156714	28.261977	A5	81	80	0	5	-2.242366
241	28.261977	28.367240	G5	81	80	0	4	-2.814339
242	28.367240	28.472503	F5	81	80	0	3	-2.238713
243	28.472503	28.577766	D5	81	80	0	1	-3.281335
244	28.500000	30.000000	F3	99	80	1	-5	-2.314770
245	28.577766	28.683030	E5	81	80	0	4	-5.307440
246	28.683030	28.788293	D5	81	80	0	3	-2.238713
247	28.788293	28.893556	C5	81	80	0	2	-2.287533
248	28.893556	28.998819	A4	81	80	0	1	-3.157580
249	28.998819	29.104082	A5	81	80	0	5	-2.242366
250	29.000000	29.500000	A3	90	80	1	-3	-3.170876
251	29.000000	29.500000	C4	90	80	1	-2	-3.046717
252	29.000000	29.500000	F4	90	80	1	-1	-2.320150
253	29.104082	29.209345	G5	81	80	0	4	-2.814339
254	29.209345	29.314608	F5	81	80	0	3	-2.238713
255	29.314608	29.419872	D5	81	80	0	1	-3.281335
256	29.419872	29.525135	E5	81	80	0	4	-5.307440
257	29.500000	30.000000	A3	90	80	1	-4	-4.458307
258	29.500000	30.000000	C4	90	80	1	-2	-2.359478
259	29.500000	30.000000	F4	90	80	1	-1	-2.320150
260	29.525135	29.630398	D5	81	80	0	3	-2.238713
261	29.630398	29.735661	C5	81	80	0	2	-2.287533
262	29.735661	29.840924	A4	81	80	0	1	-3.157580
263	29.840924	29.946187	E5	81	80	0	4	-4.054949
264	29.946187	30.051451	D5	81	80	0	3	-2.238713
265	30.000000	30.500000	C3	99	80	1	-5	-3.781310
266	30.051451	30.156714	C5	81	80	0	2	-2.287533
267	30.156714	30.261977	A4	81	80	0	1	-3.157580
268	30.261977	30.367240	E5	81	80	0	4	-4.054949
269	30.367240	30.472503	D5	81	80	0	3	-2.238713
270	30.472503	30.577766	C5	81	80	0	2	-2.287533
271	30.500000	31.000000	B-3	90	80	1	-3	-6.877043
272	30.500000	31.000000	C4	90	80	1	-2	-2.872099
273	30.500000	31.000000	E4	90	80	1	-1	-2.415329
274	30.577766	30.683030	A4	81	80	0	1	-3.157580
275	30.683030	30.788293	E5	81	80	0	4	-4.054949
276	30.788293	30.893556	D5	81	80	0	3	-2.238713
277	30.893556	30.998819	C5	81	80	0	2	-2.287533
278	30.998819	31.104082	A4	81	80	0	1	-3.157580
279	31.000000	31.500000	B-3	90	80	1	-3	-6.025293
280	31.000000	31.500000	C4	90	80	1	-2	-2.872099
281	31.000000	31.500000	E4	90	80	1	-1	-2.415329
282	31.104082	31.209345	F4	81	80	0	3	-5.936950
283	31.209345	31.314608	E4	81	80	0	2	-2.287533
284	31.314608	31.419872	F4	81	80	0	3	-2.675961
285	31.419872	31.525135	A4	81	80	0	5	-2.681011
286	31.500000	32.000000	C3	99	80	1	-5	-4.233080
287	31.525135	31.630398	C5	81	80	0	1	-6.440580
288	31.630398	31.735661	E5	81	80	0	2	-2.525967
289	31.735661	31.840924	F5	81	80	0	3	-2.675961
290	31.840924	31.946187	A5	81	80	0	1	-6.001050
291	31.946187	32.051451	C6	81	80	0	2	-2.525967
292	32.000000	32.500000	B-3	90	80	1	-3	-6.877043
293	32.000000	32.500000	C4	90	80	1	-2	-2.872099
294	32.000000	32.500000	E4	90	80	1	-1	-2.415329
295	32.051451	32.156714	E6	81	80	0	4	-2.758588
296	32.156714	32.261977	F6	81	80	0	5	-2.706622
297	32.261977	32.367240	C6	81	80	0	2	-3.071676
298	32.367240	32.472503	A6	81	80	0	5	-3.767315
299	32.472503	32.577766	G6	81	80	0	4	-2.814339
300	32.500000	33.000000	B-3	90	80	1	-3	-6.025293
301	32.500000	33.000000	C4	90	80	1	-2	-2.872099
302	32.500000	33.000000	E4	90	80	1	-1	-2.415329
303	32.577766	32.683030	F6	81	80	0	3	-2.238713
304	32.683030	32.788293	C6	81	80	0	2	-5.150975
305	32.788293	32.893556	E6	81	80	0	4	-2.758588
306	32.893556	32.998819	D6	81	80	0	3	-2.238713
307	32.998819	33.104082	C6	81	80	0	2	-2.287533
308	33.000000	33.500000	F2	99	80	1	-5	-5.805721
309	33.104082	33.209345	A5	81	80	0	1	-3.157580
310	33.209345	33.314608	A6	81	80	0	5	-2.242366
311	33.314608	33.419872	G6	81	80	0	4	-2.814339
312	33.419872	33.525135	F6	81	80	0	3	-2.238713
313	33.500000	34.000000	A3	90	80	1	-2	-6.485069
314	33.500000	34.000000	C4	90	80	1	-1	-2.415329
315	33.525135	33.630398	D6	81	80	0	1	-3.281335
316	33.630398	33.735661	E6	81	80	0	4	-5.307440
317	33.735661	33.840924	D6	81	80	0	3	-2.238713
318	33.840924	33.946187	C6	81	80	0	2	-2.287533
319	33.946187	34.051451	A5	81	80	0	1	-3.157580
320	34.000000	34.500000	A3	90	80	1	-2	-3.291596
321	34.000000	34.500000	C4	90	80	1	-1	-2.415329
322	34.051451	34.156714	A6	81	80	0	5	-2.242366
323	34.156714	34.261977	G6	81	80	0	4	-2.814339
324	34.261977	34.367240	F6	81	80	0	3	-2.238713
325	34.367240	34.472503	D6	81	80	0	1	-3.281335
326	34.472503	34.577766	E6	81	80	0	4	-5.307440
327	34.500000	35.000000	F3	99	80	1	-5	-3.242781
328	34.577766	34.683030	D6	81	80	0	3	-2.238713
329	34.683030	34.788293	C6	81	80	0	2	-2.287533
330	34.788293	34.893556	A5	81	80	0	1	-3.157580
331	34.893556	34.998819	E6	81	80	0	4	-4.054949
332	34.998819	35.104082	D6	81	80	0	3	-2.238713
333	35.000000	35.500000	C4	90	80	1	-3	-3.416097
334	35.000000	35.500000	A4	90	80	1	-1	-4.439870
335	35.104082	35.209345	C6	81	80	0	2	-2.287533
336	35.209345	35.314608	A5	81	80	0	1	-3.157580
337	35.314608	35.419872	E6	81	80	0	4	-4.054949
338	35.419872	35.525135	D6	81	80	0	3	-2.238713
339	35.500000	36.000000	C4	90	80	1	-5	-3.730225
340	35.500000	36.000000	A4	90	80	1	-1	-4.009362
341	35.525135	35.630398	C6	81	80	0	2	-2.287533
342	35.630398	35.735661	A5	81	80	0	1	-3.157580
343	35.735661	35.840924	E6	81	80	0	4	-4.054949
344	35.840924	35.946187	D6	81	80	0	3	-2.238713
345	35.946187	36.051451	C6	81	80	0	2	-2.287533
346	36.000000	36.500000	F3	99	80	1	-5	-4.233080
347	36.051451	36.156714	A5	81	80	0	1	-3.157580
348	36.156714	36.261977	F5	81	80	0	3	-5.936950
349	36.261977	36.367240	E5	81	80	0	2	-2.287533
350	36.367240	36.472503	F5	81	80	0	1	-5.369497
351	36.472503	36.598554	A5	81	80	0	2	-2.525967
352	36.500000	37.000000	C4	90	80	1	-3	-3.416097
353	36.500000	37.000000	A4	90	80	1	-1	-4.439870
354	36.598554	36.724604	C6	81	80	0	3	-3.012122
355	36.724604	36.850654	F6	81	80	0	1	-5.548003
356	36.850654	37.102755	F7	87	80	0	5	-2.242366
357	37.000000	37.500000	D4	90	80	1	-4	-3.752799
358	37.000000	37.500000	B-4	90	80	1	-1	-4.009808
359	37.354856	38.125903	F5	81	80	0	1	-6.163296
360	37.500000	38.000000	F3	99	80	1	-5	-5.345987
361	38.000000	38.500000	C4	90	80	1	-3	-3.416097
362	38.000000	38.500000	A4	90	80	1	-1	-4.439870
363	38.125903	38.401132	E-5	126	80	0	3	-5.389440
364	38.500000	39.000000	D4	90	80	1	-4	-3.752799
365	38.500000	39.000000	B-4	90	80	1	-1	-4.009808
366	38.676362	38.813976	E-5	126	80	0	3	-4.378151
367	38.813976	38.951591	D5	126	80	0	2	-2.803601
368	38.951591	39.089206	E-5	126	80	0	3	-3.190537
369	39.000000	39.500000	F3	99	80	1	-5	-5.345987
370	39.089206	39.226821	F5	126	80	0	5	-3.635747
371	39.226821	39.871982	E-5	126	80	0	4	-4.424487
372	39.500000	40.000000	C4	90	80	1	-3	-3.416097
373	39.500000	40.000000	A4	90	80	1	-1	-4.439870
374	39.871982	40.147211	D5	126	80	0	3	-3.302559
375	40.000000	40.500000	D4	90	80	1	-4	-3.752799
376	40.000000	40.500000	B-4	90	80	1	-1	-4.009808
377	40.422441	40.560055	C5	126	80	0	2	-2.287533
378	40.500000	41.000000	F3	99	80	1	-5	-5.345987
379	40.560055	40.697670	B4	126	80	0	1	-2.609267
380	40.697670	40.835285	C5	126	80	0	2	-2.867384
381	40.835285	40.972899	G4	126	80	0	1	-3.434905
382	40.972899	41.295480	B-4	126	80	0	2	-3.246278
383	41.000000	41.500000	C4	90	80	1	-3	-3.416097
384	41.000000	41.500000	A4	90	80	1	-1	-4.439870
385	41.295480	41.618061	F4	126	80	0	1	-4.134704
386	41.500000	42.000000	A3	90	80	1	-5	-2.314770
387	41.500000	42.000000	F4	90	80	1	-1	-4.009362
388	42.000000	42.500000	C3	99	80	1	-5	-3.781310
389	42.215871	42.353485	F4	126	80	0	1	-4.507997
390	42.353485	42.491100	G4	126	80	0	2	-2.867384
391	42.491100	42.628715	A4	126	80	0	3	-2.675961
392	42.500000	43.000000	B-3	90	80	1	-3	-6.877043
393	42.500000	43.000000	C4	90	80	1	-2	-2.872099
394	42.500000	43.000000	E4	90	80	1	-1	-2.415329
395	42.628715	42.766329	B-4	126	80	0	4	-4.152325
396	42.766329	42.903944	B4	126	80	0	1	-5.276270
397	42.903944	43.041559	C5	126	80	0	2	-2.867384
398	43.000000	43.500000	B-3	90	80	1	-3	-6.025293
399	43.000000	43.500000	C4	90	80	1	-2	-2.872099
400	43.000000	43.500000	E4	90	80	1	-1	-2.415329
401	43.041559	43.179173	D5	126	80	0	3	-2.675961
402	43.179173	43.316788	C5	126	80	0	2	-2.287533
403	43.316788	43.454403	G5	126	80	0	5	-3.528229
404	43.454403	43.592017	F5	126	80	0	4	-2.814339
405	43.500000	44.000000	C3	99	80	1	-5	-4.233080
406	43.592017	43.729632	C#5	126	80	0	2	-3.901124
407	43.729632	43.867247	D5	126	80	0	1	-4.072488
408	43.867247	44.004861	E-5	126	80	0	2	-3.900292
409	44.000000	44.500000	B-3	90	80	1	-2	-4.731534
410	44.000000	44.500000	C4	90	80	1	-1	-2.464298
411	44.000000	44.500000	A4	90	80	1	-1	-7.627055
412	44.004861	44.142476	D5	126	80	0	1	-3.290753
413	44.142476	44.280091	C6	99	80	0	5	-4.284649
414	44.280091	44.441381	B-5	99	80	0	4	-4.424487
415	44.441381	45.086542	F5	99	80	0	2	-4.058569
416	44.500000	45.000000	B-3	90	80	1	-5	-4.582913
417	44.500000	45.000000	C4	90	80	1	-4	-4.523458
418	44.500000	45.000000	G4	90	80	1	-1	-2.959487
419	45.000000	45.500000	F3	99	80	1	-5	-3.842215
420	45.086542	45.372257	E-5	99	80	0	1	-3.967913
421	45.500000	46.000000	A3	90	80	1	-4	-4.139458
422	45.500000	46.000000	F4	90	80	1	-1	-3.451917
423	45.657971	45.800828	E-5	99	80	0	3	-5.268790
424	45.800828	45.943685	D5	99	80	0	2	-2.803601
425	45.943685	46.086542	E-5	99	80	0	3	-3.190537
426	46.000000	46.500000	A3	90	80	1	-5	-3.730225
427	46.000000	46.500000	F4	90	80	1	-1	-4.009362
428	46.086542	46.224157	F5	99	80	0	5	-3.635747
429	46.224157	46.869318	E-5	99	80	0	4	-4.424487
430	46.500000	47.000000	F2	105	80	1	-5	-5.451251
431	46.869318	47.155033	D5	99	80	0	3	-3.302559
432	47.430262	47.567877	C5	99	80	0	2	-2.287533
433	47.567877	47.705491	B4	99	80	0	1	-2.609267
434	47.705491	47.843106	C5	99	80	0	2	-2.867384
435	47.843106	47.980721	G4	99	80	0	1	-3.434905
436	47.980721	48.303301	B-4	99	80	0	2	-3.246278
437	48.000000	49.500000	F3	81	80	1	-1	-1.202832
438	48.303301	48.625882	F4	99	80	0	1	-4.134704
439	48.500000	49.000000	A3	90	80	1	-4	-6.413364
440	48.500000	49.000000	C4	90	80	1	-2	-2.359478
441	48.500000	49.000000	F4	90	80	1	-1	-2.320150
442	49.000000	49.500000	B-3	90	80	1	-4	-4.339145
443	49.000000	49.500000	D4	90	80	1	-2	-2.871001
444	49.000000	49.500000	F4	90	80	1	-1	-2.415329
445	49.234177	49.377034	F4	99	80	0	1	-4.507997
446	49.377034	49.519891	G4	99	80	0	2	-2.867384
447	49.500000	51.000000	F3	81	80	1	-5	-2.314770
448	49.519891	49.657506	A4	99	80	0	3	-2.675961
449	49.657506	49.795121	B-4	99	80	0	4	-4.152325
450	49.795121	49.937978	B4	99	80	0	1	-5.276270
451	49.937978	50.080835	C5	99	80	0	2	-2.867384
452	50.000000	50.500000	A3	90	80	1	-3	-3.170876
453	50.000000	50.500000	C4	90	80	1	-2	-3.046717
454	50.000000	50.500000	F4	90	80	1	-1	-2.320150
455	50.080835	50.223692	D5	99	80	0	3	-2.675961
456	50.223692	50.366549	C5	99	80	0	2	-2.287533
457	50.366549	50.527839	G5	99	80	0	5	-3.528229
458	50.500000	51.000000	B-3	90	80	1	-4	-4.339145
459	50.500000	51.000000	D4	90	80	1	-2	-2.871001
460	50.500000	51.000000	F4	90	80	1	-1	-2.415329
461	50.527839	50.689130	F5	99	80	0	4	-2.814339
462	50.689130	51.011710	B-4	90	80	0	1	-3.577835
463	50.689130	51.011710	B-5	90	80	0	5	-2.242366
464	51.000000	52.500000	F3	81	80	1	-5	-2.314770
465	51.011710	51.169605	D5	81	80	0	1	-3.738292
466	51.169605	51.327500	E-5	81	80	0	2	-3.900292
467	51.327500	51.473131	F5	81	80	0	3	-3.265372
468	51.473131	51.618762	G5	81	80	0	4	-2.883688
469	51.500000	52.000000	A3	90	80	1	-3	-3.170876
470	51.500000	52.000000	C4	90	80	1	-2	-3.046717
471	51.500000	52.000000	F4	90	80	1	-1	-2.320150
472	51.618762	52.263923	F5	81	80	0	3	-2.238713
473	52.000000	52.500000	B-3	90	80	1	-4	-4.339145
474	52.000000	52.500000	D4	90	80	1	-2	-2.871001
475	52.000000	52.500000	F4	90	80	1	-1	-2.415329
476	52.263923	52.549638	E-5	81	80	0	2	-3.032881
477	52.500000	54.000000	F3	81	80	1	-5	-2.314770
478	52.824867	52.962482	E-5	81	80	0	3	-5.337046
479	52.962482	53.100096	D5	81	80	0	2	-2.803601
480	53.000000	53.500000	A3	90	80	1	-3	-3.170876
481	53.000000	53.500000	C4	90	80	1	-2	-3.046717
482	53.000000	53.500000	F4	90	80	1	-1	-2.320150
483	53.100096	53.237711	E-5	81	80	0	3	-3.190537
484	53.237711	53.375326	F5	81	80	0	5	-3.635747
485	53.375326	54.020487	E-5	81	80	0	4	-4.424487
486	53.500000	54.000000	A3	90	80	1	-4	-4.458307
487	53.500000	54.000000	C4	90	80	1	-2	-2.359478
488	53.500000	54.000000	F4	90	80	1	-1	-2.320150
489	54.000000	54.500000	C3	81	80	1	-5	-3.781310
490	54.020487	54.306201	D5	81	80	0	3	-3.302559
491	54.500000	55.000000	B-3	90	80	1	-3	-6.877043
492	54.500000	55.000000	C4	90	80	1	-2	-2.872099
493	54.500000	55.000000	E4	90	80	1	-1	-2.415329
494	54.581431	54.719045	C5	81	80	0	2	-2.287533
495	54.719045	54.856660	B4	81	80	0	1	-2.609267
496	54.856660	54.994275	C5	81	80	0	2	-2.867384
497	54.994275	55.131889	G4	81	80	0	1	-3.434905
498	55.000000	55.500000	B-3	90	80	1	-3	-6.025293
499	55.000000	55.500000	C4	90	80	1	-2	-2.872099
500	55.000000	55.500000	E4	90	80	1	-1	-2.415329
501	55.131889	55.454470	B-4	126	80	0	2	-3.246278
502	55.454470	55.777051	F4	126	80	0	1	-4.134704
503	55.500000	56.000000	C3	81	80	1	-5	-4.233080
504	56.000000	56.500000	B-3	90	80	1	-3	-6.877043
505	56.000000	56.500000	C4	90	80	1	-2	-2.872099
506	56.000000	56.500000	E4	90	80	1	-1	-2.415329
507	56.348479	56.491336	F4	126	80	0	1	-4.507997
508	56.491336	56.628951	G4	126	80	0	2	-2.867384
509	56.500000	57.000000	B-3	90	80	1	-3	-6.025293
510	56.500000	57.000000	C4	90	80	1	-2	-2.872099
511	56.500000	57.000000	E4	90	80	1	-1	-2.415329
512	56.628951	56.766566	A4	126	80	0	3	-2.675961
513	56.766566	56.904180	B-4	126	80	0	4	-4.152325
514	56.904180	57.041795	B4	126	80	0	1	-5.276270
515	57.000000	57.500000	F2	81	80	1	-5	-5.805721
516	57.041795	57.179410	C5	126	80	0	2	-2.867384
517	57.179410	57.317024	D5	126	80	0	3	-2.675961
518	57.317024	57.454639	C5	126	80	0	2	-2.287533
519	57.454639	57.592254	G5	126	80	0	5	-3.528229
520	57.500000	58.000000	A3	90	80	1	-2	-6.485069
521	57.500000	58.000000	C4	90	80	1	-1	-2.415329
522	57.592254	57.729868	F5	126	80	0	4	-2.814339
523	57.729868	57.867483	C#5	126	80	0	2	-3.901124
524	57.867483	58.005098	D5	126	80	0	1	-4.072488
525	58.000000	58.500000	A3	90	80	1	-2	-3.291596
526	58.000000	58.500000	C4	90	80	1	-1	-2.415329
527	58.005098	58.142712	E-5	126	80	0	2	-3.900292
528	58.142712	58.280327	D5	126	80	0	1	-3.290753
529	58.280327	58.417942	C6	126	80	0	5	-4.284649
530	58.417942	58.579232	B-5	126	80	0	4	-4.424487
531	58.500000	59.000000	F3	81	80	1	-5	-3.242781
532	58.579232	59.224393	F5	126	80	0	2	-4.058569
533	59.000000	59.500000	C4	90	80	1	-3	-3.416097
534	59.000000	59.500000	A4	90	80	1	-1	-4.439870
535	59.224393	59.510108	E-5	126	80	0	1	-3.967913
536	59.500000	60.000000	C4	90	80	1	-5	-3.730225
537	59.500000	60.000000	A4	90	80	1	-1	-4.009362
538	59.785337	59.922952	E-5	126	80	0	3	-5.268790
539	59.922952	60.060566	D5	126	80	0	2	-2.803601
540	60.000000	60.500000	F3	81	80	1	-5	-4.233080
541	60.060566	60.198181	E-5	126	80	0	3	-3.190537
542	60.198181	60.335796	F5	126	80	0	5	-3.635747
543	60.335796	60.980957	E-5	126	80	0	4	-4.424487
544	60.500000	61.000000	C4	90	80	1	-3	-3.416097
545	60.500000	61.000000	A4	90	80	1	-1	-4.439870
546	60.980957	61.266671	D5	126	80	0	3	-3.302559
547	61.000000	61.500000	D4	90	80	1	-4	-3.752799
548	61.000000	61.500000	B-4	90	80	1	-1	-4.009808
549	61.500000	62.000000	F3	81	80	1	-5	-5.345987
550	61.552386	61.695243	C5	126	80	0	2	-2.287533
551	61.695243	61.838100	B4	126	80	0	1	-2.609267
552	61.838100	61.980957	C5	126	80	0	2	-2.867384
553	61.980957	62.123814	G4	126	80	0	1	-3.434905
554	62.000000	62.500000	C4	90	80	1	-3	-3.416097
555	62.000000	62.500000	A4	90	80	1	-1	-4.439870
556	62.123814	62.446395	B-4	126	80	0	2	-3.246278
557	62.446395	62.768975	F4	126	80	0	1	-4.134704
558	62.500000	63.000000	D4	90	80	1	-4	-3.752799
559	62.500000	63.000000	B-4	90	80	1	-1	-4.009808
560	63.000000	63.500000	F3	81	80	1	-5	-5.345987
561	63.329919	63.467534	F4	126	80	0	1	-4.507997
562	63.467534	63.605148	G4	126	80	0	2	-2.867384
563	63.500000	64.000000	C4	90	80	1	-3	-3.416097
564	63.500000	64.000000	A4	90	80	1	-1	-4.439870
565	63.605148	63.742763	A4	126	80	0	3	-2.675961
566	63.742763	63.880378	B-4	126	80	0	4	-4.152325
567	63.880378	64.023235	B4	126	80	0	1	-5.276270
568	64.000000	64.500000	D4	90	80	1	-4	-3.752799
569	64.000000	64.500000	B-4	90	80	1	-1	-4.009808
570	64.023235	64.166092	C5	126	80	0	2	-2.867384
571	64.166092	64.308949	D5	126	80	0	3	-2.675961
572	64.308949	64.454580	C5	126	80	0	2	-2.287533
573	64.454580	64.600211	G5	126	80	0	5	-3.528229
574	64.500000	65.000000	F3	81	80	1	-5	-5.345987
575	64.600211	64.745842	F5	126	80	0	4	-2.814339
576	64.745842	65.068423	B-4	90	80	0	1	-3.577835
577	64.745842	65.068423	B-5	90	80	0	5	-2.242366
578	65.000000	65.500000	C4	90	80	1	-3	-3.416097
579	65.000000	65.500000	A4	90	80	1	-1	-4.439870
580	65.500000	66.000000	A3	90	80	1	-5	-2.314770
581	65.500000	66.000000	F4	90	80	1	-1	-4.009362
582	65.713584	66.650008	E-5	126	80	0	4	-7.155402
583	66.000000	66.500000	C3	81	80	1	-5	-3.781310
584	66.500000	67.000000	B-3	90	80	1	-3	-6.877043
585	66.500000	67.000000	C4	90	80	1	-2	-2.872099
586	66.500000	67.000000	E4	90	80	1	-1	-2.415329
587	66.650008	67.523794	F4	126	80	0	1	-3.493957
588	67.000000	67.500000	B-3	90	80	1	-3	-6.025293
589	67.000000	67.500000	C4	90	80	1	-2	-2.872099
590	67.000000	67.500000	E4	90	80	1	-1	-2.415329
591	67.500000	68.000000	C3	81	80	1	-5	-4.233080
592	67.523794	67.799024	F4	103	80	0	1	-4.507997
593	67.799024	68.074253	B-4	103	80	0	2	-3.275273
594	68.000000	68.500000	B-3	90	80	1	-2	-4.731534
595	68.000000	68.500000	C4	90	80	1	-1	-2.464298
596	68.000000	68.500000	A4	90	80	1	-1	-7.627055
597	68.074253	68.349482	D5	103	80	0	4	-3.927704
598	68.349482	68.624712	F5	103	80	0	1	-6.131546
599	68.500000	69.000000	B-3	90	80	1	-5	-4.582913
600	68.500000	69.000000	C4	90	80	1	-4	-4.523458
601	68.500000	69.000000	G4	90	80	1	-1	-2.959487
602	68.624712	68.899941	B-5	103	80	0	2	-3.275273
603	68.899941	69.175170	G5	103	80	0	1	-3.360143
604	69.000000	69.500000	F3	81	80	1	-5	-3.842215
605	69.175170	70.111594	E-5	126	80	0	4	-7.341475
606	69.500000	70.000000	A3	90	80	1	-4	-4.139458
607	69.500000	70.000000	F4	90	80	1	-1	-3.451917
608	70.000000	70.500000	A3	90	80	1	-5	-3.730225
609	70.000000	70.500000	F4	90	80	1	-1	-4.009362
610	70.111594	70.985380	F4	126	80	0	1	-3.493957
611	70.500000	71.000000	F2	87	80	1	-5	-5.451251
612	70.985380	71.260610	B-5	103	80	0	5	-7.112706
613	71.260610	71.535839	G5	103	80	0	4	-4.503222
614	71.535839	71.811068	F5	103	80	0	3	-2.238713
615	71.811068	72.086298	D5	103	80	0	1	-3.281335
616	72.000000	72.500000	G2	126	80	1	-4	-3.907966
617	72.086298	72.361527	B-4	103	80	0	2	-7.583777
618	72.361527	72.636756	G4	103	80	0	1	-3.360143
619	72.500000	73.000000	E-3	90	80	1	-5	-7.531097
620	72.500000	73.000000	B-3	90	80	1	-2	-2.554480
621	72.500000	73.000000	E-4	90	80	1	-1	-2.320150
622	72.636756	73.573180	E-5	126	80	0	4	-4.298356
623	73.000000	73.500000	E-3	90	80	1	-5	-2.314770
624	73.000000	73.500000	B-3	90	80	1	-2	-2.554480
625	73.000000	73.500000	E-4	90	80	1	-1	-2.320150
626	73.500000	74.000000	A2	126	80	1	-5	-7.040401
627	73.573180	74.446966	F4	126	80	0	1	-3.493957
628	74.000000	74.500000	F3	90	80	1	-4	-6.359022
629	74.000000	74.500000	C4	90	80	1	-2	-3.734418
630	74.000000	74.500000	E-4	90	80	1	-1	-3.101885
631	74.446966	74.722196	F4	103	80	0	1	-4.507997
632	74.500000	75.000000	F3	90	80	1	-5	-4.087479
633	74.500000	75.000000	C4	90	80	1	-2	-2.554480
634	74.500000	75.000000	E-4	90	80	1	-1	-3.101885
635	74.722196	74.997425	B-4	103	80	0	2	-3.275273
636	74.997425	75.272654	D5	103	80	0	1	-5.799694
637	75.000000	75.500000	B-2	126	80	1	-5	-3.781310
638	75.272654	75.547884	F5	103	80	0	2	-2.525967
639	75.500000	76.000000	F3	90	80	1	-4	-6.683330
640	75.500000	76.000000	B-3	90	80	1	-2	-3.159098
641	75.500000	76.000000	D4	90	80	1	-1	-3.262923
642	75.547884	75.823113	B-5	103	80	0	4	-3.522723
643	75.823113	76.098342	G5	103	80	0	3	-3.914844
644	76.000000	76.500000	F3	90	80	1	-5	-3.730225
645	76.000000	76.500000	B-3	90	80	1	-3	-3.351805
646	76.000000	76.500000	D4	90	80	1	-1	-3.390615
647	76.098342	76.924030	E5	90	80	0	1	-3.281335
648	76.098342	76.167150	E5	90	80	0	2	-4.712397
649	76.167150	76.235957	F5	90	80	0	3	-2.675961
650	76.235957	76.304764	E5	90	80	0	2	-2.287533
651	76.304764	76.373572	F5	90	80	0	3	-2.675961
652	76.373572	76.442379	E5	90	80	0	2	-2.287533
653	76.442379	76.511186	F5	90	80	0	3	-2.675961
654	76.500000	77.000000	E-2	126	80	1	-5	-7.040401
655	76.511186	76.579994	E5	90	80	0	2	-2.287533
656	76.579994	76.648801	F5	90	80	0	3	-2.675961
657	76.648801	76.717608	E5	90	80	0	2	-2.287533
658	76.717608	76.786416	F5	90	80	0	3	-2.675961
659	76.786416	76.855223	E5	90	80	0	2	-2.287533
660	76.855223	76.924030	F5	90	80	0	3	-2.675961
661	76.924030	77.199260	F5	90	80	0	4	-5.516614
662	77.000000	77.500000	E-3	90	80	1	-4	-4.924626
663	77.000000	77.500000	A3	90	80	1	-2	-4.383116
664	77.000000	77.500000	C4	90	80	1	-1	-2.415329
665	77.199260	77.336874	A4	90	80	0	1	-2.969918
666	77.336874	77.474489	B-4	90	80	0	2	-3.900292
667	77.474489	77.749719	C5	90	80	0	1	-5.162135
668	77.500000	78.000000	E-3	90	80	1	-5	-4.114892
669	77.500000	78.000000	A3	90	80	1	-2	-4.656382
670	77.500000	78.000000	C4	90	80	1	-1	-2.415329
671	77.749719	78.575407	E5	90	80	0	2	-2.525967
672	77.749719	77.818526	E5	90	80	0	2	-4.554564
673	77.818526	77.887333	F5	90	80	0	3	-2.675961
674	77.887333	77.956141	E5	90	80	0	2	-2.287533
675	77.956141	78.024948	F5	90	80	0	3	-2.675961
676	78.000000	78.500000	F2	126	80	1	-5	-4.212346
677	78.024948	78.093755	E5	90	80	0	2	-2.287533
678	78.093755	78.162563	F5	90	80	0	3	-2.675961
679	78.162563	78.231370	E5	90	80	0	2	-2.287533
680	78.231370	78.300177	F5	90	80	0	3	-2.675961
681	78.300177	78.368985	E5	90	80	0	2	-2.287533
682	78.368985	78.437792	F5	90	80	0	3	-2.675961
683	78.437792	78.506599	E5	90	80	0	2	-2.287533
684	78.500000	79.000000	F3	90	80	1	-4	-4.924626
685	78.500000	79.000000	D4	90	80	1	-1	-3.451917
686	78.506599	78.575407	F5	90	80	0	3	-2.675961
687	78.575407	78.850636	F5	90	80	0	3	-4.378151
688	78.850636	79.011926	E5	90	80	0	2	-2.287533
689	79.000000	79.500000	F3	90	80	1	-5	-3.730225
690	79.000000	79.500000	D4	90	80	1	-1	-4.009362
691	79.011926	79.214629	G5	90	80	0	3	-3.012122
692	79.214629	79.620034	F5	90	80	0	2	-2.287533
693	79.500000	80.000000	F2	127	80	1	-5	-5.860818
694	79.620034	80.587776	E-5	90	80	0	1	-3.967913
695	79.620034	80.587776	E-6	90	80	0	5	-2.242366
696	80.000000	80.500000	F3	90	80	1	-4	-4.924626
697	80.000000	80.500000	B-3	90	80	1	-2	-3.159098
698	80.000000	80.500000	D4	90	80	1	-1	-3.262923
699	80.500000	81.000000	F3	90	80	1	-5	-3.730225
700	80.500000	81.000000	B-3	90	80	1	-3	-3.351805
701	80.500000	81.000000	D4	90	80	1	-1	-3.390615
702	80.587776	81.555518	F4	90	80	0	1	-14.827075
703	80.587776	81.555518	F5	90	80	0	5	-2.242366
704	81.000000	81.500000	A2	126	80	1	-5	-3.781310
705	81.500000	82.000000	F3	90	80	1	-4	-6.359022
706	81.500000	82.000000	C4	90	80	1	-2	-3.734418
707	81.500000	82.000000	E-4	90	80	1	-1	-3.101885
708	81.555518	81.842585	F5	103	80	0	1	-5.027158
709	81.842585	82.117815	B-5	103	80	0	2	-3.275273
710	82.000000	82.500000	F3	90	80	1	-5	-4.087479
711	82.000000	82.500000	C4	90	80	1	-2	-2.554480
712	82.000000	82.500000	E-4	90	80	1	-1	-3.101885
713	82.117815	82.393044	D6	103	80	0	1	-5.799694
714	82.393044	82.668273	F6	103	80	0	3	-3.473158
715	82.500000	83.000000	B-2	126	80	1	-5	-3.781310
716	82.668273	82.943503	B-6	103	80	0	5	-3.549127
717	82.943503	83.218732	G6	103	80	0	4	-4.503222
718	83.000000	83.500000	F3	90	80	1	-4	-6.683330
719	83.000000	83.500000	B-3	90	80	1	-2	-3.159098
720	83.000000	83.500000	D4	90	80	1	-1	-3.262923
721	83.218732	84.155156	E-5	90	80	0	1	-7.338864
722	83.218732	84.155156	E-6	90	80	0	5	-2.242366
723	83.500000	84.000000	F3	90	80	1	-5	-3.730225
724	83.500000	84.000000	B-3	90	80	1	-3	-3.351805
725	83.500000	84.000000	D4	90	80	1	-1	-3.390615
726	84.000000	84.500000	G2	99	80	1	-5	-4.212346
727	84.155156	85.028942	F4	90	80	0	1	-14.827075
728	84.155156	85.028942	F5	90	80	0	5	-2.242366
729	84.500000	85.000000	E-3	90	80	1	-4	-5.762335
730	84.500000	85.000000	B-3	90	80	1	-2	-3.734418
731	84.500000	85.000000	E-4	90	80	1	-1	-2.320150
732	85.000000	85.500000	E-3	90	80	1	-5	-2.314770
733	85.000000	85.500000	B-3	90	80	1	-2	-2.554480
734	85.000000	85.500000	E-4	90	80	1	-1	-2.320150
735	85.028942	85.308180	B-6	103	80	0	4	-8.213823
736	85.308180	85.583409	G6	103	80	0	3	-3.914844
737	85.500000	86.000000	A2	99	80	1	-5	-7.040401
738	85.583409	85.858638	F6	103	80	0	2	-2.287533
739	85.858638	86.133868	D6	103	80	0	1	-3.157580
740	86.000000	86.500000	F3	90	80	1	-4	-6.359022
741	86.000000	86.500000	C4	90	80	1	-2	-3.734418
742	86.000000	86.500000	E-4	90	80	1	-1	-3.101885
743	86.133868	86.409097	B-5	103	80	0	4	-7.341475
744	86.409097	86.684326	G5	103	80	0	2	-4.043146
745	86.500000	87.000000	F3	90	80	1	-5	-4.087479
746	86.500000	87.000000	C4	90	80	1	-2	-2.554480
747	86.500000	87.000000	E-4	90	80	1	-1	-3.101885
748	86.684326	87.620750	E-5	90	80	0	1	-3.898407
749	86.684326	87.620750	E-6	90	80	0	5	-2.242366
750	87.000000	87.500000	B-2	99	80	1	-5	-3.781310
751	87.500000	88.000000	F3	90	80	1	-4	-6.683330
752	87.500000	88.000000	B-3	90	80	1	-2	-3.159098
753	87.500000	88.000000	D4	90	80	1	-1	-3.262923
754	87.620750	88.494536	F4	90	80	0	1	-14.827075
755	87.620750	88.494536	F5	90	80	0	5	-2.242366
756	88.000000	88.500000	F3	90	80	1	-5	-3.730225
757	88.000000	88.500000	B-3	90	80	1	-3	-3.351805
758	88.000000	88.500000	D4	90	80	1	-1	-3.390615
759	88.494536	88.773774	F5	103	80	0	1	-5.027158
760	88.500000	89.000000	E-2	99	80	1	-5	-7.040401
761	88.773774	89.049003	B-5	103	80	0	2	-3.275273
762	89.000000	89.500000	E-3	90	80	1	-4	-4.924626
763	89.000000	89.500000	A3	90	80	1	-2	-4.383116
764	89.000000	89.500000	C4	90	80	1	-1	-2.415329
765	89.049003	89.324232	D6	103	80	0	1	-5.799694
766	89.324232	89.599462	F6	103	80	0	3	-3.473158
767	89.500000	90.000000	E-3	90	80	1	-5	-4.114892
768	89.500000	90.000000	A3	90	80	1	-2	-4.656382
769	89.500000	90.000000	C4	90	80	1	-1	-2.415329
770	89.599462	89.874691	B-6	103	80	0	5	-3.549127
771	89.874691	90.149921	G6	103	80	0	4	-4.503222
772	90.000000	90.500000	F2	99	80	1	-5	-4.212346
773	90.149921	90.975609	E5	90	80	0	1	-7.338864
774	90.149921	90.218728	E5	90	80	0	2	-4.712397
775	90.218728	90.287535	F5	90	80	0	3	-2.675961
776	90.287535	90.356343	E5	90	80	0	2	-2.287533
777	90.356343	90.425150	F5	90	80	0	3	-2.675961
778	90.425150	90.493957	E5	90	80	0	2	-2.287533
779	90.493957	90.562765	F5	90	80	0	3	-2.675961
780	90.500000	91.000000	F3	90	80	1	-4	-4.924626
781	90.500000	91.000000	D4	90	80	1	-1	-3.451917
782	90.562765	90.631572	E5	90	80	0	2	-2.287533
783	90.631572	90.700379	F5	90	80	0	3	-2.675961
784	90.700379	90.769187	E5	90	80	0	2	-2.287533
785	90.769187	90.837994	F5	90	80	0	3	-2.675961
786	90.837994	90.906801	E5	90	80	0	2	-2.287533
787	90.906801	90.975609	F5	90	80	0	3	-2.675961
788	90.975609	91.250838	F5	90	80	0	4	-5.516614
789	91.000000	91.500000	F3	90	80	1	-5	-3.730225
790	91.000000	91.500000	D4	90	80	1	-1	-4.009362
791	91.250838	91.388453	A4	90	80	0	1	-2.969918
792	91.388453	91.526067	B-4	90	80	0	2	-3.900292
793	91.500000	92.000000	F2	105	80	1	-5	-5.860818
794	91.526067	91.801297	C5	90	80	0	1	-5.162135
795	91.801297	92.626985	E5	90	80	0	2	-2.525967
796	91.801297	91.870104	E5	90	80	0	2	-4.554564
797	91.870104	91.938911	F5	90	80	0	3	-2.675961
798	91.938911	92.007719	E5	90	80	0	2	-2.287533
799	92.000000	92.500000	F3	90	80	1	-4	-4.924626
800	92.000000	92.500000	B-3	90	80	1	-2	-3.159098
801	92.000000	92.500000	D4	90	80	1	-1	-3.262923
802	92.007719	92.076526	F5	90	80	0	3	-2.675961
803	92.076526	92.145333	E5	90	80	0	2	-2.287533
804	92.145333	92.214141	F5	90	80	0	3	-2.675961
805	92.214141	92.282948	E5	90	80	0	2	-2.287533
806	92.282948	92.351755	F5	90	80	0	3	-2.675961
807	92.351755	92.420563	E5	90	80	0	2	-2.287533
808	92.420563	92.489370	F5	90	80	0	3	-2.675961
809	92.489370	92.558177	E5	90	80	0	2	-2.287533
810	92.500000	93.000000	F3	90	80	1	-5	-3.730225
811	92.500000	93.000000	B-3	90	80	1	-3	-3.351805
812	92.500000	93.000000	D4	90	80	1	-1	-3.390615
813	92.558177	92.626985	F5	90	80	0	3	-2.675961
814	92.626985	92.902214	F5	90	80	0	3	-4.378151
815	92.902214	93.063504	E5	90	80	0	2	-2.287533
816	93.000000	93.500000	A2	99	80	1	-5	-3.781310
817	93.063504	93.224795	G5	90	80	0	4	-2.758588
818	93.224795	93.547375	F5	90	80	0	3	-2.238713
819	93.500000	94.000000	F3	90	80	1	-4	-6.359022
820	93.500000	94.000000	C4	90	80	1	-2	-3.734418
821	93.500000	94.000000	E-4	90	80	1	-1	-3.101885
822	93.547375	94.592848	G-5	126	80	0	4	-4.152325
823	94.000000	94.500000	F3	90	80	1	-5	-4.087479
824	94.000000	94.500000	C4	90	80	1	-2	-2.554480
825	94.000000	94.500000	E-4	90	80	1	-1	-3.101885
826	94.500000	95.000000	B-2	81	80	1	-5	-3.781310
827	94.592848	95.560590	A-4	126	80	0	1	-3.549056
828	95.000000	95.500000	F3	90	80	1	-4	-6.683330
829	95.000000	95.500000	B-3	90	80	1	-2	-3.159098
830	95.000000	95.500000	D4	90	80	1	-1	-3.262923
831	95.560590	95.835819	A-4	103	80	0	1	-4.507997
832	95.835819	96.111048	D-5	103	80	0	2	-2.963617
833	96.000000	96.500000	G2	81	80	1	-5	-4.212346
834	96.111048	96.386278	F5	103	80	0	1	-5.799694
835	96.386278	96.661507	A-5	103	80	0	2	-3.246278
836	96.500000	97.000000	E-3	90	80	1	-4	-5.762335
837	96.500000	97.000000	B-3	90	80	1	-2	-3.734418
838	96.500000	97.000000	E-4	90	80	1	-1	-2.320150
839	96.661507	96.936736	D-6	103	80	0	4	-2.909306
840	96.936736	97.211966	B-5	103	80	0	2	-3.359779
841	97.000000	97.500000	E-3	90	80	1	-5	-2.314770
842	97.000000	97.500000	B-3	90	80	1	-2	-2.554480
843	97.000000	97.500000	E-4	90	80	1	-1	-2.320150
844	97.211966	98.148389	G-5	126	80	0	1	-3.157580
845	97.500000	98.000000	A2	81	80	1	-5	-7.040401
846	98.000000	98.500000	F3	90	80	1	-4	-6.359022
847	98.000000	98.500000	C4	90	80	1	-2	-3.734418
848	98.000000	98.500000	E-4	90	80	1	-1	-3.101885
849	98.148389	99.022176	A-4	126	80	0	1	-7.004864
850	98.500000	99.000000	F3	90	80	1	-5	-4.087479
851	98.500000	99.000000	C4	90	80	1	-2	-2.554480
852	98.500000	99.000000	E-4	90	80	1	-1	-3.101885
853	99.000000	99.500000	B-2	81	80	1	-5	-3.781310
854	99.022176	99.313438	D-6	103	80	0	5	-6.120276
855	99.313438	99.604700	B-5	103	80	0	3	-3.509161
856	99.500000	100.000000	F3	90	80	1	-4	-6.683330
857	99.500000	100.000000	B-3	90	80	1	-2	-3.159098
858	99.500000	100.000000	D4	90	80	1	-1	-3.262923
859	99.604700	99.895962	A-5	103	80	0	2	-2.287533
860	99.895962	100.210713	F5	103	80	0	1	-3.360143
861	100.000000	100.500000	F3	90	80	1	-5	-3.730225
862	100.000000	100.500000	B-3	90	80	1	-3	-3.351805
863	100.000000	100.500000	D4	90	80	1	-1	-3.390615
864	100.210713	100.579820	D-5	103	80	0	4	-7.341475
865	100.500000	101.000000	E-2	81	80	1	-5	-7.040401
866	100.579820	100.964435	B--4	103	80	0	2	-4.058569
867	100.964435	101.900858	G-5	126	80	0	5	-4.989350
868	101.000000	101.500000	E-3	90	80	1	-4	-4.924626
869	101.000000	101.500000	A3	90	80	1	-2	-4.383116
870	101.000000	101.500000	C4	90	80	1	-1	-2.415329
871	101.500000	102.000000	E-3	90	80	1	-5	-4.114892
872	101.500000	102.000000	A3	90	80	1	-2	-4.656382
873	101.500000	102.000000	C4	90	80	1	-1	-2.415329
874	101.900858	102.774645	A-4	126	80	0	1	-3.027253
875	102.000000	102.500000	F2	126	80	1	-5	-4.212346
876	102.500000	103.000000	F3	90	80	1	-4	-4.924626
877	102.500000	103.000000	D4	90	80	1	-1	-3.451917
878	102.774645	103.049874	A-4	103	80	0	1	-4.507997
879	103.000000	103.500000	F3	90	80	1	-5	-3.730225
880	103.000000	103.500000	D4	90	80	1	-1	-4.009362
881	103.049874	103.325104	D-5	103	80	0	2	-2.963617
882	103.325104	103.600333	F5	103	80	0	1	-5.799694
883	103.500000	104.000000	F2	127	80	1	-5	-5.860818
884	103.600333	103.875562	A-5	103	80	0	2	-3.246278
885	103.875562	104.150792	D-6	103	80	0	4	-2.909306
886	104.000000	104.500000	F3	90	80	1	-4	-4.924626
887	104.000000	104.500000	B-3	90	80	1	-2	-3.159098
888	104.000000	104.500000	D4	90	80	1	-1	-3.262923
889	104.150792	104.426021	C6	103	80	0	3	-3.302559
890	104.426021	105.299807	B5	90	80	0	2	-2.287533
891	104.426021	104.498837	B5	90	80	0	2	-4.554564
892	104.498837	104.571652	C6	90	80	0	3	-2.675961
893	104.500000	105.000000	F3	90	80	1	-5	-3.730225
894	104.500000	105.000000	B-3	90	80	1	-3	-3.351805
895	104.500000	105.000000	D4	90	80	1	-1	-3.390615
896	104.571652	104.644468	B5	90	80	0	2	-2.287533
897	104.644468	104.717283	C6	90	80	0	3	-2.675961
898	104.717283	104.790099	B5	90	80	0	2	-2.287533
899	104.790099	104.862914	C6	90	80	0	3	-2.675961
900	104.862914	104.935730	B5	90	80	0	2	-2.287533
901	104.935730	105.008545	C6	90	80	0	3	-2.675961
902	105.000000	105.500000	A2	126	80	1	-5	-3.781310
903	105.008545	105.081361	B5	90	80	0	2	-2.287533
904	105.081361	105.154176	C6	90	80	0	3	-2.675961
905	105.154176	105.226992	B5	90	80	0	2	-2.287533
906	105.226992	105.299807	C6	90	80	0	3	-2.675961
907	105.299807	105.591070	C6	90	80	0	4	-5.516614
908	105.500000	106.000000	F3	90	80	1	-4	-6.359022
909	105.500000	106.000000	C4	90	80	1	-2	-3.734418
910	105.500000	106.000000	E-4	90	80	1	-1	-3.101885
911	105.591070	105.736701	E5	90	80	0	1	-2.969918
912	105.736701	105.882332	F5	90	80	0	2	-2.867384
913	105.882332	106.173594	G5	90	80	0	3	-2.675961
914	106.000000	106.500000	F3	90	80	1	-5	-4.087479
915	106.000000	106.500000	C4	90	80	1	-2	-2.554480
916	106.000000	106.500000	E-4	90	80	1	-1	-3.101885
917	106.173594	107.141336	B5	90	80	0	5	-2.681011
918	106.173594	106.254239	B5	90	80	0	2	-6.327066
919	106.254239	106.334884	C6	90	80	0	3	-2.675961
920	106.334884	106.415529	B5	90	80	0	2	-2.287533
921	106.415529	106.496175	C6	90	80	0	3	-2.675961
922	106.496175	106.576820	B5	90	80	0	2	-2.287533
923	106.500000	107.000000	B-2	126	80	1	-5	-3.781310
924	106.576820	106.657465	C6	90	80	0	3	-2.675961
925	106.657465	106.738110	B5	90	80	0	2	-2.287533
926	106.738110	106.818755	C6	90	80	0	3	-2.675961
927	106.818755	106.899400	B5	90	80	0	2	-2.287533
928	106.899400	106.980045	C6	90	80	0	3	-2.675961
929	106.980045	107.060691	B5	90	80	0	2	-2.287533
930	107.000000	107.500000	F3	90	80	1	-4	-6.683330
931	107.000000	107.500000	B-3	90	80	1	-2	-3.159098
932	107.000000	107.500000	D4	90	80	1	-1	-3.262923
933	107.060691	107.141336	C6	90	80	0	3	-2.675961
934	107.141336	108.192500	B-5	90	80	0	2	-3.032881
935	107.141336	107.221981	B-5	90	80	0	2	-4.554564
936	107.221981	107.302626	C6	90	80	0	3	-3.265372
937	107.302626	107.383271	B-5	90	80	0	2	-3.032881
938	107.383271	107.463916	C6	90	80	0	3	-3.265372
939	107.463916	107.551126	B-5	90	80	0	2	-3.032881
940	107.500000	108.000000	F3	90	80	1	-5	-3.730225
941	107.500000	108.000000	B-3	90	80	1	-3	-3.351805
942	107.500000	108.000000	D4	90	80	1	-1	-3.390615
943	107.551126	107.638335	C6	90	80	0	3	-3.265372
944	107.638335	107.725544	B-5	90	80	0	2	-3.032881
945	107.725544	107.812754	C6	90	80	0	3	-3.265372
946	107.812754	107.907690	B-5	90	80	0	2	-3.032881
947	107.907690	108.002627	C6	90	80	0	3	-3.265372
948	108.000000	108.500000	G2	126	80	1	-5	-4.212346
949	108.002627	108.097564	B-5	90	80	0	2	-3.032881
950	108.097564	108.192500	C6	90	80	0	3	-3.265372
951	108.192500	108.312982	A5	99	80	0	2	-3.674662
952	108.312982	108.427925	G5	99	80	0	1	-2.609267
953	108.427925	108.542867	F5	99	80	0	4	-5.839612
954	108.500000	109.000000	E-3	90	80	1	-4	-5.762335
955	108.500000	109.000000	B-3	90	80	1	-2	-3.734418
956	108.500000	109.000000	E-4	90	80	1	-1	-2.320150
957	108.542867	108.650394	C5	99	80	0	2	-3.266530
958	108.650394	108.757921	E5	99	80	0	4	-2.758588
959	108.757921	108.865448	D5	99	80	0	3	-2.238713
960	108.865448	108.972975	C5	99	80	0	2	-2.287533
961	108.972975	109.080502	A4	99	80	0	1	-3.157580
962	109.000000	109.500000	E-3	90	80	1	-5	-2.314770
963	109.000000	109.500000	B-3	90	80	1	-2	-2.554480
964	109.000000	109.500000	E-4	90	80	1	-1	-2.320150
965	109.080502	109.188029	A5	99	80	0	5	-2.242366
966	109.188029	109.295556	G5	99	80	0	4	-2.814339
967	109.295556	109.403083	F5	99	80	0	3	-2.238713
968	109.403083	109.510609	D5	99	80	0	1	-3.281335
969	109.500000	110.000000	A2	126	80	1	-5	-7.040401
970	109.510609	109.615873	E5	99	80	0	4	-5.307440
971	109.615873	109.721136	D5	99	80	0	3	-2.238713
972	109.721136	109.826399	C5	99	80	0	2	-2.287533
973	109.826399	109.931662	A4	99	80	0	1	-3.157580
974	109.931662	110.036925	A5	99	80	0	5	-2.242366
975	110.000000	110.500000	F3	90	80	1	-4	-6.359022
976	110.000000	110.500000	C4	90	80	1	-2	-3.734418
977	110.000000	110.500000	E-4	90	80	1	-1	-3.101885
978	110.036925	110.142188	G5	99	80	0	4	-2.814339
979	110.142188	110.247452	F5	99	80	0	3	-2.238713
980	110.247452	110.352715	D5	99	80	0	1	-3.281335
981	110.352715	110.457978	E5	99	80	0	4	-5.307440
982	110.457978	110.563241	D5	99	80	0	3	-2.238713
983	110.500000	111.000000	F3	90	80	1	-5	-4.087479
984	110.500000	111.000000	C4	90	80	1	-2	-2.554480
985	110.500000	111.000000	E-4	90	80	1	-1	-3.101885
986	110.563241	110.668504	C5	99	80	0	2	-2.287533
987	110.668504	110.773767	A4	99	80	0	1	-3.157580
988	110.773767	110.879030	E5	99	80	0	4	-4.054949
989	110.879030	110.984294	D5	99	80	0	3	-2.238713
990	110.984294	111.089557	C5	99	80	0	2	-2.287533
991	111.000000	111.500000	B-2	126	80	1	-5	-3.781310
992	111.089557	111.194820	A4	99	80	0	1	-3.157580
993	111.194820	111.300083	E5	99	80	0	4	-4.054949
994	111.300083	111.405346	D5	99	80	0	3	-2.238713
995	111.405346	111.510609	C5	99	80	0	2	-2.287533
996	111.500000	112.000000	F3	90	80	1	-4	-6.683330
997	111.500000	112.000000	B-3	90	80	1	-2	-3.159098
998	111.500000	112.000000	D4	90	80	1	-1	-3.262923
999	111.510609	111.615873	A4	99	80	0	1	-3.157580
1000	111.615873	111.721136	E5	99	80	0	4	-4.054949
1001	111.721136	111.826399	D5	99	80	0	3	-2.238713
1002	111.826399	111.931662	C5	99	80	0	2	-2.287533
1003	111.931662	112.036925	A4	99	80	0	1	-3.157580
1004	112.000000	112.500000	F3	90	80	1	-5	-3.730225
1005	112.000000	112.500000	B-3	90	80	1	-3	-3.351805
1006	112.000000	112.500000	D4	90	80	1	-1	-3.390615
1007	112.036925	112.142188	F4	99	80	0	3	-5.936950
1008	112.142188	112.247452	E4	99	80	0	2	-2.287533
1009	112.247452	112.352715	F4	99	80	0	3	-2.675961
1010	112.352715	112.457978	A4	99	80	0	5	-2.681011
1011	112.457978	112.563241	C5	99	80	0	1	-6.440580
1012	112.500000	113.000000	E-2	126	80	1	-5	-7.040401
1013	112.563241	112.668504	E5	99	80	0	2	-2.525967
1014	112.668504	112.773767	F5	99	80	0	3	-2.675961
1015	112.773767	112.879030	A5	99	80	0	1	-6.001050
1016	112.879030	112.984294	C6	99	80	0	2	-2.525967
1017	112.984294	113.089557	E6	99	80	0	4	-2.758588
1018	113.000000	113.500000	E-3	90	80	1	-4	-4.924626
1019	113.000000	113.500000	A3	90	80	1	-2	-4.383116
1020	113.000000	113.500000	C4	90	80	1	-1	-2.415329
1021	113.089557	113.194820	F6	99	80	0	5	-2.706622
1022	113.194820	113.300083	C6	99	80	0	2	-3.071676
1023	113.300083	113.405346	A6	99	80	0	5	-3.767315
1024	113.405346	113.510609	G6	99	80	0	4	-2.814339
1025	113.500000	114.000000	E-3	90	80	1	-5	-4.114892
1026	113.500000	114.000000	A3	90	80	1	-2	-4.656382
1027	113.500000	114.000000	C4	90	80	1	-1	-2.415329
1028	113.510609	113.615873	F6	99	80	0	3	-2.238713
1029	113.615873	113.721136	C6	99	80	0	2	-5.150975
1030	113.721136	113.826399	E6	99	80	0	4	-2.758588
1031	113.826399	113.931662	D6	99	80	0	3	-2.238713
1032	113.931662	114.036925	C6	99	80	0	2	-2.287533
1033	114.000000	114.500000	F2	126	80	1	-5	-4.212346
1034	114.036925	114.142188	A5	99	80	0	1	-3.157580
1035	114.142188	114.247452	A6	99	80	0	5	-2.242366
1036	114.247452	114.352715	G6	99	80	0	4	-2.814339
1037	114.352715	114.457978	F6	99	80	0	3	-2.238713
1038	114.457978	114.563241	D6	99	80	0	1	-3.281335
1039	114.500000	115.000000	F3	90	80	1	-4	-4.924626
1040	114.500000	115.000000	D4	90	80	1	-1	-3.451917
1041	114.563241	114.668504	E6	99	80	0	4	-5.307440
1042	114.668504	114.773767	D6	99	80	0	3	-2.238713
1043	114.773767	114.879030	C6	99	80	0	2	-2.287533
1044	114.879030	114.984294	A5	99	80	0	1	-3.157580
1045	114.984294	115.089557	A6	99	80	0	5	-2.242366
1046	115.000000	115.500000	F3	90	80	1	-5	-3.730225
1047	115.000000	115.500000	D4	90	80	1	-1	-4.009362
1048	115.089557	115.194820	G6	99	80	0	4	-2.814339
1049	115.194820	115.300083	F6	99	80	0	3	-2.238713
1050	115.300083	115.405346	D6	99	80	0	1	-3.281335
1051	115.405346	115.510609	E6	99	80	0	4	-5.307440
1052	115.500000	116.000000	F2	127	80	1	-5	-5.860818
1053	115.510609	115.615873	D6	99	80	0	3	-2.238713
1054	115.615873	115.721136	C6	99	80	0	2	-2.287533
1055	115.721136	115.826399	A5	99	80	0	1	-3.157580
1056	115.826399	115.931662	E6	99	80	0	4	-4.054949
1057	115.931662	116.036925	D6	99	80	0	3	-2.238713
1058	116.000000	116.500000	F3	90	80	1	-4	-4.924626
1059	116.000000	116.500000	B-3	90	80	1	-2	-3.159098
1060	116.000000	116.500000	D4	90	80	1	-1	-3.262923
1061	116.036925	116.142188	C6	99	80	0	2	-2.287533
1062	116.142188	116.247452	A5	99	80	0	1	-3.157580
1063	116.247452	116.352715	E6	99	80	0	4	-4.054949
1064	116.352715	116.457978	D6	99	80	0	3	-2.238713
1065	116.457978	116.563241	C6	99	80	0	2	-2.287533
1066	116.500000	117.000000	F3	90	80	1	-5	-3.730225
1067	116.500000	117.000000	B-3	90	80	1	-3	-3.351805
1068	116.500000	117.000000	D4	90	80	1	-1	-3.390615
1069	116.563241	116.668504	A5	99	80	0	1	-3.157580
1070	116.668504	116.773767	E6	99	80	0	4	-4.054949
1071	116.773767	116.879030	D6	99	80	0	3	-2.238713
1072	116.879030	116.984294	C6	99	80	0	2	-2.287533
1073	116.984294	117.089557	A5	99	80	0	1	-3.157580
1074	117.000000	117.500000	A2	126	80	1	-5	-3.781310
1075	117.089557	117.197084	F5	99	80	0	3	-5.936950
1076	117.197084	117.304611	A5	99	80	0	5	-2.681011
1077	117.304611	117.412137	A-5	99	80	0	4	-3.640665
1078	117.412137	117.519664	F#5	99	80	0	3	-2.238713
1079	117.500000	118.000000	F3	90	80	1	-4	-6.359022
1080	117.500000	118.000000	C4	90	80	1	-2	-3.734418
1081	117.500000	118.000000	E-4	90	80	1	-1	-3.101885
1082	117.519664	117.627191	A-5	99	80	0	4	-2.883688
1083	117.627191	117.734718	G5	99	80	0	3	-3.302559
1084	117.734718	117.842245	F5	99	80	0	2	-2.287533
1085	117.842245	117.967245	G5	99	80	0	3	-2.675961
1086	117.967245	118.092245	G-5	99	80	0	2	-3.151465
1087	118.000000	118.500000	F3	90	80	1	-5	-4.087479
1088	118.000000	118.500000	C4	90	80	1	-2	-2.554480
1089	118.000000	118.500000	E-4	90	80	1	-1	-3.101885
1090	118.092245	118.217245	E5	99	80	0	1	-3.360143
1091	118.217245	118.342245	F5	99	80	0	2	-2.867384
1092	118.342245	118.487172	F#5	99	80	0	3	-3.190537
1093	118.487172	119.501665	G5	112	80	0	4	-3.868143
1094	118.500000	119.000000	B-2	90	80	1	-5	-3.781310
1095	119.000000	119.500000	F3	90	80	1	-4	-6.683330
1096	119.000000	119.500000	B-3	90	80	1	-2	-3.159098
1097	119.000000	119.500000	D4	90	80	1	-1	-3.262923
1098	119.501665	119.626665	F5	99	80	0	3	-2.238713
1099	119.626665	119.751665	E-5	99	80	0	2	-3.032881
1100	119.751665	119.876665	A4	99	80	0	1	-5.928410
1101	119.876665	120.001665	D5	99	80	0	4	-4.278061
1102	120.000000	120.500000	F2	126	80	1	-5	-5.860818
1103	120.001665	120.126665	C5	99	80	0	3	-2.238713
1104	120.126665	120.416520	B-4	99	80	0	2	-3.032881
1105	120.500000	121.000000	G-3	90	80	1	-2	-7.543808
1106	120.500000	121.000000	B-3	90	80	1	-1	-2.415329
1107	120.500000	121.000000	E-4	90	80	1	-1	-6.959023
1108	121.000000	121.500000	G-3	90	80	1	-4	-4.458307
1109	121.000000	121.500000	B-3	90	80	1	-2	-2.359478
1110	121.000000	121.500000	E-4	90	80	1	-1	-2.320150
1111	121.500000	122.000000	F2	126	80	1	-5	-6.473863
1112	121.865796	122.880288	D5	99	80	0	4	-3.927704
1113	122.000000	122.500000	F3	90	80	1	-4	-4.924626
1114	122.000000	122.500000	A3	90	80	1	-2	-2.359478
1115	122.000000	122.500000	E-4	90	80	1	-1	-5.267467
1116	122.500000	123.000000	F3	90	80	1	-5	-4.087479
1117	122.500000	123.000000	A3	90	80	1	-3	-3.170876
1118	122.500000	123.000000	E-4	90	80	1	-1	-4.411093
1119	122.880288	123.005288	C5	99	80	0	3	-2.238713
1120	123.000000	123.500000	B-2	96	80	1	-5	-3.781310
1121	123.005288	123.130288	B-4	99	80	0	2	-3.032881
1122	123.130288	123.255288	F4	99	80	0	1	-4.134704
1123	123.255288	123.380288	A4	99	80	0	2	-2.525967
1124	123.380288	123.505288	G4	99	80	0	1	-2.609267
1125	123.500000	124.000000	F3	90	80	1	-4	-6.683330
1126	123.500000	124.000000	B-3	90	80	1	-2	-3.159098
1127	123.500000	124.000000	D4	90	80	1	-1	-3.262923
1128	123.505288	123.630288	F4	99	80	0	3	-4.737465
1129	123.630288	123.755288	A4	99	80	0	5	-2.681011
1130	123.755288	123.880288	A-4	99	80	0	4	-3.640665
1131	123.880288	124.005288	F#4	99	80	0	3	-2.238713
1132	124.000000	124.500000	F3	90	80	1	-5	-3.730225
1133	124.000000	124.500000	B-3	90	80	1	-3	-3.351805
1134	124.000000	124.500000	D4	90	80	1	-1	-3.390615
1135	124.005288	124.130288	A-4	99	80	0	4	-2.883688
1136	124.130288	124.255288	G4	99	80	0	3	-3.302559
1137	124.255288	124.390424	F4	99	80	0	2	-2.287533
1138	124.390424	124.525559	G4	99	80	0	3	-2.675961
1139	124.500000	125.000000	F3	90	80	1	-5	-3.730225
1140	124.500000	125.000000	B-3	90	80	1	-3	-3.351805
1141	124.500000	125.000000	D4	90	80	1	-1	-3.390615
1142	124.525559	124.660694	G-4	99	80	0	2	-3.151465
1143	124.660694	124.795829	E4	99	80	0	1	-3.360143
1144	124.795829	124.940756	F4	99	80	0	2	-2.867384
1145	124.940756	125.085684	F#4	99	80	0	3	-3.190537
1146	125.000000	125.500000	F3	90	80	1	-5	-3.730225
1147	125.000000	125.500000	B-3	90	80	1	-3	-3.351805
1148	125.000000	125.500000	D4	90	80	1	-1	-3.390615
1149	125.085684	126.100177	G4	112	80	0	4	-3.868143
1150	125.500000	126.000000	F3	90	80	1	-5	-3.730225
1151	125.500000	126.000000	B-3	90	80	1	-3	-3.351805
1152	125.500000	126.000000	D4	90	80	1	-1	-3.390615
1153	126.000000	126.500000	F2	126	80	1	-5	-5.860818
1154	126.100177	126.233510	F4	99	80	0	3	-2.238713
1155	126.233510	126.366843	E-4	99	80	0	2	-3.032881
1156	126.366843	126.503830	A3	99	80	0	1	-5.928410
1157	126.500000	127.000000	G-3	90	80	1	-2	-7.543808
1158	126.500000	127.000000	B-3	90	80	1	-1	-2.415329
1159	126.500000	127.000000	E-4	90	80	1	-1	-6.959023
1160	126.503830	126.640816	D4	99	80	0	3	-3.401091
1161	126.640816	126.777802	C4	99	80	0	2	-2.287533
1162	126.777802	128.732725	B3	99	80	0	1	-2.609267
1163	127.000000	127.500000	G-3	90	80	1	-4	-4.458307
1164	127.000000	127.500000	B-3	90	80	1	-2	-2.359478
1165	127.000000	127.500000	E-4	90	80	1	-1	-2.320150
1166	127.500000	128.000000	F2	126	80	1	-5	-6.473863
1167	128.000000	128.500000	F3	90	80	1	-4	-4.924626
1168	128.000000	128.500000	A3	90	80	1	-2	-2.359478
1169	128.000000	128.500000	E-4	90	80	1	-1	-5.267467
1170	128.500000	129.000000	F3	90	80	1	-5	-4.087479
1171	128.500000	129.000000	A3	90	80	1	-3	-3.170876
1172	128.500000	129.000000	E-4	90	80	1	-1	-4.411093
1173	129.000000	129.500000	B-2	96	80	1	-5	-3.781310
1174	129.500000	130.000000	F3	90	80	1	-4	-6.683330
1175	129.500000	130.000000	B-3	90	80	1	-2	-3.159098
1176	129.500000	130.000000	D4	90	80	1	-1	-3.262923
1177	130.000000	130.500000	F3	90	80	1	-5	-3.730225
1178	130.000000	130.500000	B-3	90	80	1	-3	-3.351805
1179	130.000000	130.500000	D4	90	80	1	-1	-3.390615
1180	130.005137	130.180575	D-4	63	80	0	2	-3.246278
1181	130.180575	130.356014	C4	63	80	0	1	-3.290753
1182	130.500000	131.000000	F3	90	80	1	-5	-3.730225
1183	130.500000	131.000000	B-3	90	80	1	-3	-3.351805
1184	130.500000	131.000000	D4	90	80	1	-1	-3.390615
1185	131.000000	131.500000	F3	90	80	1	-5	-3.730225
1186	131.000000	131.500000	B-3	90	80	1	-3	-3.351805
1187	131.000000	131.500000	D4	90	80	1	-1	-3.390615
1188	131.500000	132.000000	F3	90	80	1	-5	-3.730225
1189	131.500000	132.000000	B-3	90	80	1	-3	-3.351805
1190	131.500000	132.000000	D4	90	80	1	-1	-3.390615
1191	132.000000	132.500000	F2	126	80	1	-5	-5.860818
1192	132.216479	132.875819	F5	127	80	0	5	-6.120276
1193	132.500000	133.000000	G-3	90	80	1	-2	-7.543808
1194	132.500000	133.000000	B-3	90	80	1	-1	-2.415329
1195	132.500000	133.000000	E-4	90	80	1	-1	-6.959023
1196	132.875819	133.535160	C4	127	80	0	1	-4.498352
1197	133.000000	133.500000	G-3	90	80	1	-4	-4.458307
1198	133.000000	133.500000	B-3	90	80	1	-2	-2.359478
1199	133.000000	133.500000	E-4	90	80	1	-1	-2.320150
1200	133.500000	134.000000	F2	126	80	1	-5	-6.473863
1201	133.535160	133.754940	C4	127	80	0	1	-4.507997
1202	133.754940	133.974721	F4	127	80	0	2	-2.963617
1203	133.974721	134.194501	A4	127	80	0	4	-2.758588
1204	134.000000	134.500000	F3	90	80	1	-4	-4.924626
1205	134.000000	134.500000	A3	90	80	1	-2	-2.359478
1206	134.000000	134.500000	E-4	90	80	1	-1	-5.267467
1207	134.194501	134.414281	C5	127	80	0	1	-6.131546
1208	134.414281	134.634061	F5	127	80	0	2	-2.963617
1209	134.500000	135.000000	F3	90	80	1	-5	-4.087479
1210	134.500000	135.000000	A3	90	80	1	-3	-3.170876
1211	134.500000	135.000000	E-4	90	80	1	-1	-4.411093
1212	134.634061	134.923916	G#5	127	80	0	4	-4.064995
1213	134.923916	135.700218	A5	127	80	0	5	-3.684684
1214	135.000000	135.500000	B-2	96	80	1	-5	-3.781310
1215	135.500000	136.000000	F3	90	80	1	-4	-6.683330
1216	135.500000	136.000000	B-3	90	80	1	-2	-3.159098
1217	135.500000	136.000000	D4	90	80	1	-1	-3.262923
1218	135.700218	136.359559	C4	127	80	0	1	-6.163296
1219	136.000000	136.500000	F3	90	80	1	-5	-3.730225
1220	136.000000	136.500000	B-3	90	80	1	-3	-3.351805
1221	136.000000	136.500000	D4	90	80	1	-1	-3.390615
1222	136.359559	136.579339	A4	127	80	0	2	-5.302163
1223	136.500000	137.000000	F3	90	80	1	-5	-3.730225
1224	136.500000	137.000000	B-3	90	80	1	-3	-3.351805
1225	136.500000	137.000000	D4	90	80	1	-1	-3.390615
1226	136.579339	136.799119	C5	127	80	0	3	-3.012122
1227	136.799119	137.018900	F5	127	80	0	1	-5.548003
1228	137.000000	137.500000	F3	90	80	1	-5	-3.730225
1229	137.000000	137.500000	B-3	90	80	1	-3	-3.351805
1230	137.000000	137.500000	D4	90	80	1	-1	-3.390615
1231	137.018900	137.238680	A5	127	80	0	2	-2.525967
1232	137.238680	137.458460	C6	127	80	0	3	-3.012122
1233	137.458460	137.748315	F6	127	80	0	1	-5.548003
1234	137.500000	138.000000	F3	90	80	1	-5	-3.730225
1235	137.500000	138.000000	B-3	90	80	1	-3	-3.351805
1236	137.500000	138.000000	D4	90	80	1	-1	-3.390615
1237	137.748315	138.038170	F7	127	80	0	5	-2.242366
1238	138.000000	138.500000	C3	90	80	1	-5	-3.842215
1239	138.477731	138.697511	A4	90	80	0	1	-6.163296
1240	138.477731	138.697511	C5	90	80	0	2	-2.525967
1241	138.477731	138.697511	F5	90	80	0	4	-2.909306
1242	138.477731	138.697511	A5	90	80	0	5	-3.402079
1243	138.500000	139.000000	B-3	90	80	1	-2	-4.731534
1244	138.500000	139.000000	C4	90	80	1	-1	-2.464298
1245	138.500000	139.000000	A4	90	80	1	-1	-7.627055
1246	139.000000	139.500000	B-3	90	80	1	-5	-4.582913
1247	139.000000	139.500000	C4	90	80	1	-4	-4.523458
1248	139.000000	139.500000	G4	90	80	1	-1	-2.959487
1249	139.137071	139.356852	A3	90	80	0	1	-6.163296
1250	139.137071	139.356852	F4	90	80	0	5	-3.707830
1251	139.500000	141.000000	F3	90	80	1	-5	-3.842215
1252	139.796412	140.056152	F5	90	80	0	1	-7.499323
1253	139.796412	140.056152	C6	90	80	0	3	-3.751952
1254	139.796412	140.056152	F6	90	80	0	5	-3.128600
1255	140.000000	140.500000	A3	90	80	1	-3	-3.170876
1256	140.000000	140.500000	E4	90	80	1	-1	-3.342645
1257	140.500000	141.000000	A3	90	80	1	-4	-3.752799
1258	140.500000	141.000000	D4	90	80	1	-1	-3.219441
1259	140.575633	141.354854	F3	90	80	0	1	-6.163296
1260	140.575633	141.354854	F4	90	80	0	5	-2.242366
1261	141.000000	141.500000	C3	90	80	1	-5	-3.842215
1262	141.500000	142.000000	B-3	90	80	1	-2	-4.731534
1263	141.500000	142.000000	C4	90	80	1	-1	-2.464298
1264	141.500000	142.000000	A4	90	80	1	-1	-7.627055
1265	142.000000	142.500000	B-3	90	80	1	-5	-4.582913
1266	142.000000	142.500000	C4	90	80	1	-4	-4.523458
1267	142.000000	142.500000	G4	90	80	1	-1	-2.959487
1268	142.500000	144.000000	F3	90	80	1	-5	-3.842215
1269	143.000000	143.500000	A3	90	80	1	-3	-3.170876
1270	143.000000	143.500000	E4	90	80	1	-1	-3.342645
1271	143.500000	144.000000	A3	90	80	1	-4	-3.752799
1272	143.500000	144.000000	D4	90	80	1	-1	-3.219441
1273	144.000000	144.500000	F2	126	80	1	-5	-5.860818
1274	144.500000	145.000000	G-3	90	80	1	-2	-7.543808
1275	144.500000	145.000000	B-3	90	80	1	-1	-2.415329
1276	144.500000	145.000000	E-4	90	80	1	-1	-6.959023
1277	145.000000	145.500000	G-3	90	80	1	-4	-4.458307
1278	145.000000	145.500000	B-3	90	80	1	-2	-2.359478
1279	145.000000	145.500000	E-4	90	80	1	-1	-2.320150
1280	145.500000	146.000000	F2	126	80	1	-5	-6.473863
1281	146.000000	146.500000	F3	90	80	1	-4	-4.924626
1282	146.000000	146.500000	A3	90	80	1	-2	-2.359478
1283	146.000000	146.500000	E-4	90	80	1	-1	-5.267467
1284	146.500000	147.000000	F3	90	80	1	-5	-4.087479
1285	146.500000	147.000000	A3	90	80	1	-3	-3.170876
1286	146.500000	147.000000	E-4	90	80	1	-1	-4.411093
1287	147.000000	147.500000	B-2	96	80	1	-5	-3.781310
1288	147.500000	148.000000	F3	90	80	1	-4	-6.683330
1289	147.500000	148.000000	B-3	90	80	1	-2	-3.159098
1290	147.500000	148.000000	D4	90	80	1	-1	-3.262923
1291	148.000000	148.500000	F3	90	80	1	-5	-3.730225
1292	148.000000	148.500000	B-3	90	80	1	-3	-3.351805
1293	148.000000	148.500000	D4	90	80	1	-1	-3.390615
1294	148.500000	149.000000	F3	90	80	1	-5	-3.730225
1295	148.500000	149.000000	B-3	90	80	1	-3	-3.351805
1296	148.500000	149.000000	D4	90	80	1	-1	-3.390615
1297	149.000000	149.500000	F3	90	80	1	-5	-3.730225
1298	149.000000	149.500000	B-3	90	80	1	-3	-3.351805
1299	149.000000	149.500000	D4	90	80	1	-1	-3.390615
1300	149.500000	150.000000	F3	90	80	1	-5	-3.730225
1301	149.500000	150.000000	B-3	90	80	1	-3	-3.351805
1302	149.500000	150.000000	D4	90	80	1	-1	-3.390615
1303	150.000000	150.500000	F2	126	80	1	-5	-5.860818
1304	150.500000	151.000000	G-3	90	80	1	-2	-7.543808
1305	150.500000	151.000000	B-3	90	80	1	-1	-2.415329
1306	150.500000	151.000000	E-4	90	80	1	-1	-6.959023
1307	151.000000	151.500000	G-3	90	80	1	-4	-4.458307
1308	151.000000	151.500000	B-3	90	80	1	-2	-2.359478
1309	151.000000	151.500000	E-4	90	80	1	-1	-2.320150
1310	151.500000	152.000000	F2	126	80	1	-5	-6.473863
1311	152.000000	152.500000	F3	90	80	1	-4	-4.924626
1312	152.000000	152.500000	A3	90	80	1	-2	-2.359478
1313	152.000000	152.500000	E-4	90	80	1	-1	-5.267467
1314	152.500000	153.000000	F3	90	80	1	-5	-4.087479
1315	152.500000	153.000000	A3	90	80	1	-3	-3.170876
1316	152.500000	153.000000	E-4	90	80	1	-1	-4.411093
1317	153.000000	153.500000	B-2	96	80	1	-5	-3.781310
1318	153.500000	154.000000	F3	90	80	1	-4	-6.683330
1319	153.500000	154.000000	B-3	90	80	1	-2	-3.159098
1320	153.500000	154.000000	D4	90	80	1	-1	-3.262923
1321	154.000000	154.500000	F3	90	80	1	-5	-3.730225
1322	154.000000	154.500000	B-3	90	80	1	-3	-3.351805
1323	154.000000	154.500000	D4	90	80	1	-1	-3.390615
1324	154.500000	155.000000	F3	90	80	1	-5	-3.730225
1325	154.500000	155.000000	B-3	90	80	1	-3	-3.351805
1326	154.500000	155.000000	D4	90	80	1	-1	-3.390615
1327	155.000000	155.500000	F3	90	80	1	-5	-3.730225
1328	155.000000	155.500000	B-3	90	80	1	-3	-3.351805
1329	155.000000	155.500000	D4	90	80	1	-1	-3.390615
1330	155.500000	156.000000	F3	90	80	1	-5	-3.730225
1331	155.500000	156.000000	B-3	90	80	1	-3	-3.351805
1332	155.500000	156.000000	D4	90	80	1	-1	-3.390615
1333	156.000000	156.500000	F2	126	80	1	-5	-5.860818
1334	156.500000	157.000000	G-3	90	80	1	-2	-7.543808
1335	156.500000	157.000000	B-3	90	80	1	-1	-2.415329
1336	156.500000	157.000000	E-4	90	80	1	-1	-6.959023
1337	157.000000	157.500000	G-3	90	80	1	-4	-4.458307
1338	157.000000	157.500000	B-3	90	80	1	-2	-2.359478
1339	157.000000	157.500000	E-4	90	80	1	-1	-2.320150
1340	157.500000	158.000000	F2	126	80	1	-5	-6.473863
1341	158.000000	158.500000	F3	90	80	1	-4	-4.924626
1342	158.000000	158.500000	A3	90	80	1	-2	-2.359478
1343	158.000000	158.500000	E-4	90	80	1	-1	-5.267467
1344	158.500000	159.000000	F3	90	80	1	-5	-4.087479
1345	158.500000	159.000000	A3	90	80	1	-3	-3.170876
1346	158.500000	159.000000	E-4	90	80	1	-1	-4.411093
1347	159.000000	159.500000	B-2	96	80	1	-5	-3.781310
1348	159.500000	160.000000	F3	90	80	1	-4	-6.683330
1349	159.500000	160.000000	B-3	90	80	1	-2	-3.159098
1350	159.500000	160.000000	D4	90	80	1	-1	-3.262923
1351	160.000000	160.500000	F3	90	80	1	-5	-3.730225
1352	160.000000	160.500000	B-3	90	80	1	-3	-3.351805
1353	160.000000	160.500000	D4	90	80	1	-1	-3.390615
1354	160.500000	161.000000	F3	90	80	1	-5	-3.730225
1355	160.500000	161.000000	B-3	90	80	1	-3	-3.351805
1356	160.500000	161.000000	D4	90	80	1	-1	-3.390615
1357	161.000000	161.500000	F3	90	80	1	-5	-3.730225
1358	161.000000	161.500000	B-3	90	80	1	-3	-3.351805
1359	161.000000	161.500000	D4	90	80	1	-1	-3.390615
1360	161.500000	162.000000	F3	90	80	1	-5	-3.730225
1361	161.500000	162.000000	B-3	90	80	1	-3	-3.351805
1362	161.500000	162.000000	D4	90	80	1	-1	-3.390615
1363	162.000000	162.500000	C3	90	80	1	-5	-3.842215
1364	162.500000	163.000000	B-3	90	80	1	-2	-4.731534
1365	162.500000	163.000000	C4	90	80	1	-1	-2.464298
1366	162.500000	163.000000	A4	90	80	1	-1	-7.627055
1367	163.000000	163.500000	B-3	90	80	1	-5	-4.582913
1368	163.000000	163.500000	C4	90	80	1	-4	-4.523458
1369	163.000000	163.500000	G4	90	80	1	-1	-2.959487
1370	163.500000	165.000000	F3	90	80	1	-5	-3.842215
1371	164.000000	164.500000	A3	90	80	1	-3	-3.170876
1372	164.000000	164.500000	E4	90	80	1	-1	-3.342645
1373	164.500000	165.000000	A3	90	80	1	-4	-3.752799
1374	164.500000	165.000000	D4	90	80	1	-1	-3.219441
1375	165.000000	165.500000	C3	90	80	1	-5	-3.842215
1376	165.500000	166.000000	B-3	90	80	1	-2	-4.731534
1377	165.500000	166.000000	C4	90	80	1	-1	-2.464298
1378	165.500000	166.000000	A4	90	80	1	-1	-7.627055
1379	166.000000	166.500000	B-3	90	80	1	-5	-4.582913
1380	166.000000	166.500000	C4	90	80	1	-4	-4.523458
1381	166.000000	166.500000	G4	90	80	1	-1	-2.959487
1382	166.500000	168.000000	F3	90	80	1	-5	-3.842215
1383	167.000000	167.500000	A3	90	80	1	-3	-3.170876
1384	167.000000	167.500000	E4	90	80	1	-1	-3.342645
1385	167.500000	168.000000	A3	90	80	1	-4	-3.752799
1386	167.500000	168.000000	D4	90	80	1	-1	-3.219441
1387	168.000000	168.500000	A-2	126	80	1	-5	-6.587391
1388	168.500000	169.000000	A-3	90	80	1	-4	-4.924626
1389	168.500000	169.000000	C4	90	80	1	-2	-2.871001
1390	168.500000	169.000000	G-4	90	80	1	-1	-5.267467
1391	169.000000	169.500000	A-3	90	80	1	-5	-3.181034
1392	169.000000	169.500000	C4	90	80	1	-3	-4.118108
1393	169.000000	169.500000	G-4	90	80	1	-1	-4.411093
1394	169.500000	170.000000	A-3	90	80	1	-5	-3.181034
1395	169.500000	170.000000	C4	90	80	1	-3	-4.118108
1396	169.500000	170.000000	G-4	90	80	1	-1	-4.411093
1397	170.000000	170.500000	A-3	90	80	1	-5	-3.181034
1398	170.000000	170.500000	C4	90	80	1	-3	-4.118108
1399	170.000000	170.500000	G-4	90	80	1	-1	-4.411093
1400	170.500000	171.000000	A-3	90	80	1	-5	-3.181034
1401	170.500000	171.000000	C4	90	80	1	-3	-4.118108
1402	170.500000	171.000000	G-4	90	80	1	-1	-4.411093
1403	171.000000	171.500000	D-3	96	80	1	-5	-3.781310
1404	171.500000	172.000000	A-3	90	80	1	-3	-3.416097
1405	171.500000	172.000000	D-4	90	80	1	-2	-3.936874
1406	171.500000	172.000000	F4	90	80	1	-1	-3.262923
1407	172.000000	172.500000	A-3	90	80	1	-4	-4.497131
1408	172.000000	172.500000	D-4	90	80	1	-2	-2.507290
1409	172.000000	172.500000	F4	90	80	1	-1	-3.262923
1410	172.500000	173.000000	A-3	90	80	1	-4	-4.497131
1411	172.500000	173.000000	D-4	90	80	1	-2	-2.507290
1412	172.500000	173.000000	F4	90	80	1	-1	-3.262923
1413	173.000000	173.500000	A-3	90	80	1	-4	-4.497131
1414	173.000000	173.500000	D-4	90	80	1	-2	-2.507290
1415	173.000000	173.500000	F4	90	80	1	-1	-3.262923
1416	173.500000	174.000000	A-3	90	80	1	-4	-4.497131
1417	173.500000	174.000000	D-4	90	80	1	-2	-2.507290
1418	173.500000	174.000000	F4	90	80	1	-1	-3.262923
1419	174.000000	174.500000	A-2	126	80	1	-5	-5.753604
1420	174.500000	175.000000	A-3	90	80	1	-4	-4.924626
1421	174.500000	175.000000	C4	90	80	1	-2	-2.871001
1422	174.500000	175.000000	G-4	90	80	1	-1	-5.267467
1423	175.000000	175.500000	A-3	90	80	1	-5	-3.181034
1424	175.000000	175.500000	C4	90	80	1	-3	-4.118108
1425	175.000000	175.500000	G-4	90	80	1	-1	-4.411093
1426	175.500000	176.000000	A-3	90	80	1	-5	-3.181034
1427	175.500000	176.000000	C4	90	80	1	-3	-4.118108
1428	175.500000	176.000000	G-4	90	80	1	-1	-4.411093
1429	176.000000	176.500000	A-3	90	80	1	-5	-3.181034
1430	176.000000	176.500000	C4	90	80	1	-3	-4.118108
1431	176.000000	176.500000	G-4	90	80	1	-1	-4.411093
1432	176.500000	177.000000	A-3	90	80	1	-5	-3.181034
1433	176.500000	177.000000	C4	90	80	1	-3	-4.118108
1434	176.500000	177.000000	G-4	90	80	1	-1	-4.411093
1435	177.000000	177.500000	D-3	96	80	1	-5	-3.781310
1436	177.500000	178.000000	A-3	90	80	1	-3	-3.416097
1437	177.500000	178.000000	D-4	90	80	1	-2	-3.936874
1438	177.500000	178.000000	F4	90	80	1	-1	-3.262923
1439	178.000000	178.500000	A-3	90	80	1	-4	-4.497131
1440	178.000000	178.500000	D-4	90	80	1	-2	-2.507290
1441	178.000000	178.500000	F4	90	80	1	-1	-3.262923
1442	178.500000	179.000000	A-3	90	80	1	-4	-4.497131
1443	178.500000	179.000000	D-4	90	80	1	-2	-2.507290
1444	178.500000	179.000000	F4	90	80	1	-1	-3.262923
1445	179.000000	179.500000	A-3	90	80	1	-4	-4.497131
1446	179.000000	179.500000	D-4	90	80	1	-2	-2.507290
1447	179.000000	179.500000	F4	90	80	1	-1	-3.262923
1448	179.500000	180.000000	A-3	90	80	1	-4	-4.497131
1449	179.500000	180.000000	D-4	90	80	1	-2	-2.507290
1450	179.500000	180.000000	F4	90	80	1	-1	-3.262923
1451	180.000000	180.500000	A-2	126	80	1	-5	-5.753604
1452	180.500000	181.000000	A-3	90	80	1	-4	-4.924626
1453	180.500000	181.000000	C4	90	80	1	-2	-2.871001
1454	180.500000	181.000000	G-4	90	80	1	-1	-5.267467
1455	181.000000	181.500000	A-3	90	80	1	-5	-3.181034
1456	181.000000	181.500000	C4	90	80	1	-3	-4.118108
1457	181.000000	181.500000	G-4	90	80	1	-1	-4.411093
1458	181.500000	182.000000	A-3	90	80	1	-5	-3.181034
1459	181.500000	182.000000	C4	90	80	1	-3	-4.118108
1460	181.500000	182.000000	G-4	90	80	1	-1	-4.411093
1461	182.000000	182.500000	A-3	90	80	1	-5	-3.181034
1462	182.000000	182.500000	C4	90	80	1	-3	-4.118108
1463	182.000000	182.500000	G-4	90	80	1	-1	-4.411093
1464	182.500000	183.000000	A-3	90	80	1	-5	-3.181034
1465	182.500000	183.000000	C4	90	80	1	-3	-4.118108
1466	182.500000	183.000000	G-4	90	80	1	-1	-4.411093
1467	183.000000	183.500000	D-3	96	80	1	-5	-3.781310
1468	183.500000	184.000000	A-3	90	80	1	-3	-3.416097
1469	183.500000	184.000000	D-4	90	80	1	-2	-3.936874
1470	183.500000	184.000000	F4	90	80	1	-1	-3.262923
1471	184.000000	184.500000	A-3	90	80	1	-4	-4.497131
1472	184.000000	184.500000	D-4	90	80	1	-2	-2.507290
1473	184.000000	184.500000	F4	90	80	1	-1	-3.262923
1474	184.500000	185.000000	A-3	90	80	1	-4	-4.497131
1475	184.500000	185.000000	D-4	90	80	1	-2	-2.507290
1476	184.500000	185.000000	F4	90	80	1	-1	-3.262923
1477	185.000000	185.500000	A-3	90	80	1	-4	-4.497131
1478	185.000000	185.500000	F4	90	80	1	-1	-4.387723
1479	185.500000	186.000000	A-3	90	80	1	-4	-4.497131
1480	185.500000	186.000000	F4	90	80	1	-1	-4.387723
1481	186.000000	186.500000	D-3	90	80	1	-5	-5.753604
1482	186.500000	187.000000	G3	90	80	1	-3	-5.278707
1483	186.500000	187.000000	F4	90	80	1	-1	-6.258843
1484	187.000000	187.500000	G3	90	80	1	-5	-3.181034
1485	187.000000	187.500000	F4	90	80	1	-1	-3.610078
1486	187.500000	188.000000	C3	90	80	1	-5	-3.781310
1487	188.000000	188.500000	G3	90	80	1	-3	-3.416097
1488	188.000000	188.500000	C4	90	80	1	-2	-3.936874
1489	188.000000	188.500000	E4	90	80	1	-1	-2.415329
1490	188.500000	189.000000	G3	90	80	1	-4	-4.458307
1491	188.500000	189.000000	C4	90	80	1	-2	-2.507290
1492	188.500000	189.000000	E4	90	80	1	-1	-2.415329
1493	189.000000	189.500000	C3	90	80	1	-5	-4.233080
1494	189.500000	190.000000	G3	90	80	1	-5	-5.954471
1495	189.500000	190.000000	D4	90	80	1	-2	-2.554480
1496	189.500000	190.000000	F4	90	80	1	-1	-2.415329
1497	190.000000	190.500000	G3	90	80	1	-5	-3.181034
1498	190.000000	190.500000	D4	90	80	1	-2	-2.554480
1499	190.000000	190.500000	F4	90	80	1	-1	-2.415329
1500	190.500000	191.000000	C3	90	80	1	-5	-3.781310
1501	191.000000	191.500000	G3	90	80	1	-4	-4.864358
1502	191.000000	191.500000	B-3	90	80	1	-3	-3.762277
1503	191.000000	191.500000	C4	90	80	1	-2	-2.872099
1504	191.000000	191.500000	E4	90	80	1	-1	-2.415329
1505	191.500000	192.000000	G3	90	80	1	-5	-3.730225
1506	191.500000	192.000000	B-3	90	80	1	-3	-4.350585
1507	191.500000	192.000000	C4	90	80	1	-2	-2.872099
1508	191.500000	192.000000	E4	90	80	1	-1	-2.415329
1509	192.000000	193.500000	F3	99	80	1	-5	-3.181034
1510	192.500000	193.000000	A3	90	80	1	-3	-3.170876
1511	192.500000	193.000000	C4	90	80	1	-2	-3.046717
1512	192.500000	193.000000	F4	90	80	1	-1	-2.320150
1513	193.000000	193.500000	B-3	90	80	1	-4	-4.339145
1514	193.000000	193.500000	D4	90	80	1	-2	-2.871001
1515	193.000000	193.500000	F4	90	80	1	-1	-2.415329
1516	193.500000	195.000000	F3	99	80	1	-5	-2.314770
1517	194.000000	194.500000	A3	90	80	1	-3	-3.170876
1518	194.000000	194.500000	C4	90	80	1	-2	-3.046717
1519	194.000000	194.500000	F4	90	80	1	-1	-2.320150
1520	194.500000	195.000000	B-3	90	80	1	-4	-4.339145
1521	194.500000	195.000000	D4	90	80	1	-2	-2.871001
1522	194.500000	195.000000	F4	90	80	1	-1	-2.415329
1523	195.000000	196.500000	F3	99	80	1	-5	-2.314770
1524	195.500000	196.000000	A3	90	80	1	-3	-3.170876
1525	195.500000	196.000000	C4	90	80	1	-2	-3.046717
1526	195.500000	196.000000	F4	90	80	1	-1	-2.320150
1527	196.000000	196.500000	B-3	90	80	1	-4	-4.339145
1528	196.000000	196.500000	D4	90	80	1	-2	-2.871001
1529	196.000000	196.500000	F4	90	80	1	-1	-2.415329
1530	196.500000	198.000000	F3	99	80	1	-5	-2.314770
1531	197.000000	197.500000	A3	90	80	1	-3	-3.170876
1532	197.000000	197.500000	C4	90	80	1	-2	-3.046717
1533	197.000000	197.500000	F4	90	80	1	-1	-2.320150
1534	197.500000	198.000000	A3	90	80	1	-4	-4.458307
1535	197.500000	198.000000	C4	90	80	1	-2	-2.359478
1536	197.500000	198.000000	F4	90	80	1	-1	-2.320150
1537	198.000000	198.500000	C3	99	80	1	-5	-3.781310
1538	198.500000	199.000000	B-3	90	80	1	-3	-6.877043
1539	198.500000	199.000000	C4	90	80	1	-2	-2.872099
1540	198.500000	199.000000	E4	90	80	1	-1	-2.415329
1541	199.000000	199.500000	B-3	90	80	1	-3	-6.025293
1542	199.000000	199.500000	C4	90	80	1	-2	-2.872099
1543	199.000000	199.500000	E4	90	80	1	-1	-2.415329
1544	199.500000	200.000000	C3	99	80	1	-5	-4.233080
1545	200.000000	200.500000	B-3	90	80	1	-3	-6.877043
1546	200.000000	200.500000	C4	90	80	1	-2	-2.872099
1547	200.000000	200.500000	E4	90	80	1	-1	-2.415329
1548	200.500000	201.000000	B-3	90	80	1	-3	-6.025293
1549	200.500000	201.000000	C4	90	80	1	-2	-2.872099
1550	200.500000	201.000000	E4	90	80	1	-1	-2.415329
1551	201.000000	201.500000	F2	99	80	1	-5	-5.805721
1552	201.500000	202.000000	A3	90	80	1	-2	-6.485069
1553	201.500000	202.000000	C4	90	80	1	-1	-2.415329
1554	202.000000	202.500000	A3	90	80	1	-2	-3.291596
1555	202.000000	202.500000	C4	90	80	1	-1	-2.415329
1556	202.500000	203.000000	F3	99	80	1	-5	-3.242781
1557	203.000000	203.500000	C4	90	80	1	-3	-3.416097
1558	203.000000	203.500000	A4	90	80	1	-1	-4.439870
1559	203.500000	204.000000	C4	90	80	1	-5	-3.730225
1560	203.500000	204.000000	A4	90	80	1	-1	-4.009362
1561	204.000000	204.500000	F3	99	80	1	-5	-4.233080
1562	204.500000	205.000000	C4	90	80	1	-3	-3.416097
1563	204.500000	205.000000	A4	90	80	1	-1	-4.439870
1564	205.000000	205.500000	D4	90	80	1	-4	-3.752799
1565	205.000000	205.500000	B-4	90	80	1	-1	-4.009808
1566	205.500000	206.000000	F3	99	80	1	-5	-5.345987
1567	206.000000	206.500000	C4	90	80	1	-3	-3.416097
1568	206.000000	206.500000	A4	90	80	1	-1	-4.439870
1569	206.500000	207.000000	D4	90	80	1	-4	-3.752799
1570	206.500000	207.000000	B-4	90	80	1	-1	-4.009808
1571	207.000000	207.500000	F3	99	80	1	-5	-5.345987
1572	207.500000	208.000000	C4	90	80	1	-3	-3.416097
1573	207.500000	208.000000	A4	90	80	1	-1	-4.439870
1574	208.000000	208.500000	D4	90	80	1	-4	-3.752799
1575	208.000000	208.500000	B-4	90	80	1	-1	-4.009808
1576	208.500000	209.000000	F3	99	80	1	-5	-5.345987
1577	209.000000	209.500000	C4	90	80	1	-3	-3.416097
1578	209.000000	209.500000	A4	90	80	1	-1	-4.439870
1579	209.500000	210.000000	A3	90	80	1	-5	-2.314770
1580	209.500000	210.000000	F4	90	80	1	-1	-4.009362
1581	210.000000	210.500000	C3	99	80	1	-5	-3.781310
1582	210.500000	211.000000	B-3	90	80	1	-3	-6.877043
1583	210.500000	211.000000	C4	90	80	1	-2	-2.872099
1584	210.500000	211.000000	E4	90	80	1	-1	-2.415329
1585	211.000000	211.500000	B-3	90	80	1	-3	-6.025293
1586	211.000000	211.500000	C4	90	80	1	-2	-2.872099
1587	211.000000	211.500000	E4	90	80	1	-1	-2.415329
1588	211.500000	212.000000	C3	99	80	1	-5	-4.233080
1589	212.000000	212.500000	B-3	90	80	1	-2	-4.731534
1590	212.000000	212.500000	C4	90	80	1	-1	-2.464298
1591	212.000000	212.500000	A4	90	80	1	-1	-7.627055
1592	212.500000	213.000000	B-3	90	80	1	-5	-4.582913
1593	212.500000	213.000000	C4	90	80	1	-4	-4.523458
1594	212.500000	213.000000	G4	90	80	1	-1	-2.959487
1595	213.000000	213.500000	F3	90	80	1	-5	-3.842215
1596	213.000000	213.500000	A3	90	80	1	-4	-4.139458
1597	213.000000	213.500000	F4	90	80	1	-1	-3.451917
1598	216.000000	216.500000	F2	99	80	1	-5	-5.451251
1599	216.500000	217.000000	F3	90	80	1	-4	-4.924626
1600	216.500000	217.000000	A3	90	80	1	-2	-2.359478
1601	216.500000	217.000000	E-4	90	80	1	-1	-5.267467
1602	217.000000	217.500000	F3	90	80	1	-5	-4.087479
1603	217.000000	217.500000	A3	90	80	1	-3	-3.170876
1604	217.000000	217.500000	E-4	90	80	1	-1	-4.411093
1605	217.500000	218.000000	F3	90	80	1	-5	-4.087479
1606	217.500000	218.000000	A3	90	80	1	-3	-3.170876
1607	217.500000	218.000000	E-4	90	80	1	-1	-4.411093
1608	218.000000	218.500000	F3	90	80	1	-5	-4.087479
1609	218.000000	218.500000	E-4	90	80	1	-1	-5.043358
1610	218.500000	219.000000	F3	90	80	1	-5	-4.087479
1611	218.500000	219.000000	E-4	90	80	1	-2	-4.731534
1612	219.000000	219.500000	F2	99	80	1	-5	-6.744398
1613	219.500000	220.000000	F3	90	80	1	-4	-4.924626
1614	219.500000	220.000000	B-3	90	80	1	-2	-3.159098
1615	219.500000	220.000000	D4	90	80	1	-1	-3.262923
1616	220.000000	220.500000	E3	90	80	1	-5	-3.181034
1617	220.000000	220.500000	B-3	90	80	1	-2	-5.232676
1618	220.000000	220.500000	D4	90	80	1	-1	-3.262923
1619	220.500000	221.000000	G3	90	80	1	-4	-3.752799
1620	220.500000	221.000000	B-3	90	80	1	-2	-3.337019
1621	220.500000	221.000000	D4	90	80	1	-1	-3.262923
1622	221.000000	221.500000	F3	90	80	1	-5	-3.730225
1623	221.000000	221.500000	B-3	90	80	1	-3	-3.351805
1624	221.000000	221.500000	D4	90	80	1	-1	-3.390615
1625	221.500000	222.000000	D3	90	80	1	-5	-2.314770
1626	221.500000	222.000000	F4	90	80	1	-1	-4.493372
1627	222.000000	222.500000	F2	99	80	1	-5	-5.451251
1628	222.500000	223.000000	C3	90	80	1	-3	-3.416097
1629	222.500000	223.000000	E3	90	80	1	-2	-3.046717
1630	222.500000	223.000000	B-3	90	80	1	-1	-5.267467
1631	223.000000	223.500000	C3	90	80	1	-5	-4.087479
1632	223.000000	223.500000	E3	90	80	1	-3	-3.170876
1633	223.000000	223.500000	B-3	90	80	1	-1	-4.411093
1634	223.500000	224.000000	C3	90	80	1	-5	-4.087479
1635	223.500000	224.000000	E3	90	80	1	-3	-3.170876
1636	223.500000	224.000000	B-3	90	80	1	-1	-4.411093
1637	224.000000	224.500000	C3	90	80	1	-5	-4.087479
1638	224.000000	224.500000	B-3	90	80	1	-1	-5.043358
1639	224.500000	225.000000	C3	90	80	1	-5	-4.087479
1640	224.500000	225.000000	B-3	90	80	1	-1	-5.043358
1641	225.000000	225.500000	F2	99	80	1	-5	-5.345987
1642	225.500000	226.000000	C3	90	80	1	-3	-3.416097
1643	225.500000	226.000000	A3	90	80	1	-1	-4.439870
1644	226.000000	226.500000	B2	90	80	1	-5	-3.181034
1645	226.000000	226.500000	A3	90	80	1	-1	-3.610078
1646	226.500000	227.000000	D3	90	80	1	-4	-3.752799
1647	226.500000	227.000000	A3	90	80	1	-1	-2.959487
1648	227.000000	227.500000	C3	90	80	1	-5	-3.730225
1649	227.000000	227.500000	A3	90	80	1	-1	-4.009362
1650	227.500000	228.000000	A2	90	80	1	-5	-2.314770
1651	227.500000	228.000000	A3	90	80	1	-1	-1.202832
1652	228.000000	228.500000	F2	99	80	1	-5	-4.233080
1653	228.500000	229.000000	E-3	90	80	1	-3	-6.877043
1654	228.500000	229.000000	C4	90	80	1	-1	-4.531747
1655	229.000000	229.500000	E-3	90	80	1	-4	-4.497131
1656	229.000000	229.500000	C4	90	80	1	-1	-4.387723
1657	229.500000	230.000000	E-3	90	80	1	-4	-4.497131
1658	229.500000	230.000000	C4	90	80	1	-1	-4.387723
1659	230.000000	230.500000	E-3	90	80	1	-4	-4.497131
1660	230.000000	230.500000	C4	90	80	1	-1	-4.387723
1661	230.500000	231.000000	E-3	90	80	1	-4	-4.497131
1662	230.500000	231.000000	C4	90	80	1	-1	-4.387723
1663	231.000000	231.500000	F2	99	80	1	-5	-4.212346
1664	231.500000	232.000000	D3	90	80	1	-2	-4.349399
1665	231.500000	232.000000	A-3	90	80	1	-1	-5.267467
1666	232.000000	232.500000	D3	90	80	1	-5	-6.473863
1667	232.000000	232.500000	A-3	90	80	1	-2	-5.232676
1668	232.500000	233.000000	D3	90	80	1	-5	-5.017302
1669	232.500000	233.000000	A-3	90	80	1	-2	-5.232676
1670	233.000000	233.500000	D3	90	80	1	-5	-5.017302
1671	233.000000	233.500000	A-3	90	80	1	-2	-5.232676
1672	233.500000	234.000000	D3	90	80	1	-3	-7.619288
1673	233.500000	234.000000	A-3	90	80	1	-1	-4.411093
1674	234.000000	234.500000	F2	63	80	1	-5	-5.012184
1675	234.500000	235.000000	D-3	90	80	1	-2	-4.281723
1676	234.500000	235.000000	G3	90	80	1	-1	-4.366821
1677	235.000000	235.500000	D-3	90	80	1	-4	-6.237620
1678	235.000000	235.500000	G3	90	80	1	-2	-4.383116
1679	236.500000	236.750000	B-3	63	80	1	-1	-3.101885
1680	236.750000	237.000000	E3	63	80	1	-2	-5.875271
1681	238.500000	239.000000	F1	90	80	1	-5	-6.744398
1682	238.500000	239.000000	F2	90	80	1	-1	-1.202832
1683	239.000000	239.500000	C3	90	80	1	-5	-5.919258
1684	239.000000	239.500000	F3	90	80	1	-2	-3.272976
1685	239.000000	239.500000	A3	90	80	1	-1	-2.415329
1686	239.500000	240.000000	C3	90	80	1	-4	-4.458307
1687	239.500000	240.000000	F3	90	80	1	-2	-2.507290
1688	239.500000	240.000000	A3	90	80	1	-1	-2.415329
1689	240.000000	240.500000	C3	90	80	1	-4	-4.458307
1690	240.000000	240.500000	F3	90	80	1	-2	-2.507290
1691	240.000000	240.500000	A3	90	80	1	-1	-2.415329
1692	240.500000	241.000000	C3	90	80	1	-4	-4.458307
1693	240.500000	241.000000	F3	90	80	1	-2	-2.507290
1694	240.500000	241.000000	A3	90	80	1	-1	-2.415329
1695	241.000000	241.500000	C3	90	80	1	-4	-4.458307
1696	241.000000	241.500000	F3	90	80	1	-2	-2.507290
1697	241.000000	241.500000	A3	90	80	1	-1	-2.415329
1698	241.500000	242.000000	C3	90	80	1	-4	-4.458307
1699	241.500000	242.000000	F3	90	80	1	-2	-2.507290
1700	242.000000	242.500000	C3	90	80	1	-4	-4.045906
1701	242.000000	242.500000	F3	90	80	1	-2	-2.507290
1702	242.000000	242.500000	A3	90	80	1	-1	-2.415329
1703	242.500000	243.000000	C3	90	80	1	-4	-4.458307
1704	242.500000	243.000000	F3	90	80	1	-2	-2.507290
1705	242.500000	243.000000	A3	90	80	1	-1	-2.415329
1706	243.000000	243.500000	C3	90	80	1	-5	-3.730225
1707	243.000000	243.500000	F3	90	80	1	-3	-3.463793
1708	243.000000	243.500000	A3	90	80	1	-2	-3.046717
1709	243.000000	243.500000	C4	90	80	1	-1	-2.415329
1710	243.500000	244.000000	C3	90	80	1	-5	-2.314770
1711	243.500000	244.000000	F3	90	80	1	-3	-3.463793
1712	243.500000	244.000000	A3	90	80	1	-2	-3.046717
1713	243.500000	244.000000	C4	90	80	1	-1	-2.415329
1714	244.000000	244.500000	C3	90	80	1	-5	-2.314770
1715	244.000000	244.500000	F3	90	80	1	-3	-3.463793
1716	244.000000	244.500000	A3	90	80	1	-2	-3.046717
1717	244.000000	244.500000	C4	90	80	1	-1	-2.415329
1718	244.500000	245.000000	F1	90	80	1	-5	-4.456078
1719	244.500000	245.000000	F2	90	80	1	-1	-1.202832
1720	245.000000	245.500000	C3	90	80	1	-5	-5.919258
1721	245.000000	245.500000	F3	90	80	1	-2	-3.272976
1722	245.000000	245.500000	A3	90	80	1	-1	-2.415329
1723	245.500000	246.000000	C3	90	80	1	-4	-4.458307
1724	245.500000	246.000000	F3	90	80	1	-2	-2.507290
1725	245.500000	246.000000	A3	90	80	1	-1	-2.415329
1726	246.000000	246.500000	C3	90	80	1	-4	-4.458307
1727	246.000000	246.500000	F3	90	80	1	-2	-2.507290
1728	246.000000	246.500000	A3	90	80	1	-1	-2.415329
1729	246.500000	247.000000	C3	90	80	1	-4	-4.458307
1730	246.500000	247.000000	F3	90	80	1	-2	-2.507290
1731	246.500000	247.000000	A3	90	80	1	-1	-2.415329
1732	247.000000	247.500000	C3	90	80	1	-4	-4.458307
1733	247.000000	247.500000	F3	90	80	1	-2	-2.507290
1734	247.000000	247.500000	A3	90	80	1	-1	-2.415329
1735	247.500000	248.000000	C3	90	80	1	-4	-4.458307
1736	247.500000	248.000000	F3	90	80	1	-2	-2.507290
1737	248.000000	248.500000	C3	90	80	1	-4	-4.045906
1738	248.000000	248.500000	F3	90	80	1	-2	-2.507290
1739	248.000000	248.500000	A3	90	80	1	-1	-2.415329
1740	248.500000	249.000000	C3	90	80	1	-4	-4.458307
1741	248.500000	249.000000	F3	90	80	1	-2	-2.507290
1742	248.500000	249.000000	A3	90	80	1	-1	-2.415329
1743	249.000000	249.500000	C3	90	80	1	-5	-3.730225
1744	249.000000	249.500000	F3	90	80	1	-3	-3.463793
1745	249.000000	249.500000	A3	90	80	1	-2	-3.046717
1746	249.000000	249.500000	C4	90	80	1	-1	-2.415329
1747	249.500000	250.000000	C3	90	80	1	-5	-2.314770
1748	249.500000	250.000000	F3	90	80	1	-3	-3.463793
1749	249.500000	250.000000	A3	90	80	1	-2	-3.046717
1750	249.500000	250.000000	C4	90	80	1	-1	-2.415329
1751	250.000000	250.500000	C3	90	80	1	-5	-2.314770
1752	250.000000	250.500000	F3	90	80	1	-3	-3.463793
1753	250.000000	250.500000	A3	90	80	1	-2	-3.046717
1754	250.000000	250.500000	C4	90	80	1	-1	-2.415329
1755	250.500000	251.000000	F1	127	80	1	-5	-4.456078
1756	252.000000	252.500000	F3	90	80	1	-5	-7.597455
1757	252.000000	252.500000	C4	90	80	1	-2	-2.554480
1758	252.000000	252.500000	F4	90	80	1	-1	-2.320150
1759	253.500000	254.000000	F2	90	80	1	-5	-5.451251
1760	253.500000	254.000000	C3	90	80	1	-2	-2.554480
1761	255.000000	255.500000	A3	90	80	1	-5	-8.295123
1762	255.000000	255.500000	C4	90	80	1	-4	-4.139458
1763	255.000000	255.500000	F4	90	80	1	-2	-2.507290
1764	255.000000	255.500000	A4	90	80	1	-1	-2.415329
1765	256.500000	258.000000	F1	90	80	1	-5	-4.456078
1766	256.500000	258.000000	F2	90	80	1	-1	-1.202832
