//Version: PianoFingering_v170101
1	0.000000	0.096618	G-6	99	80	0	3	-1.701607
2	0.000000	0.250000	G-3	81	80	1	-5	-0.504576
3	0.000000	0.250000	B-3	81	80	1	-3	-3.170876
4	0.000000	0.250000	D-4	81	80	1	-2	-3.046717
5	0.000000	0.250000	G-4	95	80	1	-1	-2.320150
6	0.096618	0.193237	B-6	76	80	0	5	-2.681011
7	0.193237	0.289855	D-6	69	80	0	1	-2.845304
8	0.250000	0.500000	G-3	77	80	1	-5	-2.314770
9	0.250000	0.500000	C-4	77	80	1	-3	-4.118108
10	0.250000	0.500000	E-4	77	80	1	-2	-3.749711
11	0.250000	0.500000	G-4	90	80	1	-1	-2.415329
12	0.289855	0.386473	G-6	93	80	0	3	-3.401091
13	0.386473	0.483092	E-6	79	80	0	2	-3.674662
14	0.483092	0.579710	G-6	73	80	0	4	-2.758588
15	0.500000	1.000000	G-3	81	80	1	-5	-2.314770
16	0.500000	1.000000	B-3	81	80	1	-3	-3.170876
17	0.500000	1.000000	D-4	81	80	1	-2	-3.046717
18	0.500000	1.000000	G-4	95	80	1	-1	-2.320150
19	0.579710	0.676329	D-6	92	80	0	2	-3.266530
20	0.676329	0.772947	G-6	78	80	0	4	-2.909306
21	0.772947	0.869565	B-5	71	80	0	1	-2.969918
22	0.869565	0.966184	D-6	84	80	0	3	-3.473158
23	0.966184	1.062802	G-5	72	80	0	1	-3.310457
24	1.000000	1.250000	G-2	54	80	1	-5	-5.451251
25	1.000000	1.250000	G-3	63	80	1	-1	-1.202832
26	1.062802	1.159420	B-5	68	80	0	3	-3.473158
27	1.159420	1.256039	G-5	74	80	0	2	-3.674662
28	1.250000	1.500000	C-4	52	80	1	-4	-7.964472
29	1.250000	1.500000	E-4	52	80	1	-2	-3.159098
30	1.250000	1.500000	G-4	61	80	1	-1	-2.415329
31	1.256039	1.352657	B-5	64	80	0	4	-2.758588
32	1.352657	1.449275	D-5	58	80	0	1	-2.969918
33	1.449275	1.545894	G-5	71	80	0	3	-3.401091
34	1.500000	2.000000	B-3	54	80	1	-4	-4.458307
35	1.500000	2.000000	D-4	54	80	1	-2	-2.359478
36	1.500000	2.000000	G-4	63	80	1	-1	-2.320150
37	1.545894	1.642512	E-5	63	80	0	2	-3.674662
38	1.642512	1.739130	G-5	57	80	0	4	-2.758588
39	1.739130	1.833027	D-5	69	80	0	2	-3.266530
40	1.833027	1.926924	G-5	56	80	0	5	-3.228870
41	1.926924	2.020821	B-4	56	80	0	2	-4.028221
42	2.000000	2.250000	D-2	53	80	1	-5	-4.456078
43	2.000000	2.250000	D-3	62	80	1	-1	-1.202832
44	2.020821	2.114717	D-5	67	80	0	4	-2.758588
45	2.114717	2.208614	G-4	55	80	0	2	-4.666481
46	2.208614	2.302511	B-4	53	80	0	4	-2.758588
47	2.250000	2.500000	A-3	56	80	1	-5	-5.919258
48	2.250000	2.500000	D-4	56	80	1	-2	-3.272976
49	2.250000	2.500000	F4	66	80	1	-1	-3.262923
50	2.302511	2.396407	D-4	74	80	0	1	-2.969918
51	2.396407	2.490304	D-5	69	80	0	5	-2.242366
52	2.490304	2.584201	A-4	63	80	0	2	-3.071676
53	2.500000	2.750000	A-3	59	80	1	-4	-4.497131
54	2.500000	2.750000	C-4	59	80	1	-2	-3.571868
55	2.500000	2.750000	E-4	69	80	1	-1	-3.194227
56	2.584201	2.676793	D-5	75	80	0	4	-2.909306
57	2.676793	2.769386	A-4	67	80	0	1	-3.216633
58	2.750000	3.000000	A-2	74	80	1	-5	-4.212346
59	2.769386	2.861979	A-5	61	80	0	5	-2.242366
60	2.861979	2.954571	A-4	75	80	0	1	-1.922714
61	2.954571	3.047164	A-5	68	80	0	5	-2.242366
62	3.000000	4.000000	D-3	70	80	1	-5	-5.427640
63	3.047164	3.139756	E-5	61	80	0	2	-3.071676
64	3.139756	3.232349	A-5	81	80	0	4	-2.909306
65	3.232349	3.324942	E-5	74	80	0	1	-3.216633
66	3.250000	3.500000	A-3	62	80	1	-3	-3.416097
67	3.250000	3.500000	C-4	62	80	1	-2	-2.872099
68	3.250000	3.500000	E-4	73	80	1	-1	-3.194227
69	3.324942	3.417534	E-6	70	80	0	5	-2.242366
70	3.417534	3.508858	E-5	82	80	0	1	-1.922714
71	3.500000	4.000000	A-3	70	80	1	-3	-4.266477
72	3.500000	4.000000	C-4	70	80	1	-2	-2.872099
73	3.500000	4.000000	D-4	84	80	1	-1	-3.101885
74	3.508858	3.600183	E-6	73	80	0	5	-2.242366
75	3.600183	3.691507	A-5	68	80	0	2	-3.263552
76	3.691507	3.782831	E-6	86	80	0	5	-3.528229
77	3.782831	3.874155	A-5	69	80	0	1	-3.425130
78	3.874155	3.965479	A-6	67	80	0	5	-2.242366
79	3.965479	4.056804	A-5	89	80	0	1	-1.922714
80	4.000000	4.250000	G-3	79	80	1	-5	-3.242781
81	4.000000	4.250000	B-3	79	80	1	-3	-3.170876
82	4.000000	4.250000	D-4	79	80	1	-2	-3.046717
83	4.000000	4.250000	G-4	93	80	1	-1	-2.320150
84	4.056804	4.148128	A-6	77	80	0	5	-2.242366
85	4.148128	4.239452	D-6	75	80	0	2	-3.263552
86	4.239452	4.329542	A-6	92	80	0	5	-3.528229
87	4.250000	4.500000	G-3	75	80	1	-5	-2.314770
88	4.250000	4.500000	C-4	75	80	1	-3	-4.118108
89	4.250000	4.500000	E-4	75	80	1	-2	-3.749711
90	4.250000	4.500000	G-4	88	80	1	-1	-2.415329
91	4.329542	4.419632	D-6	83	80	0	1	-3.425130
92	4.419632	4.509722	D-7	78	80	0	5	-2.242366
93	4.500000	5.000000	G-3	79	80	1	-5	-2.314770
94	4.500000	5.000000	B-3	79	80	1	-3	-3.170876
95	4.500000	5.000000	D-4	79	80	1	-2	-3.046717
96	4.500000	5.000000	G-4	93	80	1	-1	-2.320150
97	4.509722	4.606341	G-6	96	80	0	2	-3.263552
98	4.606341	4.702959	B-6	78	80	0	4	-2.758588
99	4.702959	4.799577	D-6	75	80	0	1	-2.969918
100	4.799577	4.896196	G-6	95	80	0	3	-3.401091
101	4.896196	4.992814	E-6	77	80	0	2	-3.674662
102	4.992814	5.089432	G-6	74	80	0	4	-2.758588
103	5.000000	5.250000	G-2	53	80	1	-5	-5.451251
104	5.000000	5.250000	G-3	62	80	1	-1	-1.202832
105	5.089432	5.186051	D-6	95	80	0	2	-3.266530
106	5.186051	5.282669	G-6	76	80	0	4	-2.909306
107	5.250000	5.500000	C-4	46	80	1	-4	-7.964472
108	5.250000	5.500000	E-4	46	80	1	-2	-3.159098
109	5.250000	5.500000	G-4	54	80	1	-1	-2.415329
110	5.282669	5.379287	B-5	74	80	0	1	-2.969918
111	5.379287	5.475906	D-6	85	80	0	3	-3.473158
112	5.475906	5.572524	G-5	75	80	0	1	-3.310457
113	5.500000	6.000000	B-3	54	80	1	-4	-4.458307
114	5.500000	6.000000	D-4	54	80	1	-2	-2.359478
115	5.500000	6.000000	G-4	63	80	1	-1	-2.320150
116	5.572524	5.669143	B-5	70	80	0	3	-3.473158
117	5.669143	5.765761	G-5	74	80	0	2	-3.674662
118	5.765761	5.862379	B-5	69	80	0	4	-2.758588
119	5.862379	5.958998	D-5	65	80	0	1	-2.969918
120	5.958998	6.055616	G-5	74	80	0	3	-3.401091
121	6.000000	6.250000	C-3	66	80	1	-5	-6.196562
122	6.055616	6.152234	E-5	69	80	0	2	-3.674662
123	6.152234	6.248853	G-5	66	80	0	4	-2.758588
124	6.248853	6.342749	D-5	74	80	0	2	-3.266530
125	6.250000	6.750000	A-3	60	80	1	-2	-4.731534
126	6.250000	6.750000	E-4	71	80	1	-1	-4.047397
127	6.342749	6.436646	G-5	67	80	0	4	-2.909306
128	6.436646	6.530543	B-4	70	80	0	1	-2.969918
129	6.530543	6.624440	D-5	74	80	0	3	-3.473158
130	6.624440	6.718336	G-4	65	80	0	1	-3.310457
131	6.718336	6.812233	B-4	68	80	0	3	-3.473158
132	6.750000	7.000000	C-3	64	80	1	-5	-5.345987
133	6.812233	6.906130	E-4	77	80	0	1	-3.310457
134	6.906130	7.000026	E-5	69	80	0	5	-2.242366
135	7.000000	7.250000	B-2	57	80	1	-5	-6.929501
136	7.000000	7.250000	F3	59	80	1	-2	-4.203307
137	7.000026	7.093923	A-4	66	80	0	2	-3.263552
138	7.031250	7.250000	D4	77	80	1	-1	-5.516002
139	7.093923	7.186516	E-5	77	80	0	5	-3.528229
140	7.186516	7.279108	A-4	67	80	0	1	-3.425130
141	7.250000	7.500000	B-3	56	80	1	-5	-5.919258
142	7.250000	7.500000	F4	56	80	1	-2	-4.203307
143	7.279108	7.371701	A-5	71	80	0	5	-2.242366
144	7.281250	7.500000	D5	71	80	1	-1	-5.516002
145	7.371701	7.464293	E-5	77	80	0	2	-3.071676
146	7.464293	7.556886	A-5	74	80	0	4	-2.909306
147	7.556886	7.649479	E-5	70	80	0	1	-3.216633
148	7.649479	7.742071	E-5	82	80	0	3	-5.268790
149	7.742071	7.834664	A-5	73	80	0	1	-5.548003
150	7.834664	7.927256	A-6	75	80	0	5	-2.242366
151	7.927256	8.018581	B-5	88	80	0	1	-3.027253
152	8.000000	8.250000	G-3	78	80	1	-5	-6.587391
153	8.000000	8.250000	B-3	78	80	1	-3	-3.170876
154	8.000000	8.250000	D-4	78	80	1	-2	-3.046717
155	8.000000	8.250000	G-4	92	80	1	-1	-2.320150
156	8.018581	8.109905	B-6	78	80	0	5	-2.242366
157	8.109905	8.201229	B-5	70	80	0	1	-1.922714
158	8.201229	8.292553	B-6	81	80	0	5	-2.242366
159	8.250000	8.500000	G-3	70	80	1	-5	-2.314770
160	8.250000	8.500000	C-4	70	80	1	-3	-4.118108
161	8.250000	8.500000	E-4	70	80	1	-2	-3.749711
162	8.250000	8.500000	G-4	83	80	1	-1	-2.415329
163	8.292553	8.383877	B-5	75	80	0	1	-1.922714
164	8.383877	8.475202	B-6	70	80	0	5	-2.242366
165	8.475202	8.566526	B-5	68	80	0	1	-1.922714
166	8.500000	9.000000	G-3	78	80	1	-5	-2.314770
167	8.500000	9.000000	B-3	78	80	1	-3	-3.170876
168	8.500000	9.000000	D-4	78	80	1	-2	-3.046717
169	8.500000	9.000000	G-4	92	80	1	-1	-2.320150
170	8.566526	8.657850	B-6	62	80	0	5	-2.242366
171	8.657850	8.749174	B-5	53	80	0	1	-1.922714
172	8.749174	8.840498	B-6	59	80	0	5	-2.242366
173	8.840498	8.931823	B-5	53	80	0	1	-1.922714
174	8.931823	9.023147	B-6	45	80	0	5	-2.242366
175	9.000000	9.250000	G-2	62	80	1	-5	-5.451251
176	9.000000	9.250000	G-3	62	80	1	-1	-1.202832
177	9.023147	9.119765	G-6	96	80	0	3	-3.509161
178	9.119765	9.216384	B-6	73	80	0	5	-2.681011
179	9.216384	9.313002	D-6	67	80	0	1	-2.845304
180	9.250000	9.500000	C-4	46	80	1	-4	-7.964472
181	9.250000	9.500000	E-4	46	80	1	-2	-3.159098
182	9.250000	9.500000	G-4	54	80	1	-1	-2.415329
183	9.313002	9.409620	G-6	90	80	0	3	-3.401091
184	9.409620	9.506239	E-6	67	80	0	2	-3.674662
185	9.500000	10.000000	B-3	53	80	1	-4	-4.458307
186	9.500000	10.000000	D-4	53	80	1	-2	-2.359478
187	9.500000	10.000000	G-4	62	80	1	-1	-2.320150
188	9.506239	9.602857	G-6	59	80	0	4	-2.758588
189	9.602857	9.699475	D-6	93	80	0	2	-3.266530
190	9.699475	9.796094	G-6	68	80	0	4	-2.909306
191	9.796094	9.892712	B-5	66	80	0	1	-2.969918
192	9.892712	9.989330	D-6	84	80	0	3	-3.473158
193	9.989330	10.085949	G-5	66	80	0	1	-3.310457
194	10.000000	10.250000	D-2	57	80	1	-5	-4.456078
195	10.000000	10.250000	D-3	67	80	1	-1	-1.202832
196	10.085949	10.182567	B-5	63	80	0	3	-3.473158
197	10.182567	10.279186	G-5	74	80	0	2	-3.674662
198	10.250000	10.500000	A-3	57	80	1	-5	-5.919258
199	10.250000	10.500000	D-4	57	80	1	-2	-3.272976
200	10.250000	10.500000	F4	67	80	1	-1	-3.262923
201	10.279186	10.375804	B-5	66	80	0	4	-2.758588
202	10.375804	10.472422	D-5	63	80	0	1	-2.969918
203	10.472422	10.569041	G-5	68	80	0	3	-3.401091
204	10.500000	10.750000	A-3	58	80	1	-4	-4.497131
205	10.500000	10.750000	C-4	58	80	1	-2	-3.571868
206	10.500000	10.750000	E-4	68	80	1	-1	-3.194227
207	10.569041	10.665659	E-5	65	80	0	2	-3.674662
208	10.665659	10.762277	G-5	62	80	0	4	-2.758588
209	10.750000	11.000000	A-2	72	80	1	-5	-4.212346
210	10.762277	10.858896	D-5	74	80	0	2	-3.266530
211	10.858896	10.955514	G-5	65	80	0	5	-3.228870
212	10.955514	11.052132	B-4	61	80	0	2	-4.028221
213	11.000000	12.000000	D-3	70	80	1	-5	-5.427640
214	11.052132	11.146029	D-5	74	80	0	4	-2.758588
215	11.146029	11.239926	G-4	67	80	0	2	-4.666481
216	11.239926	11.333823	B-4	65	80	0	4	-2.758588
217	11.250000	11.500000	A-3	62	80	1	-3	-3.416097
218	11.250000	11.500000	C-4	62	80	1	-2	-2.872099
219	11.250000	11.500000	E-4	73	80	1	-1	-3.194227
220	11.333823	11.427719	D-4	74	80	0	1	-2.969918
221	11.427719	11.521616	D-5	71	80	0	5	-2.242366
222	11.500000	12.000000	A-3	70	80	1	-3	-4.266477
223	11.500000	12.000000	C-4	70	80	1	-2	-2.872099
224	11.500000	12.000000	D-4	84	80	1	-1	-3.101885
225	11.521616	11.615513	A-4	67	80	0	2	-3.071676
226	11.615513	11.709409	D-5	75	80	0	4	-2.909306
227	11.709409	11.803306	A-4	70	80	0	1	-3.216633
228	11.803306	11.897203	A-5	65	80	0	5	-2.242366
229	11.897203	11.989795	A-4	72	80	0	1	-1.922714
230	11.989795	12.082388	A-5	70	80	0	5	-2.242366
231	12.000000	12.250000	G-3	79	80	1	-5	-3.242781
232	12.000000	12.250000	B-3	79	80	1	-3	-3.170876
233	12.000000	12.250000	D-4	79	80	1	-2	-3.046717
234	12.000000	12.250000	G-4	93	80	1	-1	-2.320150
235	12.082388	12.174981	E-5	67	80	0	2	-3.071676
236	12.174981	12.267573	A-5	78	80	0	4	-2.909306
237	12.250000	12.500000	G-3	75	80	1	-5	-2.314770
238	12.250000	12.500000	C-4	75	80	1	-3	-4.118108
239	12.250000	12.500000	E-4	75	80	1	-2	-3.749711
240	12.250000	12.500000	G-4	87	80	1	-1	-2.415329
241	12.267573	12.360166	E-5	74	80	0	1	-3.216633
242	12.360166	12.452758	E-6	72	80	0	5	-2.242366
243	12.452758	12.545351	E-5	82	80	0	1	-1.922714
244	12.500000	13.000000	G-3	79	80	1	-5	-2.314770
245	12.500000	13.000000	B-3	79	80	1	-3	-3.170876
246	12.500000	13.000000	D-4	79	80	1	-2	-3.046717
247	12.500000	13.000000	G-4	93	80	1	-1	-2.320150
248	12.545351	12.637944	E-6	78	80	0	5	-2.242366
249	12.637944	12.730536	A-5	78	80	0	2	-3.263552
250	12.730536	12.821860	E-6	80	80	0	5	-3.528229
251	12.821860	12.913185	A-5	77	80	0	1	-3.425130
252	12.913185	13.004509	A-6	73	80	0	5	-2.242366
253	13.000000	13.250000	G-2	53	80	1	-5	-5.451251
254	13.000000	13.250000	G-3	62	80	1	-1	-1.202832
255	13.004509	13.095833	A-5	88	80	0	1	-1.922714
256	13.095833	13.187157	A-6	81	80	0	5	-2.242366
257	13.187157	13.278481	D-6	73	80	0	2	-3.263552
258	13.250000	13.500000	C-4	48	80	1	-4	-7.964472
259	13.250000	13.500000	E-4	48	80	1	-2	-3.159098
260	13.250000	13.500000	G-4	56	80	1	-1	-2.415329
261	13.278481	13.369806	A-6	92	80	0	5	-3.528229
262	13.369806	13.461130	D-6	83	80	0	1	-3.425130
263	13.461130	13.552454	D-7	83	80	0	5	-2.242366
264	13.500000	14.000000	B-3	53	80	1	-4	-4.458307
265	13.500000	14.000000	D-4	53	80	1	-2	-2.359478
266	13.500000	14.000000	G-4	62	80	1	-1	-2.320150
267	13.552454	13.649072	G-6	98	80	0	2	-3.263552
268	13.649072	13.745691	B-6	74	80	0	4	-2.758588
269	13.745691	13.842309	D-6	70	80	0	1	-2.969918
270	13.842309	13.938927	G-6	93	80	0	3	-3.401091
271	13.938927	14.035546	E-6	72	80	0	2	-3.674662
272	14.000000	14.250000	C3	68	80	1	-5	-7.040401
273	14.035546	14.132164	G-6	73	80	0	4	-2.758588
274	14.132164	14.228782	D-6	96	80	0	2	-3.266530
275	14.228782	14.325401	G-6	75	80	0	4	-2.909306
276	14.250000	14.750000	A-3	56	80	1	-2	-4.281723
277	14.250000	14.750000	E-4	68	80	1	-1	-4.047397
278	14.325401	14.422019	B-5	68	80	0	1	-2.969918
279	14.422019	14.518638	D-6	84	80	0	3	-3.473158
280	14.518638	14.615256	G-5	69	80	0	1	-3.310457
281	14.615256	14.711874	B-5	64	80	0	3	-3.473158
282	14.711874	14.808493	G-5	74	80	0	2	-3.674662
283	14.750000	15.000000	A-2	70	80	1	-5	-4.212346
284	14.808493	14.905111	B-5	68	80	0	4	-2.758588
285	14.905111	15.001729	D-5	62	80	0	1	-2.969918
286	15.000000	15.250000	D-3	84	80	1	-5	-5.427640
287	15.001729	15.098348	G-5	71	80	0	3	-3.401091
288	15.098348	15.194966	E-5	65	80	0	2	-3.674662
289	15.194966	15.291584	G-5	67	80	0	4	-2.758588
290	15.250000	15.500000	A-3	66	80	1	-3	-3.416097
291	15.250000	15.500000	F4	77	80	1	-1	-4.531747
292	15.291584	15.385481	D-5	74	80	0	2	-3.266530
293	15.385481	15.479378	G-5	65	80	0	4	-2.909306
294	15.479378	15.573275	B-4	59	80	0	1	-2.969918
295	15.573275	15.667171	D-5	74	80	0	3	-3.473158
296	15.667171	15.761068	G-4	65	80	0	1	-3.310457
297	15.761068	15.854965	B-4	59	80	0	3	-3.473158
298	15.854965	15.948861	E-4	77	80	0	1	-3.310457
299	15.948861	16.042758	E-5	74	80	0	5	-2.242366
300	16.000000	16.250000	C4	52	80	1	-4	-4.223116
301	16.000000	16.250000	G-4	52	80	1	-2	-5.758735
302	16.000000	16.250000	A-4	62	80	1	-1	-2.578439
303	16.042758	16.136655	A-4	67	80	0	2	-3.263552
304	16.136655	16.230552	E-5	77	80	0	5	-3.528229
305	16.230552	16.324448	A-4	67	80	0	1	-3.425130
306	16.250000	16.500000	A-3	50	80	1	-5	-2.314770
307	16.250000	16.500000	G-4	50	80	1	-2	-5.277521
308	16.250000	16.500000	A-4	60	80	1	-1	-2.578439
309	16.324448	16.418345	A-5	70	80	0	5	-2.242366
310	16.418345	16.512242	E-5	75	80	0	2	-3.071676
311	16.500000	16.750000	D-4	56	80	1	-4	-3.752799
312	16.500000	16.750000	F4	56	80	1	-2	-2.871001
313	16.500000	16.750000	B-4	68	80	1	-1	-3.194227
314	16.512242	16.606138	A-5	71	80	0	4	-2.909306
315	16.606138	16.700035	E-5	67	80	0	1	-3.216633
316	16.700035	16.793932	E-6	82	80	0	5	-2.242366
317	16.750000	17.000000	A-3	48	80	1	-5	-3.842215
318	16.750000	17.000000	F4	48	80	1	-2	-6.336491
319	16.750000	17.000000	A-4	59	80	1	-1	-3.101885
320	16.793932	16.887829	A-5	79	80	0	1	-3.425130
321	16.887829	16.981725	A-6	74	80	0	5	-2.242366
322	16.981725	17.074318	E-5	85	80	0	1	-4.498352
323	17.000000	17.250000	C4	52	80	1	-5	-5.060396
324	17.000000	17.250000	G-4	52	80	1	-2	-5.232676
325	17.000000	17.250000	B-4	62	80	1	-1	-2.415329
326	17.074318	17.166910	E-6	74	80	0	5	-2.242366
327	17.166910	17.259503	A-5	71	80	0	2	-3.263552
328	17.250000	17.500000	A-3	48	80	1	-5	-3.842215
329	17.250000	17.500000	G-4	59	80	1	-2	-5.277521
330	17.250000	17.500000	A-4	59	80	1	-1	-2.578439
331	17.259503	17.352096	E-6	88	80	0	5	-3.528229
332	17.352096	17.444688	D-5	76	80	0	1	-3.460971
333	17.444688	17.537281	D-6	72	80	0	5	-2.242366
334	17.500000	17.750000	D-4	56	80	1	-3	-4.266477
335	17.500000	17.750000	F4	68	80	1	-1	-3.390615
336	17.537281	17.629873	A-5	81	80	0	2	-3.071676
337	17.629873	17.722466	D-6	73	80	0	4	-2.909306
338	17.722466	17.815059	A-5	67	80	0	1	-3.216633
339	17.750000	18.000000	A-3	60	80	1	-4	-4.497131
340	17.815059	17.907651	A-6	70	80	0	5	-2.242366
341	17.907651	18.000244	D-6	66	80	0	1	-3.425130
342	18.000000	18.250000	C3	68	80	1	-5	-6.195431
343	18.000244	18.092836	D-7	64	80	0	5	-2.242366
344	18.092836	18.185429	A-6	72	80	0	2	-3.071676
345	18.185429	18.278022	B-6	67	80	0	3	-2.675961
346	18.250000	18.500000	A-3	62	80	1	-4	-5.762335
347	18.250000	18.500000	E-4	62	80	1	-2	-3.734418
348	18.250000	18.500000	G-4	74	80	1	-1	-2.415329
349	18.278022	18.370614	A-6	61	80	0	2	-2.287533
350	18.370614	18.463207	E-6	72	80	0	1	-3.434905
351	18.463207	18.555799	E-7	67	80	0	5	-2.242366
352	18.500000	18.750000	A-3	59	80	1	-5	-3.181034
353	18.500000	18.750000	D-4	59	80	1	-2	-3.272976
354	18.500000	18.750000	F4	69	80	1	-1	-3.262923
355	18.555799	18.648392	E-6	58	80	0	1	-1.922714
356	18.648392	18.739716	D-6	78	80	0	3	-4.737465
357	18.739716	18.831040	E-6	74	80	0	4	-2.883688
358	18.750000	19.000000	D-3	68	80	1	-3	-7.576533
359	18.831040	18.922364	D-6	68	80	0	3	-2.238713
360	18.922364	19.013689	A-5	75	80	0	1	-2.905888
361	19.000000	19.250000	A-2	68	80	1	-5	-4.227379
362	19.013689	19.105013	A-6	71	80	0	5	-2.242366
363	19.105013	19.196337	A-5	66	80	0	1	-1.922714
364	19.196337	19.287661	A-5	72	80	0	2	-4.712397
365	19.250000	19.500000	A-3	54	80	1	-4	-4.924626
366	19.250000	19.500000	C4	54	80	1	-2	-2.871001
367	19.250000	19.500000	G-4	63	80	1	-1	-5.267467
368	19.287661	19.378985	B-5	67	80	0	3	-2.675961
369	19.378985	19.470310	A-5	65	80	0	2	-2.287533
370	19.470310	19.561634	E-5	72	80	0	1	-3.434905
371	19.500000	19.750000	D-2	68	80	1	-5	-4.456078
372	19.561634	19.652958	E-6	67	80	0	5	-2.242366
373	19.652958	19.744282	E-5	67	80	0	1	-1.922714
374	19.744282	19.835607	D-5	75	80	0	3	-4.737465
375	19.750000	20.000000	A-3	56	80	1	-4	-5.094177
376	19.750000	20.000000	D-4	56	80	1	-2	-2.507290
377	19.750000	20.000000	F4	66	80	1	-1	-3.262923
378	19.835607	19.926931	E-5	68	80	0	4	-2.883688
379	19.926931	20.018255	D-5	67	80	0	3	-2.238713
380	20.000000	20.250000	A-2	62	80	1	-5	-5.753604
381	20.018255	20.383552	A-4	72	80	0	1	-2.905888
382	20.250000	20.500000	C4	50	80	1	-5	-7.597455
383	20.250000	20.500000	G-4	50	80	1	-2	-5.232676
384	20.250000	20.500000	A-4	60	80	1	-1	-2.578439
385	20.383552	20.474876	E-5	70	80	0	2	-3.928858
386	20.474876	20.570114	A-5	67	80	0	4	-2.909306
387	20.500000	20.750000	D-4	56	80	1	-4	-3.752799
388	20.500000	20.750000	F4	56	80	1	-2	-2.871001
389	20.500000	20.750000	B-4	68	80	1	-1	-3.194227
390	20.570114	20.665352	B-5	74	80	0	5	-2.706622
391	20.665352	20.760590	A-5	70	80	0	4	-2.814339
392	20.750000	21.000000	A-3	50	80	1	-5	-3.842215
393	20.750000	21.000000	F4	50	80	1	-2	-6.336491
394	20.750000	21.000000	A-4	60	80	1	-1	-3.101885
395	20.760590	20.855828	E-5	67	80	0	2	-3.266530
396	20.855828	20.951066	D-5	71	80	0	1	-2.609267
397	20.951066	21.046304	A-5	73	80	0	2	-3.928858
398	21.000000	21.250000	C4	56	80	1	-5	-5.060396
399	21.000000	21.250000	G-4	56	80	1	-2	-5.232676
400	21.000000	21.250000	B-4	68	80	1	-1	-2.415329
401	21.046304	21.141543	D-6	72	80	0	4	-2.909306
402	21.141543	21.236781	E-6	74	80	0	5	-2.706622
403	21.236781	21.332019	D-6	69	80	0	4	-2.814339
404	21.250000	21.500000	A-3	52	80	1	-5	-3.842215
405	21.250000	21.500000	G-4	52	80	1	-2	-5.277521
406	21.250000	21.500000	A-4	62	80	1	-1	-2.578439
407	21.332019	21.427257	B-5	67	80	0	2	-3.359779
408	21.427257	21.522495	A-5	72	80	0	1	-2.609267
409	21.500000	21.750000	D-4	55	80	1	-3	-4.266477
410	21.500000	21.750000	F4	64	80	1	-1	-3.390615
411	21.522495	21.617733	E-6	69	80	0	2	-3.928858
412	21.617733	21.712971	A-6	67	80	0	4	-2.909306
413	21.712971	21.808209	B-6	72	80	0	5	-2.706622
414	21.750000	22.000000	A-3	62	80	1	-4	-4.497131
415	21.808209	21.903447	A-6	64	80	0	4	-2.814339
416	21.903447	21.998685	E-6	59	80	0	2	-3.266530
417	21.998685	22.093924	D-6	77	80	0	1	-2.609267
418	22.000000	22.250000	C3	74	80	1	-5	-6.195431
419	22.093924	22.189162	A-6	73	80	0	2	-3.928858
420	22.189162	22.284400	D-7	68	80	0	4	-2.909306
421	22.250000	22.500000	A-3	58	80	1	-4	-5.762335
422	22.250000	22.500000	E-4	58	80	1	-2	-3.734418
423	22.250000	22.500000	G-4	68	80	1	-1	-2.415329
424	22.284400	22.379638	E-7	72	80	0	5	-2.706622
425	22.379638	22.474876	D-7	68	80	0	4	-2.814339
426	22.474876	22.568773	B-6	68	80	0	3	-5.351242
427	22.568773	22.662669	A-6	72	80	0	2	-2.287533
428	22.662669	22.756566	B-6	69	80	0	3	-2.675961
429	22.750000	23.000000	C2	70	80	1	-5	-5.805721
430	22.756566	22.850463	A-6	63	80	0	2	-2.287533
431	22.850463	22.944359	E-6	72	80	0	1	-3.434905
432	22.944359	23.038256	E-7	67	80	0	5	-2.242366
433	23.000000	23.250000	C3	78	80	1	-1	-1.202832
434	23.038256	23.132153	E-6	72	80	0	1	-1.922714
435	23.132153	23.226050	D-6	81	80	0	3	-4.737465
436	23.226050	23.319946	E-6	73	80	0	4	-2.883688
437	23.250000	23.500000	A-3	63	80	1	-5	-8.591130
438	23.250000	23.500000	E-4	63	80	1	-2	-2.554480
439	23.250000	23.500000	G-4	75	80	1	-1	-2.415329
440	23.319946	23.413843	D-6	67	80	0	3	-2.238713
441	23.413843	23.507740	A-5	77	80	0	1	-2.905888
442	23.507740	23.601636	A-6	75	80	0	5	-2.242366
443	23.601636	23.695533	A-5	67	80	0	1	-1.922714
444	23.695533	23.789430	A-5	79	80	0	2	-4.712397
445	23.750000	24.000000	C2	59	80	1	-5	-5.805721
446	23.750000	24.000000	C3	70	80	1	-1	-1.202832
447	23.789430	23.883327	B-5	70	80	0	3	-2.675961
448	23.883327	23.977223	A-5	65	80	0	2	-2.287533
449	23.977223	24.071120	E-5	73	80	0	1	-3.434905
450	24.000000	24.250000	D-2	69	80	1	-5	-4.582913
451	24.000000	24.250000	D-3	83	80	1	-1	-1.202832
452	24.071120	24.165017	E-6	68	80	0	5	-2.242366
453	24.165017	24.258913	E-5	65	80	0	1	-1.922714
454	24.250000	24.500000	B-3	62	80	1	-5	-7.923418
455	24.250000	24.500000	D-4	62	80	1	-3	-3.170876
456	24.250000	24.500000	G-4	73	80	1	-1	-2.717521
457	24.258913	24.352810	D-5	75	80	0	3	-4.737465
458	24.352810	24.446707	E-5	69	80	0	4	-2.883688
459	24.446707	24.540604	D-5	63	80	0	3	-2.238713
460	24.500000	24.750000	C2	62	80	1	-5	-5.805721
461	24.500000	24.750000	C3	73	80	1	-1	-1.202832
462	24.540604	24.916190	A-4	75	80	0	1	-2.905888
463	24.750000	25.000000	D-2	61	80	1	-5	-4.582913
464	24.750000	25.000000	D-3	72	80	1	-1	-1.202832
465	24.916190	25.010087	A-5	67	80	0	4	-3.867317
466	25.000000	25.250000	D2	69	80	1	-5	-4.598096
467	25.000000	25.250000	D3	81	80	1	-1	-1.202832
468	25.010087	25.103984	G-5	64	80	0	3	-2.238713
469	25.103984	25.197881	A-5	75	80	0	4	-2.883688
470	25.197881	25.291777	G-5	68	80	0	3	-2.238713
471	25.250000	25.500000	B-3	63	80	1	-4	-8.632181
472	25.250000	25.500000	G-4	77	80	1	-1	-3.451917
473	25.291777	25.385674	A-5	65	80	0	1	-5.198182
474	25.385674	25.480912	G-6	82	80	0	5	-4.284649
475	25.480912	25.576150	A-5	71	80	0	1	-3.027253
476	25.500000	25.750000	D-2	64	80	1	-5	-4.456078
477	25.500000	25.750000	D-3	78	80	1	-1	-1.202832
478	25.576150	25.671388	G-5	65	80	0	4	-5.839612
479	25.671388	25.766626	A-5	74	80	0	5	-2.706622
480	25.750000	26.000000	D2	63	80	1	-5	-4.598096
481	25.750000	26.000000	D3	75	80	1	-1	-1.202832
482	25.766626	25.861865	G-5	67	80	0	4	-2.814339
483	25.861865	25.957103	A-5	64	80	0	5	-2.706622
484	25.957103	26.052341	A-4	64	80	0	1	-1.922714
485	26.000000	26.250000	E-2	70	80	1	-5	-4.582913
486	26.000000	26.250000	E-3	82	80	1	-1	-1.202832
487	26.052341	26.147579	A-5	68	80	0	4	-3.867317
488	26.147579	26.242817	G-5	63	80	0	3	-2.238713
489	26.242817	26.336714	A-5	71	80	0	4	-2.883688
490	26.250000	26.750000	B-3	68	80	1	-5	-5.919258
491	26.250000	26.750000	G-4	80	80	1	-1	-4.009362
492	26.336714	26.430610	G-5	65	80	0	3	-2.238713
493	26.430610	26.524507	A-5	62	80	0	1	-5.198182
494	26.524507	26.618404	G-6	81	80	0	5	-4.284649
495	26.618404	26.712300	A-5	67	80	0	1	-3.027253
496	26.712300	26.806197	G-5	63	80	0	3	-4.737465
497	26.750000	27.000000	E-2	69	80	1	-5	-4.456078
498	26.750000	27.000000	E-3	81	80	1	-1	-1.202832
499	26.806197	26.900094	A-5	69	80	0	4	-2.883688
500	26.900094	26.993991	G-5	67	80	0	3	-2.238713
501	26.993991	27.087887	A-5	64	80	0	4	-2.883688
502	27.000000	27.250000	F-2	73	80	1	-5	-4.598096
503	27.000000	27.250000	F-3	88	80	1	-1	-1.202832
504	27.087887	27.183125	B-4	70	80	0	1	-3.549056
505	27.183125	27.278364	B-5	74	80	0	5	-2.242366
506	27.250000	27.750000	B-3	70	80	1	-5	-7.923418
507	27.250000	27.750000	G-4	84	80	1	-1	-4.009362
508	27.278363	27.373602	G-5	66	80	0	1	-5.557373
509	27.373602	27.468840	B-5	74	80	0	2	-2.525967
510	27.468840	27.564078	G-5	70	80	0	1	-3.157580
511	27.564078	27.659316	B-5	66	80	0	2	-2.525967
512	27.659316	27.754554	G-6	83	80	0	5	-3.767315
513	27.750000	28.000000	F-2	71	80	1	-5	-5.805721
514	27.750000	28.000000	F-3	85	80	1	-1	-1.202832
515	27.754554	27.849792	B-5	71	80	0	1	-2.845304
516	27.849792	27.945030	G-5	68	80	0	3	-5.936950
517	27.945030	28.037623	B-5	77	80	0	5	-2.681011
518	28.000000	28.250000	F2	84	80	1	-5	-3.181034
519	28.000000	28.250000	F3	97	80	1	-1	-1.202832
520	28.037623	28.130215	G-5	72	80	0	3	-3.509161
521	28.130215	28.222808	B-5	67	80	0	5	-2.681011
522	28.222808	28.315401	B-4	73	80	0	1	-1.922714
523	28.250000	28.500000	B-3	73	80	1	-3	-6.091799
524	28.250000	28.500000	D-4	73	80	1	-2	-3.046717
525	28.250000	28.500000	F4	88	80	1	-1	-3.262923
526	28.315401	28.407993	B-5	75	80	0	5	-2.242366
527	28.407993	28.500586	G-5	72	80	0	1	-5.557373
528	28.500000	28.750000	F-2	77	80	1	-5	-4.456078
529	28.500000	28.750000	F-3	90	80	1	-1	-1.202832
530	28.500586	28.593178	B-5	78	80	0	2	-2.525967
531	28.593178	28.685771	G-5	72	80	0	1	-3.157580
532	28.685771	28.778363	B-5	67	80	0	2	-2.525967
533	28.750000	29.000000	F2	77	80	1	-5	-3.181034
534	28.750000	29.000000	F3	90	80	1	-1	-1.202832
535	28.778363	28.870956	G-6	85	80	0	5	-3.767315
536	28.870956	28.963549	B-5	74	80	0	2	-4.028221
537	28.963549	29.056141	G-5	71	80	0	1	-3.157580
538	29.000000	29.250000	G-2	88	80	1	-5	-4.582913
539	29.000000	29.250000	G-3	103	80	1	-1	-1.202832
540	29.056141	29.148734	B-5	80	80	0	2	-2.525967
541	29.148734	29.241326	G-5	77	80	0	1	-3.157580
542	29.241326	29.333919	B-5	74	80	0	2	-2.525967
543	29.250000	29.500000	B-3	85	80	1	-4	-6.413364
544	29.250000	29.500000	D-4	85	80	1	-2	-2.359478
545	29.250000	29.500000	F-4	100	80	1	-1	-2.464298
546	29.333919	29.426512	G-5	80	80	0	1	-3.157580
547	29.426512	29.519104	B-5	77	80	0	2	-2.525967
548	29.500000	29.750000	F2	80	80	1	-5	-5.805721
549	29.500000	29.750000	F3	95	80	1	-1	-1.202832
550	29.519104	29.611697	G-5	78	80	0	1	-3.157580
551	29.611697	29.704289	B-6	87	80	0	5	-6.268865
552	29.704289	29.796882	B-5	76	80	0	2	-6.198359
553	29.750000	30.000000	G-2	78	80	1	-5	-4.582913
554	29.750000	30.000000	G-3	91	80	1	-1	-1.202832
555	29.796882	29.889475	G-5	70	80	0	1	-3.157580
556	29.889475	29.982067	A-6	89	80	0	5	-5.684589
557	29.982067	30.074660	B-5	70	80	0	2	-5.139378
558	30.000000	30.250000	G2	89	80	1	-5	-4.598096
559	30.000000	30.250000	G3	105	80	1	-1	-1.202832
560	30.074660	30.167252	G-5	73	80	0	1	-3.157580
561	30.167252	30.259845	G-6	89	80	0	5	-2.242366
562	30.250000	30.500000	G3	81	80	1	-5	-4.801795
563	30.250000	30.500000	D-4	81	80	1	-2	-5.232676
564	30.250000	30.500000	F-4	96	80	1	-1	-2.464298
565	30.259845	30.352438	B-5	78	80	0	2	-4.028221
566	30.352438	30.445030	G-5	73	80	0	1	-3.157580
567	30.445030	30.537623	D-6	80	80	0	4	-4.054949
568	30.500000	30.750000	A-2	81	80	1	-5	-6.587391
569	30.500000	30.750000	A-3	96	80	1	-1	-1.202832
570	30.537623	30.630215	B-5	73	80	0	2	-3.359779
571	30.630215	30.722808	G-5	76	80	0	1	-3.157580
572	30.722808	30.815401	B-6	90	80	0	5	-6.268865
573	30.750000	31.000000	A-3	81	80	1	-5	-4.801795
574	30.750000	31.000000	D-4	81	80	1	-2	-3.272976
575	30.750000	31.000000	F4	96	80	1	-1	-3.262923
576	30.815401	30.907993	B-5	76	80	0	2	-6.198359
577	30.907993	31.000586	G-5	79	80	0	1	-3.157580
578	31.000000	31.250000	B--2	86	80	1	-5	-5.860818
579	31.000000	31.250000	B--3	103	80	1	-1	-1.202832
580	31.000586	31.093178	A-6	94	80	0	5	-5.684589
581	31.093178	31.185771	B-5	77	80	0	2	-5.139378
582	31.185771	31.278363	G-5	76	80	0	1	-3.157580
583	31.250000	31.500000	B--3	79	80	1	-5	-4.801795
584	31.250000	31.500000	E-4	79	80	1	-2	-5.232676
585	31.250000	31.500000	G-4	94	80	1	-1	-2.415329
586	31.278363	31.370956	G-6	95	80	0	5	-2.242366
587	31.370956	31.463549	B-5	76	80	0	1	-2.845304
588	31.463549	31.556141	G-5	79	80	0	3	-5.936950
589	31.556141	31.648734	D-5	87	80	0	1	-2.905888
590	31.648734	31.741326	D-6	78	80	0	5	-2.242366
591	31.741326	31.833919	B-5	75	80	0	3	-3.509161
592	31.750000	32.000000	B--1	89	80	1	-5	-5.805721
593	31.750000	32.000000	B--2	106	80	1	-1	-1.202832
594	31.833919	31.925243	D-6	88	80	0	5	-2.681011
595	31.925243	32.016567	D-6	75	80	0	1	-5.027158
596	32.000000	33.000000	A-1	89	80	1	-5	-4.553252
597	32.000000	33.000000	A-2	106	80	1	-1	-1.202832
598	32.016567	32.107892	D-7	80	80	0	5	-2.242366
599	32.107892	32.199216	B-6	94	80	0	3	-3.509161
600	32.199216	32.290540	D-7	77	80	0	5	-2.681011
601	32.290540	32.381864	D-6	76	80	0	1	-1.922714
602	32.381864	32.473188	D-6	89	80	0	1	-4.507997
603	32.473188	32.564513	B-5	77	80	0	3	-5.936950
604	32.564513	32.655837	D-6	82	80	0	5	-2.681011
605	32.655837	32.747161	D-5	89	80	0	1	-1.922714
606	32.747161	32.838485	D-6	85	80	0	5	-2.242366
607	32.838485	32.929809	B-5	81	80	0	3	-3.509161
608	32.929809	33.021134	D-6	90	80	0	5	-2.681011
609	33.021134	33.112458	D-6	85	80	0	1	-5.027158
610	33.112458	33.203782	D-7	85	80	0	5	-2.242366
611	33.203782	33.295106	B-6	101	80	0	3	-3.509161
612	33.295106	33.386430	D-7	86	80	0	5	-2.681011
613	33.386430	33.477755	D-6	84	80	0	1	-1.922714
614	33.477755	33.569079	D-6	93	80	0	1	-4.507997
615	33.500000	33.875000	A-3	83	80	1	-5	-6.047974
616	33.500000	33.875000	D-4	83	80	1	-2	-3.272976
617	33.500000	33.875000	G-4	100	80	1	-1	-2.320150
618	33.569079	33.660403	B-5	85	80	0	3	-5.936950
619	33.660403	33.751727	D-6	80	80	0	5	-2.681011
620	33.751727	33.843051	D-5	94	80	0	1	-1.922714
621	33.843051	33.934376	D-6	85	80	0	5	-2.242366
622	33.875000	34.000000	A-3	77	80	1	-5	-3.181034
623	33.875000	34.000000	D-4	77	80	1	-2	-3.272976
624	33.875000	34.000000	G-4	92	80	1	-1	-2.320150
625	33.934376	34.025700	B-5	81	80	0	3	-3.509161
626	34.000000	35.000000	A-3	83	80	1	-5	-3.181034
627	34.000000	35.000000	D-4	83	80	1	-2	-3.272976
628	34.000000	35.000000	G-4	100	80	1	-1	-2.320150
629	34.025700	34.117024	D-6	94	80	0	5	-2.681011
630	34.117024	34.208348	D-6	84	80	0	1	-5.027158
631	34.208348	34.299672	D-7	80	80	0	5	-2.242366
632	34.299672	34.390997	A-6	95	80	0	2	-3.071676
633	34.390997	34.482321	D-7	85	80	0	5	-3.228870
634	34.482321	34.573645	D-6	83	80	0	1	-1.922714
635	34.573645	34.664969	D-6	95	80	0	2	-4.712397
636	34.664969	34.756293	A-5	90	80	0	1	-3.434905
637	34.756293	34.847618	D-6	86	80	0	5	-4.932539
638	34.847618	34.938942	D-5	97	80	0	1	-1.922714
639	34.938942	35.030266	D-6	90	80	0	5	-2.242366
640	35.030266	35.121590	G-5	85	80	0	2	-3.263552
641	35.121590	35.212914	D-6	93	80	0	5	-3.528229
642	35.212914	35.304239	D-5	87	80	0	1	-1.922714
643	35.304239	35.395563	D-5	84	80	0	3	-5.268790
644	35.395563	35.488155	G-4	95	80	0	1	-3.310457
645	35.488155	35.580748	D-5	90	80	0	5	-4.274449
646	35.580748	35.673341	D-4	85	80	0	1	-1.922714
647	35.673341	35.765933	D-4	100	80	0	3	-5.268790
648	35.765933	35.858526	G-3	89	80	0	1	-3.310457
649	35.858526	35.951118	D-4	85	80	0	5	-4.274449
650	35.951118	36.043711	E-3	74	80	0	1	-3.027253
651	36.000000	37.000000	A-1	52	80	1	-5	-4.456078
652	36.000000	37.000000	A-2	62	80	1	-1	-1.202832
653	36.043711	36.136304	G-3	71	80	0	2	-2.525967
654	36.136304	36.228896	D-4	72	80	0	4	-4.859095
655	36.228896	36.321489	E-4	77	80	0	5	-2.706622
656	36.321489	36.414081	G-3	70	80	0	1	-2.845304
657	36.414081	36.506674	D-4	72	80	0	2	-3.928858
658	36.506674	36.599267	E-4	81	80	0	3	-2.675961
659	36.599267	36.691859	G-4	78	80	0	5	-2.681011
660	36.691859	36.784452	D-4	75	80	0	2	-3.071676
661	36.784452	36.877044	E-4	83	80	0	1	-5.369497
662	36.877044	36.969637	G-4	77	80	0	2	-2.525967
663	36.969637	37.062230	D-5	73	80	0	5	-3.528229
664	37.062230	37.154822	E-4	87	80	0	1	-3.027253
665	37.154822	37.247415	G-4	80	80	0	2	-2.525967
666	37.247415	37.340007	D-5	77	80	0	4	-4.859095
667	37.340007	37.432600	E-5	89	80	0	5	-2.706622
668	37.432600	37.525193	G-4	78	80	0	1	-2.845304
669	37.500000	37.875000	A-3	52	80	1	-5	-6.047974
670	37.500000	37.875000	C4	52	80	1	-3	-4.118108
671	37.500000	37.875000	G-4	52	80	1	-2	-6.480701
672	37.500000	37.875000	A-4	62	80	1	-1	-2.578439
673	37.525193	37.617785	D-5	75	80	0	2	-3.928858
674	37.617785	37.710378	E-5	89	80	0	3	-2.675961
675	37.710378	37.802970	G-5	78	80	0	5	-2.681011
676	37.802970	37.895563	D-5	76	80	0	2	-3.071676
677	37.875000	38.000000	A-3	48	80	1	-5	-2.314770
678	37.875000	38.000000	C4	48	80	1	-3	-4.118108
679	37.875000	38.000000	G-4	48	80	1	-2	-6.480701
680	37.875000	38.000000	A-4	57	80	1	-1	-2.578439
681	37.895563	37.988155	E-5	89	80	0	3	-2.675961
682	37.988155	38.080748	D-6	78	80	0	5	-6.889866
683	38.000000	39.000000	A-3	52	80	1	-5	-2.314770
684	38.000000	39.000000	C4	52	80	1	-3	-4.118108
685	38.000000	39.000000	G-4	52	80	1	-2	-6.480701
686	38.000000	39.000000	A-4	62	80	1	-1	-2.578439
687	38.080748	38.173341	G-5	75	80	0	2	-3.263552
688	38.173341	38.265933	E-5	89	80	0	1	-3.157580
689	38.265933	38.358526	G-5	81	80	0	2	-2.525967
690	38.358526	38.451118	E-6	86	80	0	5	-3.767315
691	38.451118	38.543711	D-6	85	80	0	4	-2.814339
692	38.543711	38.636304	G-5	78	80	0	2	-4.666481
693	38.636304	38.728896	E-5	84	80	0	1	-3.157580
694	38.728896	38.821489	D-6	81	80	0	5	-4.284649
695	38.821489	38.914081	G-5	76	80	0	2	-3.263552
696	38.914081	39.006674	E-5	71	80	0	1	-3.157580
697	39.006674	39.099267	D-5	78	80	0	3	-4.737465
698	39.099267	39.191859	G-5	71	80	0	5	-3.128600
699	39.191859	39.284452	E-5	75	80	0	4	-4.387405
700	39.284452	39.377044	D-5	74	80	0	3	-2.238713
701	39.377044	39.469637	G-4	69	80	0	1	-3.310457
702	39.469637	39.562230	E-5	72	80	0	5	-3.707830
703	39.562230	39.654822	D-5	71	80	0	4	-2.814339
704	39.654822	39.747415	G-4	66	80	0	2	-4.666481
705	39.747415	39.840007	E-4	69	80	0	1	-3.157580
706	39.840007	39.932600	D-5	67	80	0	5	-4.284649
707	39.932600	40.025193	G-4	61	80	0	2	-3.263552
708	40.000000	40.500000	D-2	69	80	1	-5	-4.456078
709	40.025193	40.117785	E-4	65	80	0	1	-3.157580
710	40.117785	40.210378	D-4	64	80	0	3	-4.737465
711	40.210378	40.302970	G-4	59	80	0	5	-3.128600
712	40.302970	40.395563	E-4	62	80	0	3	-3.509161
713	40.395563	40.489460	A-3	52	80	0	1	-3.310457
714	40.489460	40.583356	E-4	54	80	0	2	-3.928858
715	40.500000	41.500000	A-3	59	80	1	-4	-5.094177
716	40.500000	41.500000	F4	70	80	1	-1	-4.387723
717	40.583356	40.677253	G-4	54	80	0	3	-3.012122
718	40.677253	40.771150	A-4	56	80	0	4	-2.883688
719	40.771150	40.865046	E-4	56	80	0	1	-3.216633
720	40.865046	40.958943	G-4	54	80	0	2	-2.525967
721	40.958943	41.052840	A-4	58	80	0	3	-2.675961
722	41.052840	41.146737	E-5	58	80	0	5	-4.855832
723	41.146737	41.240633	G-4	56	80	0	1	-2.845304
724	41.240633	41.334530	A-4	60	80	0	2	-2.867384
725	41.334530	41.428427	E-5	60	80	0	4	-4.859095
726	41.428427	41.522323	G-5	58	80	0	5	-3.402079
727	41.500000	41.875000	G3	53	80	1	-5	-3.181034
728	41.500000	41.875000	F-4	63	80	1	-1	-4.009362
729	41.522323	41.616220	A-4	62	80	0	1	-3.027253
730	41.616220	41.710117	E-5	58	80	0	2	-3.928858
731	41.710117	41.804014	G-5	62	80	0	3	-3.012122
732	41.804014	41.897910	A-5	62	80	0	4	-2.883688
733	41.875000	42.000000	A-3	53	80	1	-4	-4.339145
734	41.875000	42.000000	F4	63	80	1	-1	-4.387723
735	41.897910	41.991807	E-5	54	80	0	1	-3.216633
736	41.991807	42.085704	G-5	58	80	0	2	-2.525967
737	42.000000	42.500000	D-3	69	80	1	-5	-5.753604
738	42.085704	42.179600	A-5	62	80	0	3	-2.675961
739	42.179600	42.273497	E-6	65	80	0	5	-4.855832
740	42.273497	42.367394	G-5	60	80	0	1	-2.845304
741	42.367394	42.461291	A-5	62	80	0	2	-2.867384
742	42.461291	42.555187	G-6	58	80	0	5	-6.184352
743	42.500000	43.500000	A-3	61	80	1	-3	-3.416097
744	42.500000	43.500000	F4	72	80	1	-1	-4.531747
745	42.555187	42.649084	E-6	59	80	0	4	-4.387405
746	42.649084	42.742981	A-5	59	80	0	2	-4.666481
747	42.742981	42.836877	G-5	59	80	0	1	-2.609267
748	42.836877	42.930774	E-6	58	80	0	4	-4.268071
749	42.930774	43.024671	A-5	58	80	0	1	-2.857522
750	43.024671	43.118568	G-5	57	80	0	3	-4.737465
751	43.118568	43.212464	E-5	56	80	0	2	-3.674662
752	43.212464	43.306361	A-5	56	80	0	4	-2.909306
753	43.306361	43.400258	G-5	56	80	0	3	-2.238713
754	43.400258	43.494154	E-5	54	80	0	2	-3.674662
755	43.494154	43.588051	A-4	54	80	0	1	-4.740672
756	43.500000	43.875000	G3	63	80	1	-5	-3.181034
757	43.500000	43.875000	F-4	75	80	1	-1	-4.009362
758	43.588051	43.681948	G-5	52	80	0	5	-4.284649
759	43.681948	43.775845	E-5	52	80	0	4	-4.387405
760	43.775845	43.869741	A-4	52	80	0	2	-4.666481
761	43.869741	43.963638	G-4	51	80	0	1	-2.609267
762	43.875000	44.000000	A-3	57	80	1	-4	-4.339145
763	43.875000	44.000000	F4	69	80	1	-1	-4.387723
764	43.963638	44.057535	E-5	51	80	0	4	-4.268071
765	44.000000	44.250000	F3	83	80	1	-5	-2.314770
766	44.057535	44.151431	A-4	50	80	0	1	-2.857522
767	44.151431	44.245328	G-4	49	80	0	3	-4.737465
768	44.245328	44.339225	E-4	49	80	0	2	-3.674662
769	44.250000	44.500000	A-3	53	80	1	-4	-4.807638
770	44.250000	44.500000	D-4	53	80	1	-2	-2.507290
771	44.250000	44.500000	F4	63	80	1	-1	-3.262923
772	44.339225	44.433122	A-4	48	80	0	4	-2.909306
773	44.433122	44.527018	G-4	48	80	0	3	-2.238713
774	44.500000	44.750000	B--3	59	80	1	-5	-3.730225
775	44.500000	44.750000	D-4	59	80	1	-3	-3.351805
776	44.500000	44.750000	G-4	70	80	1	-1	-2.717521
777	44.527018	44.620915	E-4	48	80	0	2	-3.674662
778	44.620915	44.714812	A-3	46	80	0	1	-4.740672
779	44.714812	44.808708	G-4	46	80	0	4	-4.869085
780	44.750000	45.000000	B-3	62	80	1	-5	-3.730225
781	44.750000	45.000000	D-4	62	80	1	-3	-3.170876
782	44.750000	45.000000	G4	75	80	1	-1	-4.001517
783	44.808708	44.902605	E-4	44	80	0	2	-3.359779
784	44.902605	44.997843	D-4	65	80	0	1	-2.609267
785	44.997843	45.093081	D-5	59	80	0	5	-2.242366
786	45.000000	45.500000	C-4	70	80	1	-5	-3.730225
787	45.000000	45.500000	D-4	70	80	1	-3	-4.350585
788	45.000000	45.500000	A-4	84	80	1	-1	-3.342645
789	45.093081	45.188319	A-4	55	80	0	2	-3.071676
790	45.188319	45.283558	D-5	65	80	0	4	-2.909306
791	45.283558	45.378796	F4	59	80	0	1	-3.549056
792	45.378796	45.474034	A-5	58	80	0	5	-6.659694
793	45.474034	45.569272	D-5	70	80	0	2	-3.263552
794	45.500000	45.750000	B-3	64	80	1	-5	-3.181034
795	45.500000	45.750000	D-4	64	80	1	-3	-3.170876
796	45.500000	45.750000	G4	77	80	1	-1	-4.001517
797	45.569272	45.664510	A-5	66	80	0	5	-3.528229
798	45.664510	45.759748	A-4	66	80	0	1	-1.922714
799	45.750000	46.000000	B--3	61	80	1	-5	-3.181034
800	45.750000	46.000000	D-4	61	80	1	-3	-3.351805
801	45.750000	46.000000	G-4	72	80	1	-1	-2.717521
802	45.759748	45.854986	D-5	70	80	0	4	-4.278061
803	45.854986	45.950224	A-4	66	80	0	2	-3.266530
804	45.950224	46.045462	D-5	62	80	0	5	-3.228870
805	46.000000	46.250000	A-3	63	80	1	-5	-3.181034
806	46.000000	46.250000	D-4	63	80	1	-2	-3.272976
807	46.000000	46.250000	F4	75	80	1	-1	-3.262923
808	46.045462	46.140700	D-4	65	80	0	1	-1.922714
809	46.140700	46.235938	D-5	63	80	0	5	-2.242366
810	46.235938	46.331177	A-4	58	80	0	2	-3.071676
811	46.250000	46.500000	D-3	69	80	1	-5	-5.753604
812	46.331177	46.426415	D-5	65	80	0	4	-2.909306
813	46.426415	46.521653	A-4	63	80	0	1	-3.216633
814	46.500000	47.000000	C-4	56	80	1	-4	-7.175636
815	46.500000	47.000000	D-4	56	80	1	-3	-3.762277
816	46.500000	47.000000	F4	56	80	1	-2	-4.126498
817	46.500000	46.750000	A-4	66	80	1	-1	-3.101885
818	46.521653	46.616891	A-5	57	80	0	5	-2.242366
819	46.616891	46.712129	D-5	65	80	0	2	-3.263552
820	46.712129	46.807367	A-5	59	80	0	5	-3.528229
821	46.750000	47.000000	B-4	71	80	1	-1	-5.955167
822	46.807367	46.902605	A-4	55	80	0	1	-1.922714
823	46.902605	46.997843	D-5	65	80	0	4	-4.278061
824	46.997843	47.093081	A-4	63	80	0	2	-3.266530
825	47.000000	48.000000	C-4	64	80	1	-5	-4.598096
826	47.000000	48.000000	D-4	64	80	1	-4	-4.807638
827	47.000000	48.000000	F4	64	80	1	-2	-2.871001
828	47.000000	47.500000	C-5	77	80	1	-1	-2.320150
829	47.093081	47.188319	D-5	58	80	0	5	-3.228870
830	47.188319	47.282216	D-4	65	80	0	1	-1.922714
831	47.282216	47.376113	D-5	58	80	0	5	-2.242366
832	47.376113	47.470010	A-4	56	80	0	2	-3.071676
833	47.470010	47.563906	D-5	65	80	0	5	-3.228870
834	47.500000	47.750000	B-4	72	80	1	-2	-3.720116
835	47.563906	47.657803	D-5	58	80	0	1	-5.027158
836	47.657803	47.751700	D-6	55	80	0	5	-2.242366
837	47.750000	48.000000	A-4	71	80	1	-1	-4.644141
838	47.751700	47.845596	A-5	71	80	0	2	-3.071676
839	47.845596	47.939493	D-6	64	80	0	5	-3.228870
840	47.939493	48.033390	D-5	62	80	0	1	-1.922714
841	48.000000	48.250000	G-3	79	80	1	-5	-3.842215
842	48.000000	48.250000	B-3	79	80	1	-3	-3.170876
843	48.000000	48.250000	D-4	79	80	1	-2	-3.046717
844	48.000000	48.250000	G-4	93	80	1	-1	-2.320150
845	48.033390	48.127287	D-5	71	80	0	2	-4.712397
846	48.127287	48.221183	A-4	67	80	0	1	-3.434905
847	48.221183	48.315080	D-5	62	80	0	3	-3.401091
848	48.250000	48.500000	G-3	76	80	1	-5	-2.314770
849	48.250000	48.500000	C-4	76	80	1	-3	-4.118108
850	48.250000	48.500000	E-4	76	80	1	-2	-3.749711
851	48.250000	48.500000	G-4	89	80	1	-1	-2.415329
852	48.315080	48.408977	A-4	65	80	0	1	-2.905888
853	48.408977	48.502873	A-5	59	80	0	5	-2.242366
854	48.500000	49.000000	G-3	79	80	1	-5	-2.314770
855	48.500000	49.000000	B-3	79	80	1	-3	-3.170876
856	48.500000	49.000000	D-4	79	80	1	-2	-3.046717
857	48.500000	49.000000	G-4	93	80	1	-1	-2.320150
858	48.502873	48.596770	D-5	54	80	0	2	-3.263552
859	48.596770	48.690667	A-5	65	80	0	5	-3.528229
860	48.690667	48.784564	A-5	58	80	0	1	-5.027158
861	48.784564	48.878460	A-6	59	80	0	5	-2.242366
862	48.878460	48.971053	D-6	65	80	0	2	-3.263552
863	48.971053	49.063645	A-6	57	80	0	5	-3.528229
864	49.000000	49.250000	G-2	53	80	1	-5	-5.451251
865	49.000000	49.250000	G-3	62	80	1	-1	-1.202832
866	49.063645	49.156238	A-5	60	80	0	1	-1.922714
867	49.156238	49.248831	A-5	65	80	0	3	-5.268790
868	49.248831	49.341423	D-5	63	80	0	1	-3.310457
869	49.250000	49.500000	C-4	48	80	1	-4	-7.964472
870	49.250000	49.500000	E-4	48	80	1	-2	-3.159098
871	49.250000	49.500000	G-4	57	80	1	-1	-2.415329
872	49.341423	49.434016	A-5	56	80	0	4	-4.054949
873	49.434016	49.526608	D-5	65	80	0	1	-2.857522
874	49.500000	50.000000	B-3	53	80	1	-4	-4.458307
875	49.500000	50.000000	D-4	53	80	1	-2	-2.359478
876	49.500000	50.000000	G-4	62	80	1	-1	-2.320150
877	49.526608	49.619201	E-5	62	80	0	2	-2.867384
878	49.619201	49.711794	D-5	57	80	0	1	-2.609267
879	49.711794	49.804386	E-6	64	80	0	5	-5.684589
880	49.804386	49.896979	D-6	61	80	0	4	-2.814339
881	49.896979	49.989571	E-7	61	80	0	5	-8.032197
882	49.989571	50.082164	D-7	73	80	0	4	-2.814339
883	50.000000	50.250000	D-2	54	80	1	-5	-4.456078
884	50.000000	50.250000	D-3	65	80	1	-1	-1.202832
885	50.082164	50.174757	E-7	65	80	0	5	-2.706622
886	50.174757	50.267349	D-7	66	80	0	4	-2.814339
887	50.250000	50.500000	A-3	54	80	1	-5	-5.919258
888	50.250000	50.500000	D-4	54	80	1	-2	-3.272976
889	50.250000	50.500000	F4	65	80	1	-1	-3.262923
890	50.267349	50.359942	D-6	80	80	0	1	-3.627794
891	50.359942	50.452534	E-6	75	80	0	2	-2.867384
892	50.452534	50.545127	D-6	70	80	0	1	-2.609267
893	50.500000	50.750000	A-3	56	80	1	-4	-4.497131
894	50.500000	50.750000	C-4	56	80	1	-2	-3.571868
895	50.500000	50.750000	E-4	66	80	1	-1	-3.194227
896	50.545127	50.636451	D-5	81	80	0	1	-7.395652
897	50.636451	50.727775	E-5	77	80	0	2	-2.867384
898	50.727775	50.819100	D-5	73	80	0	1	-2.609267
899	50.750000	51.000000	A-2	68	80	1	-5	-4.212346
900	50.819100	50.910424	E-6	78	80	0	5	-5.684589
901	50.910424	51.001748	D-6	70	80	0	4	-2.814339
902	51.000000	52.000000	D-3	66	80	1	-5	-5.427640
903	51.001748	51.093072	E-7	74	80	0	5	-8.032197
904	51.093072	51.184396	D-7	73	80	0	4	-2.814339
905	51.184396	51.275721	E-7	70	80	0	5	-2.706622
906	51.250000	51.500000	A-3	59	80	1	-3	-3.416097
907	51.250000	51.500000	C-4	59	80	1	-2	-2.872099
908	51.250000	51.500000	E-4	70	80	1	-1	-3.194227
909	51.275721	51.367045	D-7	66	80	0	4	-2.814339
910	51.367045	51.458369	D-6	70	80	0	1	-3.627794
911	51.458369	51.549693	E-6	67	80	0	2	-2.867384
912	51.500000	52.000000	A-3	68	80	1	-3	-4.266477
913	51.500000	52.000000	C-4	68	80	1	-2	-2.872099
914	51.500000	52.000000	D-4	79	80	1	-1	-3.101885
915	51.549693	51.641017	D-6	66	80	0	1	-2.609267
916	51.641017	51.732342	D-7	65	80	0	4	-3.867317
917	51.732342	51.823666	E-7	65	80	0	5	-2.706622
918	51.823666	51.914990	D-7	62	80	0	4	-2.814339
919	51.914990	52.006314	D-6	66	80	0	1	-3.627794
920	52.000000	52.250000	G-3	79	80	1	-5	-3.242781
921	52.000000	52.250000	B-3	79	80	1	-3	-3.170876
922	52.000000	52.250000	D-4	79	80	1	-2	-3.046717
923	52.000000	52.250000	G-4	93	80	1	-1	-2.320150
924	52.006314	52.097638	E-6	69	80	0	2	-2.867384
925	52.097638	52.188963	D-6	65	80	0	1	-2.609267
926	52.188963	52.279053	D-7	71	80	0	4	-3.867317
927	52.250000	52.500000	G-3	75	80	1	-5	-2.314770
928	52.250000	52.500000	C-4	75	80	1	-3	-4.118108
929	52.250000	52.500000	E-4	75	80	1	-2	-3.749711
930	52.250000	52.500000	G-4	88	80	1	-1	-2.415329
931	52.279053	52.369143	E-7	68	80	0	5	-2.706622
932	52.369143	52.459233	D-7	72	80	0	4	-2.814339
933	52.459233	52.549323	D-6	75	80	0	1	-3.627794
934	52.500000	53.000000	G-3	79	80	1	-5	-2.314770
935	52.500000	53.000000	B-3	79	80	1	-3	-3.170876
936	52.500000	53.000000	D-4	79	80	1	-2	-3.046717
937	52.500000	53.000000	G-4	93	80	1	-1	-2.320150
938	52.549323	52.639413	E-6	72	80	0	2	-2.867384
939	52.639413	52.729503	D-6	68	80	0	1	-2.609267
940	52.729503	52.819593	D-7	79	80	0	4	-3.867317
941	52.819593	52.909683	E-7	75	80	0	5	-2.706622
942	52.909683	52.999773	D-7	70	80	0	4	-2.814339
943	52.999773	53.089863	D-6	74	80	0	1	-3.627794
944	53.000000	53.250000	G-2	54	80	1	-5	-5.451251
945	53.000000	53.250000	G-3	65	80	1	-1	-1.202832
946	53.089863	53.179954	E-6	69	80	0	2	-2.867384
947	53.179954	53.270044	D-6	68	80	0	1	-2.609267
948	53.250000	53.500000	C-4	52	80	1	-4	-7.964472
949	53.250000	53.500000	E-4	52	80	1	-2	-3.159098
950	53.250000	53.500000	G-4	61	80	1	-1	-2.415329
951	53.270044	53.360134	D-7	71	80	0	4	-3.867317
952	53.360134	53.450224	E-7	67	80	0	5	-2.706622
953	53.450224	53.540314	D-7	64	80	0	4	-2.814339
954	53.500000	54.000000	B-3	54	80	1	-4	-4.458307
955	53.500000	54.000000	D-4	54	80	1	-2	-2.359478
956	53.500000	54.000000	G-4	65	80	1	-1	-2.320150
957	53.540314	53.630404	D-6	67	80	0	1	-3.627794
958	53.630404	53.720494	E-6	66	80	0	2	-2.867384
959	53.720494	53.810584	D-6	65	80	0	1	-2.609267
960	53.810584	53.907203	G-6	96	80	0	2	-2.963617
961	53.907203	54.003821	B-6	70	80	0	4	-2.758588
962	54.000000	54.250000	C-3	72	80	1	-5	-6.196562
963	54.003821	54.100439	D-6	70	80	0	1	-2.969918
964	54.100439	54.197058	G-6	92	80	0	3	-3.401091
965	54.197058	54.293676	E-6	74	80	0	2	-3.674662
966	54.250000	54.500000	A-3	56	80	1	-2	-4.731534
967	54.250000	54.500000	E-4	66	80	1	-1	-4.047397
968	54.293676	54.390294	G-6	70	80	0	4	-2.758588
969	54.390294	54.486913	D-6	97	80	0	2	-3.266530
970	54.486913	54.583531	G-6	74	80	0	4	-2.909306
971	54.500000	54.750000	F3	59	80	1	-5	-4.087479
972	54.500000	54.750000	B-3	59	80	1	-3	-3.351805
973	54.500000	54.750000	D4	70	80	1	-1	-3.390615
974	54.583531	54.680149	B-5	71	80	0	1	-2.969918
975	54.680149	54.776768	D-6	84	80	0	3	-3.473158
976	54.750000	55.000000	B-2	66	80	1	-5	-5.753604
977	54.776768	54.873386	G-5	73	80	0	1	-3.310457
978	54.873386	54.970004	B-5	70	80	0	3	-3.473158
979	54.970004	55.066623	G-5	74	80	0	2	-3.674662
980	55.000000	55.250000	C-3	72	80	1	-5	-7.597455
981	55.066623	55.163241	B-5	69	80	0	4	-2.758588
982	55.163241	55.259860	D-5	66	80	0	1	-2.969918
983	55.250000	55.500000	A-3	56	80	1	-2	-4.731534
984	55.250000	55.500000	E-4	66	80	1	-1	-4.047397
985	55.259860	55.356478	G-5	69	80	0	3	-3.401091
986	55.356478	55.453096	E-5	66	80	0	2	-3.674662
987	55.453096	55.549715	G-5	63	80	0	4	-2.758588
988	55.500000	55.750000	F3	62	80	1	-5	-4.087479
989	55.500000	55.750000	B-3	62	80	1	-3	-3.351805
990	55.500000	55.750000	D4	73	80	1	-1	-3.390615
991	55.549715	55.643611	D-5	74	80	0	2	-3.266530
992	55.643611	55.737508	G-5	68	80	0	5	-3.228870
993	55.737508	55.831405	B-4	63	80	0	2	-4.028221
994	55.750000	56.000000	B-2	75	80	1	-5	-5.753604
995	55.831405	55.925301	D-5	74	80	0	4	-2.758588
996	55.925301	56.019198	G-4	64	80	0	2	-4.666481
997	56.000000	56.250000	C-3	86	80	1	-5	-7.597455
998	56.019198	56.113095	B-4	61	80	0	4	-2.758588
999	56.113095	56.206992	D-4	74	80	0	1	-2.969918
1000	56.206992	56.300888	D-5	72	80	0	5	-2.242366
1001	56.250000	56.500000	C-4	63	80	1	-4	-4.924626
1002	56.250000	56.500000	E-4	63	80	1	-2	-3.159098
1003	56.250000	56.500000	A-4	75	80	1	-1	-2.320150
1004	56.300888	56.394785	A-4	67	80	0	2	-3.071676
1005	56.394785	56.487378	D-5	75	80	0	4	-2.909306
1006	56.487378	56.579970	A-4	66	80	0	1	-3.216633
1007	56.500000	56.750000	D-3	88	80	1	-5	-4.212346
1008	56.579970	56.672563	A-5	67	80	0	5	-2.242366
1009	56.672563	56.765155	A-4	72	80	0	1	-1.922714
1010	56.750000	57.000000	B-3	62	80	1	-4	-6.359022
1011	56.750000	57.000000	D-4	62	80	1	-2	-2.359478
1012	56.750000	57.000000	G-4	72	80	1	-1	-2.320150
1013	56.765155	56.857748	A-5	73	80	0	5	-2.242366
1014	56.857748	56.950341	E-5	71	80	0	2	-3.071676
1015	56.950341	57.042933	A-5	78	80	0	4	-2.909306
1016	57.000000	57.250000	C-3	90	80	1	-5	-6.196562
1017	57.042933	57.135526	E-5	76	80	0	1	-3.216633
1018	57.135526	57.228118	E-6	72	80	0	5	-2.242366
1019	57.228118	57.319443	E-5	82	80	0	1	-1.922714
1020	57.250000	57.500000	C-4	66	80	1	-4	-4.924626
1021	57.250000	57.500000	D-4	66	80	1	-3	-3.762277
1022	57.250000	57.500000	F4	66	80	1	-2	-4.126498
1023	57.250000	57.500000	A-4	77	80	1	-1	-3.101885
1024	57.319443	57.410767	E-6	77	80	0	5	-2.242366
1025	57.410767	57.502091	A-5	72	80	0	2	-3.263552
1026	57.500000	57.750000	B-2	92	80	1	-5	-5.805721
1027	57.502091	57.593415	E-6	86	80	0	5	-3.528229
1028	57.593415	57.684739	A-5	74	80	0	1	-3.425130
1029	57.684739	57.776064	A-6	75	80	0	5	-2.242366
1030	57.750000	58.000000	B-3	66	80	1	-5	-5.534856
1031	57.750000	58.000000	D-4	66	80	1	-4	-4.139458
1032	57.750000	58.000000	G-4	66	80	1	-2	-2.507290
1033	57.750000	58.000000	B-4	77	80	1	-1	-2.415329
1034	57.776064	57.867388	A-5	88	80	0	1	-1.922714
1035	57.867388	57.958712	A-6	81	80	0	5	-2.242366
1036	57.958712	58.050036	D-6	77	80	0	2	-3.263552
1037	58.000000	58.250000	C-3	94	80	1	-5	-6.716097
1038	58.050036	58.140126	A-6	89	80	0	5	-3.528229
1039	58.140126	58.230216	D-6	85	80	0	1	-3.425130
1040	58.230216	58.320306	D-7	83	80	0	5	-2.242366
1041	58.250000	58.500000	C-4	68	80	1	-4	-4.924626
1042	58.250000	58.500000	E-4	68	80	1	-2	-3.159098
1043	58.250000	58.500000	A-4	79	80	1	-1	-2.320150
1044	58.320306	58.416925	G-6	97	80	0	2	-3.263552
1045	58.416925	58.513543	B-6	74	80	0	4	-2.758588
1046	58.500000	58.750000	D-3	95	80	1	-5	-4.212346
1047	58.513543	58.610162	D-6	71	80	0	1	-2.969918
1048	58.610162	58.706780	G-6	94	80	0	3	-3.401091
1049	58.706780	58.803398	E-6	75	80	0	2	-3.674662
1050	58.750000	59.000000	B-3	68	80	1	-4	-6.359022
1051	58.750000	59.000000	D-4	68	80	1	-2	-2.359478
1052	58.750000	59.000000	G-4	79	80	1	-1	-2.320150
1053	58.803398	58.900017	G-6	73	80	0	4	-2.758588
1054	58.900017	58.996635	D-6	95	80	0	2	-3.266530
1055	58.996635	59.093253	G-6	76	80	0	4	-2.909306
1056	59.000000	59.250000	C-3	97	80	1	-5	-6.196562
1057	59.093253	59.189872	B-5	73	80	0	1	-2.969918
1058	59.189872	59.283768	D-6	86	80	0	3	-3.473158
1059	59.250000	59.500000	C-4	69	80	1	-4	-4.924626
1060	59.250000	59.500000	D-4	69	80	1	-3	-3.762277
1061	59.250000	59.500000	F4	69	80	1	-2	-4.126498
1062	59.250000	59.500000	A-4	81	80	1	-1	-3.101885
1063	59.283768	59.377665	G-5	77	80	0	1	-3.310457
1064	59.377665	59.471562	B-5	73	80	0	3	-3.473158
1065	59.471562	59.565459	G-5	74	80	0	2	-3.674662
1066	59.500000	59.750000	B-2	100	80	1	-5	-5.805721
1067	59.565459	59.659355	B-5	66	80	0	4	-2.758588
1068	59.659355	59.753252	D-5	64	80	0	1	-2.969918
1069	59.750000	60.000000	B-3	69	80	1	-5	-5.534856
1070	59.750000	60.000000	D-4	69	80	1	-4	-4.139458
1071	59.750000	60.000000	G-4	69	80	1	-2	-2.507290
1072	59.750000	60.000000	B-4	81	80	1	-1	-2.415329
1073	59.753252	59.847149	G-5	70	80	0	3	-3.401091
1074	59.847149	59.941045	E-5	67	80	0	2	-3.674662
1075	59.941045	60.034942	G-5	67	80	0	4	-2.758588
1076	60.000000	60.250000	C-3	94	80	1	-5	-6.716097
1077	60.034942	60.127535	D-5	74	80	0	2	-3.266530
1078	60.127535	60.220127	G-5	62	80	0	4	-2.909306
1079	60.220127	60.312720	B-4	55	80	0	1	-2.969918
1080	60.250000	60.750000	A-3	70	80	1	-4	-7.175636
1081	60.250000	60.750000	E-4	70	80	1	-2	-3.734418
1082	60.250000	60.750000	A-4	82	80	1	-1	-2.320150
1083	60.312720	60.405312	D-5	74	80	0	3	-3.473158
1084	60.405312	60.497905	G-4	64	80	0	1	-3.310457
1085	60.497905	60.590498	B-4	60	80	0	3	-3.473158
1086	60.590498	60.683090	E-4	74	80	0	1	-3.310457
1087	60.683090	60.775683	E-5	71	80	0	5	-2.242366
1088	60.750000	61.000000	C-3	94	80	1	-5	-6.473863
1089	60.775683	60.868275	A-4	67	80	0	2	-3.263552
1090	60.868275	60.959600	E-5	74	80	0	5	-3.528229
1091	60.959600	61.050924	A-4	72	80	0	1	-3.425130
1092	61.000000	61.250000	C3	104	80	1	-4	-3.907966
1093	61.050924	61.142248	A-5	67	80	0	5	-2.242366
1094	61.142248	61.233572	B-4	74	80	0	1	-3.027253
1095	61.233572	61.324896	B-5	85	80	0	5	-2.242366
1096	61.250000	61.750000	A-3	71	80	1	-5	-7.531097
1097	61.250000	61.750000	E-4	71	80	1	-3	-3.416097
1098	61.250000	61.750000	G-4	71	80	1	-2	-3.046717
1099	61.250000	61.750000	A-4	85	80	1	-1	-2.578439
1100	61.324896	61.416221	B-4	72	80	0	1	-1.922714
1101	61.416221	61.507545	B-5	74	80	0	5	-2.242366
1102	61.507545	61.598869	B-4	70	80	0	1	-1.922714
1103	61.598869	61.690193	B-5	66	80	0	5	-2.242366
1104	61.690193	61.780283	E-5	74	80	0	1	-3.425130
1105	61.750000	62.000000	C3	100	80	1	-5	-6.196562
1106	61.780283	61.870373	E-6	70	80	0	5	-2.242366
1107	61.870373	61.962966	A-5	70	80	0	2	-3.263552
1108	61.962966	62.053056	E-6	71	80	0	5	-3.528229
1109	62.000000	62.500000	D-3	112	80	1	-4	-5.131985
1110	62.053056	62.143146	A-5	69	80	0	1	-3.425130
1111	62.143146	62.237043	A-6	69	80	0	5	-2.242366
1112	62.237043	62.332281	B-5	72	80	0	1	-3.027253
1113	62.332281	62.427519	B-6	79	80	0	5	-2.242366
1114	62.427519	62.522757	B-5	69	80	0	1	-1.922714
1115	62.500000	63.000000	A-3	77	80	1	-5	-7.531097
1116	62.500000	63.000000	D-4	77	80	1	-5	-5.427640
1117	62.500000	63.000000	G-4	77	80	1	-3	-3.463793
1118	62.500000	63.000000	A-4	92	80	1	-2	-2.510186
1119	62.522757	62.617995	B-6	72	80	0	5	-2.242366
1120	62.617995	62.713233	B-5	72	80	0	1	-1.922714
1121	62.713233	62.808471	B-6	70	80	0	5	-2.242366
1122	62.808471	62.903710	B-5	74	80	0	1	-1.922714
1123	62.903710	62.998948	B-6	72	80	0	5	-2.242366
1124	62.998948	63.094186	E-6	72	80	0	2	-3.263552
1125	63.000000	63.500000	G-4	79	80	1	-3	-2.891080
1126	63.000000	63.500000	A-4	79	80	1	-2	-2.510186
1127	63.000000	63.500000	D-5	94	80	1	-1	-2.320150
1128	63.094186	63.189424	B-6	74	80	0	5	-3.528229
1129	63.189424	63.284662	A-5	69	80	0	1	-3.460971
1130	63.284662	63.379900	A-6	67	80	0	5	-2.242366
1131	63.379900	63.475138	A-5	75	80	0	1	-1.922714
1132	63.475138	63.570376	A-6	73	80	0	5	-2.242366
1133	63.570376	63.665614	D-6	70	80	0	2	-3.263552
1134	63.665614	63.760852	A-6	77	80	0	5	-3.528229
1135	63.760852	63.856091	G-5	69	80	0	1	-3.460971
1136	63.856091	63.951329	G-6	70	80	0	5	-2.242366
1137	63.951329	64.046567	D-5	77	80	0	1	-4.498352
1138	63.953125	64.000000	D-2	53	80	1	-5	-4.456078
1139	64.000000	65.484375	D-3	47	80	1	-4	-4.924626
1140	64.000000	65.484375	A-3	47	80	1	-1	-2.959487
1141	64.046567	64.141805	D-6	72	80	0	5	-2.242366
1142	64.141805	64.237043	A-5	69	80	0	2	-3.071676
1143	64.237043	64.332281	D-6	78	80	0	4	-2.909306
1144	64.332281	64.427519	A-5	72	80	0	1	-3.216633
1145	64.427519	64.522757	A-6	75	80	0	5	-2.242366
1146	64.522757	64.617995	G-5	78	80	0	1	-3.460971
1147	64.617995	64.713233	G-6	74	80	0	5	-2.242366
1148	64.713233	64.808471	D-6	72	80	0	2	-3.071676
1149	64.808471	64.903710	G-6	80	80	0	4	-2.909306
1150	64.903710	64.998948	D-6	74	80	0	1	-3.216633
1151	64.998948	65.094186	D-7	78	80	0	5	-2.242366
1152	65.000000	66.000000	D-3	30	80	1	-5	-3.242781
1153	65.000000	66.000000	A-3	30	80	1	-4	-4.864358
1154	65.000000	66.000000	C-4	30	80	1	-3	-4.235223
1155	65.000000	65.500000	E-4	47	80	1	-2	-3.749711
1156	65.000000	65.500000	G-4	56	80	1	-1	-2.415329
1157	65.094186	65.189424	B-5	80	80	0	1	-4.340619
1158	65.189424	65.284662	B-6	74	80	0	5	-2.242366
1159	65.284662	65.379900	E-6	71	80	0	2	-3.263552
1160	65.379900	65.475138	B-6	81	80	0	5	-3.528229
1161	65.475138	65.570376	A-5	79	80	0	1	-3.460971
1162	65.500000	66.000000	D-4	47	80	1	-2	-3.456527
1163	65.500000	66.000000	F4	56	80	1	-1	-3.262923
1164	65.570376	65.665614	A-6	76	80	0	5	-2.242366
1165	65.665614	65.760852	A-5	82	80	0	1	-1.922714
1166	65.760852	65.856091	A-6	76	80	0	5	-2.242366
1167	65.856091	65.951329	D-6	73	80	0	2	-3.263552
1168	65.951329	66.046567	A-6	82	80	0	5	-3.528229
1169	66.000000	67.000000	G-3	48	80	1	-5	-4.582913
1170	66.000000	66.250000	B-3	48	80	1	-4	-4.139458
1171	66.000000	66.250000	G-4	59	80	1	-1	-3.451917
1172	66.046567	66.141805	G-5	74	80	0	1	-3.460971
1173	66.141805	66.237043	G-6	70	80	0	5	-2.242366
1174	66.237043	66.332281	D-5	83	80	0	1	-4.498352
1175	66.250000	66.500000	D-4	44	80	1	-2	-3.456527
1176	66.332281	66.427519	D-6	74	80	0	5	-2.242366
1177	66.427519	66.522757	A-5	71	80	0	2	-3.071676
1178	66.500000	66.750000	C-4	50	80	1	-3	-4.407505
1179	66.500000	66.750000	A-4	60	80	1	-1	-4.469532
1180	66.522757	66.617995	D-6	83	80	0	4	-2.909306
1181	66.617995	66.713233	A-5	76	80	0	1	-3.216633
1182	66.713233	66.808471	A-6	82	80	0	5	-2.242366
1183	66.750000	67.000000	A-3	44	80	1	-5	-2.314770
1184	66.750000	67.000000	F4	52	80	1	-1	-5.006981
1185	66.808471	66.903710	G-5	86	80	0	1	-3.460971
1186	66.903710	66.998948	G-6	76	80	0	5	-2.242366
1187	66.998948	67.094186	D-6	73	80	0	2	-3.071676
1188	67.000000	68.000000	G-3	50	80	1	-5	-4.582913
1189	67.000000	67.250000	B-3	50	80	1	-4	-4.139458
1190	67.000000	67.250000	G-4	60	80	1	-1	-3.451917
1191	67.094186	67.189424	G-6	87	80	0	4	-2.909306
1192	67.189424	67.284662	D-6	79	80	0	1	-3.216633
1193	67.250000	67.500000	D-4	42	80	1	-2	-3.456527
1194	67.284662	67.379900	D-7	75	80	0	5	-2.242366
1195	67.379900	67.472493	B-5	83	80	0	1	-4.340619
1196	67.472493	67.565085	B-6	74	80	0	5	-2.242366
1197	67.500000	67.750000	C-4	50	80	1	-3	-4.407505
1198	67.500000	67.750000	A-4	60	80	1	-1	-4.469532
1199	67.565085	67.657678	E-6	75	80	0	2	-3.263552
1200	67.657678	67.750270	B-6	86	80	0	5	-3.528229
1201	67.750000	68.000000	A-3	42	80	1	-5	-2.314770
1202	67.750000	68.000000	F4	51	80	1	-1	-5.006981
1203	67.750270	67.842863	A-5	77	80	0	1	-3.460971
1204	67.842863	67.935456	A-6	74	80	0	5	-2.242366
1205	67.935456	68.028048	B-5	87	80	0	1	-3.027253
1206	68.000000	68.500000	G-3	59	80	1	-5	-4.582913
1207	68.000000	68.500000	B-3	59	80	1	-4	-4.139458
1208	68.000000	68.500000	G-4	69	80	1	-1	-3.451917
1209	68.028048	68.120641	B-6	80	80	0	5	-2.242366
1210	68.120641	68.213233	E-6	74	80	0	2	-3.263552
1211	68.213233	68.305826	B-6	84	80	0	5	-3.528229
1212	68.305826	68.398419	A-5	78	80	0	1	-3.460971
1213	68.398419	68.491011	A-6	74	80	0	5	-2.242366
1214	68.491011	68.583604	B-5	92	80	0	1	-3.027253
1215	68.500000	68.750000	F3	53	80	1	-5	-4.645128
1216	68.500000	68.750000	C-4	53	80	1	-2	-3.272976
1217	68.500000	68.750000	E-4	63	80	1	-1	-3.194227
1218	68.583604	68.676196	B-6	85	80	0	5	-2.242366
1219	68.676196	68.768789	E-6	81	80	0	2	-3.263552
1220	68.750000	69.000000	D-3	48	80	1	-5	-3.842215
1221	68.750000	69.000000	D-4	57	80	1	-1	-1.202832
1222	68.768789	68.861382	B-6	93	80	0	5	-3.528229
1223	68.861382	68.953974	A-5	85	80	0	1	-3.460971
1224	68.953974	69.046567	A-6	90	80	0	5	-2.242366
1225	69.000000	69.250000	G-3	56	80	1	-4	-3.752799
1226	69.000000	69.250000	B-3	56	80	1	-2	-2.359478
1227	69.000000	69.250000	E-4	66	80	1	-1	-2.320150
1228	69.046567	69.137891	B-5	94	80	0	1	-3.027253
1229	69.137891	69.229215	B-6	86	80	0	5	-2.242366
1230	69.229215	69.320539	E-6	83	80	0	2	-3.263552
1231	69.250000	69.500000	D-3	48	80	1	-5	-3.842215
1232	69.250000	69.500000	D-4	59	80	1	-1	-1.202832
1233	69.320539	69.411864	B-6	97	80	0	5	-3.528229
1234	69.411864	69.503188	A-5	80	80	0	1	-3.460971
1235	69.500000	69.750000	F3	56	80	1	-4	-5.233707
1236	69.500000	69.750000	C-4	56	80	1	-2	-2.507290
1237	69.500000	69.750000	E-4	68	80	1	-1	-3.194227
1238	69.503188	69.594512	A-6	88	80	0	5	-2.242366
1239	69.594512	69.685836	D-6	98	80	0	2	-3.263552
1240	69.685836	69.777160	B-6	90	80	0	5	-3.767315
1241	69.750000	70.000000	D-3	52	80	1	-5	-3.842215
1242	69.750000	70.000000	D-4	62	80	1	-1	-1.202832
1243	69.777160	69.868485	A-5	87	80	0	1	-3.460971
1244	69.868485	69.959809	A-6	100	80	0	5	-2.242366
1245	69.959809	70.051133	D-6	90	80	0	2	-3.263552
1246	70.000000	71.000000	G-3	48	80	1	-5	-3.242781
1247	70.000000	70.250000	B-3	48	80	1	-4	-4.139458
1248	70.000000	70.250000	G-4	59	80	1	-1	-3.451917
1249	70.051133	70.142457	B-6	92	80	0	5	-3.767315
1250	70.142457	70.233781	A-5	103	80	0	1	-3.460971
1251	70.233781	70.325106	A-6	93	80	0	5	-2.242366
1252	70.250000	70.500000	D-4	45	80	1	-2	-3.456527
1253	70.325106	70.416430	D-6	86	80	0	2	-3.263552
1254	70.416430	70.507754	B-6	94	80	0	5	-3.767315
1255	70.500000	70.750000	C-4	50	80	1	-3	-4.407505
1256	70.500000	70.750000	A-4	60	80	1	-1	-4.469532
1257	70.507754	70.599078	A-5	90	80	0	1	-3.460971
1258	70.599078	70.690402	A-6	86	80	0	5	-2.242366
1259	70.690402	70.781727	D-6	96	80	0	2	-3.263552
1260	70.750000	71.000000	A-3	46	80	1	-5	-2.314770
1261	70.750000	71.000000	F4	55	80	1	-1	-5.006981
1262	70.781727	70.873051	B-6	91	80	0	5	-3.767315
1263	70.873051	70.964375	A-5	85	80	0	1	-3.460971
1264	70.964375	71.055699	A-6	89	80	0	5	-2.242366
1265	71.000000	72.000000	G-3	51	80	1	-5	-4.582913
1266	71.000000	71.250000	B-3	51	80	1	-4	-4.139458
1267	71.000000	71.250000	G-4	61	80	1	-1	-3.451917
1268	71.055699	71.147023	D-6	82	80	0	2	-3.263552
1269	71.147023	71.238348	B-6	75	80	0	5	-3.767315
1270	71.238348	71.329672	A-5	85	80	0	1	-3.460971
1271	71.250000	71.500000	D-4	46	80	1	-2	-3.456527
1272	71.329672	71.420996	A-6	77	80	0	5	-2.242366
1273	71.420996	71.512320	D-6	71	80	0	2	-3.263552
1274	71.500000	71.750000	C-4	51	80	1	-3	-4.407505
1275	71.500000	71.750000	A-4	61	80	1	-1	-4.469532
1276	71.512320	71.603644	B-6	75	80	0	5	-3.767315
1277	71.603644	71.694969	A-5	68	80	0	1	-3.460971
1278	71.694969	71.785059	A-6	64	80	0	1	-6.856287
1279	71.750000	72.000000	A-3	47	80	1	-5	-2.314770
1280	71.750000	72.000000	F4	56	80	1	-1	-5.006981
1281	71.785059	71.918392	E-7	63	80	0	3	-3.751952
1282	71.918392	71.964054	D-7	57	80	0	2	-2.287533
1283	71.964054	72.055378	B-6	52	80	0	1	-3.157580
1284	72.000000	72.250000	G-3	55	80	1	-5	-4.582913
1285	72.000000	72.250000	B-3	55	80	1	-4	-4.139458
1286	72.000000	72.250000	G-4	64	80	1	-1	-3.451917
1287	72.055378	72.146702	A-6	57	80	0	3	-4.737465
1288	72.146702	72.238027	G-6	57	80	0	2	-2.287533
1289	72.238027	72.329351	E-6	54	80	0	1	-3.157580
1290	72.250000	72.500000	D-4	59	80	1	-2	-3.456527
1291	72.329351	72.420675	D-6	57	80	0	3	-4.737465
1292	72.420675	72.511999	B-5	57	80	0	1	-3.281335
1293	72.500000	72.750000	F3	59	80	1	-5	-4.626444
1294	72.500000	72.750000	C-4	59	80	1	-2	-3.272976
1295	72.500000	72.750000	E-4	70	80	1	-1	-3.194227
1296	72.511999	72.603323	A-5	53	80	0	3	-4.737465
1297	72.603323	72.694648	G-5	57	80	0	2	-2.287533
1298	72.694648	72.785972	E-5	57	80	0	1	-3.157580
1299	72.750000	73.000000	D-3	53	80	1	-5	-3.842215
1300	72.750000	73.000000	D-4	63	80	1	-1	-1.202832
1301	72.785972	72.877296	D-5	54	80	0	4	-5.839612
1302	72.877296	73.425241	A-4	65	80	0	2	-3.266530
1303	73.000000	73.250000	G-3	66	80	1	-4	-3.752799
1304	73.000000	73.250000	B-3	66	80	1	-2	-2.359478
1305	73.000000	73.250000	E-4	79	80	1	-1	-2.320150
1306	73.250000	73.500000	D-3	61	80	1	-5	-3.842215
1307	73.250000	73.500000	D-4	72	80	1	-1	-1.202832
1308	73.425241	73.836200	B-4	69	80	0	3	-2.675961
1309	73.500000	73.750000	F3	70	80	1	-4	-5.233707
1310	73.500000	73.750000	C-4	70	80	1	-2	-2.507290
1311	73.500000	73.750000	E-4	84	80	1	-1	-3.194227
1312	73.750000	74.000000	D-3	69	80	1	-5	-3.842215
1313	73.750000	74.000000	D-4	81	80	1	-1	-1.202832
1314	73.836200	73.973186	A-4	64	80	0	2	-2.287533
1315	73.973186	74.521132	G-4	71	80	0	1	-2.609267
1316	74.000000	74.500000	G-3	68	80	1	-5	-3.242781
1317	74.000000	74.500000	D-4	70	80	1	-3	-3.416097
1318	74.031250	74.500000	B-4	90	80	1	-1	-4.439870
1319	74.521132	74.617750	A-6	63	80	0	5	-7.995723
1320	74.617750	74.714368	B-6	53	80	0	5	-6.734218
1321	74.714368	74.810987	A-6	57	80	0	4	-2.814339
1322	74.750000	75.000000	D-3	79	80	1	-5	-5.860818
1323	74.750000	75.000000	A-3	79	80	1	-3	-3.416097
1324	74.750000	75.000000	C-4	79	80	1	-2	-2.872099
1325	74.750000	75.000000	F4	94	80	1	-1	-4.047397
1326	74.810987	74.907605	D-6	59	80	0	1	-2.857522
1327	74.907605	75.004223	D-7	59	80	0	5	-2.242366
1328	75.000000	75.500000	G-3	77	80	1	-5	-4.582913
1329	75.000000	75.500000	B-3	77	80	1	-4	-4.139458
1330	75.000000	75.500000	G-4	90	80	1	-1	-3.451917
1331	75.004223	75.100842	D-6	54	80	0	1	-1.922714
1332	75.100842	75.197460	D-6	63	80	0	3	-5.268790
1333	75.197460	75.294079	E-6	63	80	0	4	-2.883688
1334	75.294079	75.390697	D-6	63	80	0	3	-2.238713
1335	75.390697	75.487315	G-5	58	80	0	1	-3.310457
1336	75.487315	75.583934	G-6	55	80	0	5	-2.242366
1337	75.583934	75.680552	G-5	58	80	0	1	-1.922714
1338	75.680552	75.777170	A-5	63	80	0	2	-2.867384
1339	75.750000	76.000000	D-2	78	80	1	-5	-4.456078
1340	75.750000	76.000000	C-3	78	80	1	-3	-6.661981
1341	75.750000	76.000000	F3	93	80	1	-1	-3.342645
1342	75.777170	75.873789	B-5	54	80	0	3	-2.675961
1343	75.873789	75.970407	A-5	56	80	0	2	-2.287533
1344	75.970407	76.356880	D-5	78	80	0	1	-4.740672
1345	76.000000	76.500000	G-2	75	80	1	-5	-4.582913
1346	76.000000	76.500000	B-2	75	80	1	-4	-4.139458
1347	76.000000	76.500000	G-3	89	80	1	-1	-3.451917
1348	76.356880	76.453499	G-5	62	80	0	2	-2.963617
1349	76.453499	76.550117	A-5	57	80	0	3	-2.675961
1350	76.550117	76.646736	B-5	66	80	0	4	-2.883688
1351	76.646736	76.743354	A-5	64	80	0	3	-2.238713
1352	76.743354	76.839972	G-5	57	80	0	2	-2.287533
1353	76.750000	77.000000	D-2	80	80	1	-5	-3.781310
1354	76.839972	76.936591	D-5	62	80	0	1	-3.434905
1355	76.936591	77.033209	A-5	64	80	0	2	-3.928858
1356	77.000000	77.250000	G-1	71	80	1	-5	-6.147898
1357	77.000000	77.250000	G-2	85	80	1	-1	-1.202832
1358	77.033209	77.129827	D-6	61	80	0	4	-2.909306
1359	77.129827	77.226446	E-6	67	80	0	5	-2.706622
1360	77.226446	77.323064	D-6	65	80	0	4	-2.814339
1361	77.250000	77.500000	D-1	68	80	1	-5	-3.781310
1362	77.250000	77.500000	D-2	80	80	1	-1	-1.202832
1363	77.323064	77.419682	A-5	59	80	0	2	-3.266530
1364	77.419682	77.516301	G-5	66	80	0	1	-2.609267
1365	77.500000	77.750000	G-1	71	80	1	-5	-3.242781
1366	77.500000	77.750000	G-2	85	80	1	-1	-1.202832
1367	77.516301	77.612919	D-6	63	80	0	2	-3.928858
1368	77.612919	77.709537	G-6	59	80	0	4	-2.909306
1369	77.709537	77.806156	A-6	64	80	0	5	-2.706622
1370	77.750000	78.000000	D-1	68	80	1	-5	-3.781310
1371	77.750000	78.000000	D-2	80	80	1	-1	-1.202832
1372	77.806156	77.902774	G-6	64	80	0	4	-2.814339
1373	77.902774	77.999393	E-6	57	80	0	2	-3.359779
1374	77.999393	78.096011	D-6	70	80	0	1	-2.609267
1375	78.000000	78.500000	G-1	77	80	1	-5	-3.242781
1376	78.000000	78.500000	G-2	91	80	1	-1	-1.202832
1377	78.096011	78.192629	A-6	67	80	0	2	-3.928858
1378	78.192629	78.289248	D-7	65	80	0	4	-2.909306
1379	78.289248	78.385866	E-7	74	80	0	5	-2.706622
1380	78.385866	78.482484	D-7	67	80	0	4	-2.814339
1381	78.482484	78.579103	A-6	62	80	0	1	-3.216633
1382	78.579103	78.675721	G-6	62	80	0	3	-4.737465
1383	78.675721	78.772339	A-6	57	80	0	4	-2.883688
1384	78.750000	78.833333	G-2	53	80	1	-5	-4.801795
1385	78.772339	78.868958	G-6	56	80	0	3	-2.238713
1386	78.833333	78.916667	D-3	48	80	1	-3	-3.416097
1387	78.868958	78.965576	D-6	63	80	0	1	-2.905888
1388	78.916667	79.000000	B-3	46	80	1	-1	-4.439870
1389	78.965576	79.062194	D-7	59	80	0	5	-2.242366
1390	79.000000	79.083333	G-2	56	80	1	-5	-4.233080
1391	79.062194	79.158813	D-6	59	80	0	1	-1.922714
1392	79.083333	79.166667	D-3	51	80	1	-3	-3.416097
1393	79.158813	79.255431	D-6	63	80	0	2	-4.712397
1394	79.166667	79.250000	B-3	49	80	1	-1	-4.439870
1395	79.250000	79.333333	B-2	57	80	1	-5	-2.314770
1396	79.255431	79.352050	E-6	60	80	0	3	-2.675961
1397	79.333333	79.416667	G-3	52	80	1	-2	-4.349399
1398	79.352050	79.448668	D-6	57	80	0	2	-2.287533
1399	79.416667	79.500000	D-4	49	80	1	-1	-4.047397
1400	79.448668	79.545286	A-5	59	80	0	1	-3.434905
1401	79.500000	79.583333	D-3	59	80	1	-5	-2.314770
1402	79.545286	79.641905	A-6	59	80	0	5	-2.242366
1403	79.583333	79.666667	B-3	52	80	1	-4	-6.359022
1404	79.641905	79.738523	A-5	59	80	0	1	-1.922714
1405	79.666667	79.750000	G-4	51	80	1	-1	-3.451917
1406	79.738523	79.835141	A-5	63	80	0	2	-4.712397
1407	79.750000	79.833333	G-3	61	80	1	-5	-2.314770
1408	79.833333	79.916667	D-4	54	80	1	-3	-3.416097
1409	79.835141	79.931760	B-5	59	80	0	3	-2.675961
1410	79.916667	80.000000	B-4	51	80	1	-1	-4.439870
1411	79.931760	80.028378	A-5	55	80	0	2	-2.287533
1412	80.000000	80.083333	B-3	61	80	1	-5	-2.314770
1413	80.028378	80.124996	G-5	58	80	0	1	-2.609267
1414	80.083333	80.166667	G-4	56	80	1	-2	-4.349399
1415	80.124996	80.221615	G-6	58	80	0	5	-2.242366
1416	80.166667	80.250000	D-5	54	80	1	-1	-4.047397
1417	80.221615	80.318233	G-5	55	80	0	1	-1.922714
1418	80.250000	80.333333	D-4	65	80	1	-5	-2.314770
1419	80.318233	80.994562	D-5	63	80	0	1	-7.672902
1420	80.333333	80.416667	B-4	58	80	1	-4	-6.359022
1421	80.416667	80.500000	G-5	56	80	1	-1	-3.451917
1422	80.500000	80.583333	G-4	67	80	1	-5	-2.314770
1423	80.583333	80.666667	B-4	59	80	1	-4	-4.139458
1424	80.666667	80.750000	G-5	58	80	1	-1	-3.451917
1425	80.750000	80.833333	D-4	68	80	1	-5	-3.781310
1426	80.833333	80.916667	D-5	60	80	1	-2	-5.035265
1427	80.916667	81.000000	G-5	59	80	1	-1	-2.320150
1428	80.994562	81.091180	G-5	64	80	0	2	-2.963617
1429	81.000000	81.083333	G-4	72	80	1	-5	-2.314770
1430	81.083333	81.166667	B-4	61	80	1	-4	-4.139458
1431	81.091180	81.187798	A-5	62	80	0	3	-2.675961
1432	81.166667	81.250000	G-5	59	80	1	-1	-3.451917
1433	81.187798	81.284417	B-5	70	80	0	4	-2.883688
1434	81.250000	81.333333	D-4	72	80	1	-5	-3.781310
1435	81.284417	81.381035	A-5	64	80	0	3	-2.238713
1436	81.333333	81.416667	B-4	65	80	1	-4	-6.359022
1437	81.381035	81.477653	G-5	61	80	0	2	-2.287533
1438	81.416667	81.500000	G-5	63	80	1	-1	-3.451917
1439	81.477653	81.574272	D-5	69	80	0	1	-3.434905
1440	81.500000	81.583333	G-4	73	80	1	-5	-2.314770
1441	81.574272	81.670890	A-5	66	80	0	2	-3.928858
1442	81.583333	81.666667	B-4	67	80	1	-4	-4.139458
1443	81.666667	81.750000	G-5	66	80	1	-1	-3.451917
1444	81.670890	81.767508	D-6	64	80	0	4	-2.909306
1445	81.750000	81.833333	D-4	75	80	1	-5	-3.781310
1446	81.767508	81.864127	E-6	73	80	0	5	-2.706622
1447	81.833333	81.916667	B-4	69	80	1	-4	-6.359022
1448	81.864127	81.960745	D-6	67	80	0	4	-2.814339
1449	81.916667	82.000000	G-5	69	80	1	-1	-3.451917
1450	81.960745	82.057364	A-5	65	80	0	2	-3.266530
1451	82.000000	82.083333	G-4	81	80	1	-5	-2.314770
1452	82.057364	82.153982	G-5	74	80	0	1	-2.609267
1453	82.153982	82.250600	D-6	71	80	0	2	-3.928858
1454	82.166667	82.250000	G-3	87	80	1	-5	-5.870600
1455	82.166667	82.250000	G-4	87	80	1	-1	-1.202832
1456	82.250000	82.333333	E-3	83	80	1	-5	-4.233080
1457	82.250000	82.333333	E-4	83	80	1	-1	-1.202832
1458	82.250600	82.347219	G-6	70	80	0	4	-2.909306
1459	82.333333	82.416667	D-3	85	80	1	-5	-3.842215
1460	82.333333	82.416667	D-4	85	80	1	-1	-1.202832
1461	82.347219	82.443837	A-6	76	80	0	5	-2.706622
1462	82.416667	82.500000	B-2	86	80	1	-5	-4.233080
1463	82.416667	82.500000	B-3	86	80	1	-1	-1.202832
1464	82.443837	82.540455	G-6	70	80	0	4	-2.814339
1465	82.500000	82.583333	A-2	86	80	1	-5	-3.842215
1466	82.500000	82.583333	A-3	86	80	1	-1	-1.202832
1467	82.540455	82.637074	D-6	70	80	0	2	-3.266530
1468	82.583333	82.666667	G-2	87	80	1	-5	-3.842215
1469	82.583333	82.666667	G-3	87	80	1	-1	-1.202832
1470	82.637074	82.733692	A-5	79	80	0	1	-3.434905
1471	82.666667	82.750000	E-2	88	80	1	-5	-4.233080
1472	82.666667	82.750000	E-3	88	80	1	-1	-1.202832
1473	82.733692	82.830310	D-6	81	80	0	2	-2.963617
1474	82.750000	82.833333	D-2	89	80	1	-5	-3.842215
1475	82.750000	82.833333	D-3	89	80	1	-1	-1.202832
1476	82.830310	82.926929	A-6	78	80	0	4	-4.859095
1477	82.833333	82.916667	B-1	89	80	1	-5	-4.233080
1478	82.833333	82.916667	B-2	89	80	1	-1	-1.202832
1479	82.916667	83.000000	A-1	92	80	1	-5	-3.842215
1480	82.916667	83.000000	A-2	92	80	1	-1	-1.202832
1481	82.926929	83.023547	B-6	86	80	0	5	-2.706622
1482	83.000000	83.500000	G-1	105	80	1	-5	-3.842215
1483	83.000000	83.500000	G-2	105	80	1	-1	-1.202832
1484	83.023547	83.120166	A-6	78	80	0	4	-2.814339
1485	83.120165	83.216784	D-6	74	80	0	1	-2.857522
1486	83.216784	83.313402	B-6	87	80	0	5	-3.707830
1487	83.313402	83.410021	D-6	77	80	0	1	-2.845304
1488	83.410021	83.506639	A-6	71	80	0	5	-4.274449
1489	83.500000	84.000000	G-3	93	80	1	-5	-6.047974
1490	83.500000	84.000000	D-4	98	80	1	-3	-3.416097
1491	83.506639	83.603257	B-5	83	80	0	1	-3.027253
1492	83.531250	84.000000	B-4	108	80	1	-1	-4.439870
1493	83.603257	83.699876	A-6	78	80	0	5	-4.284649
1494	83.699876	83.796494	D-6	70	80	0	2	-3.263552
1495	83.796494	83.893112	G-6	83	80	0	5	-3.228870
1496	83.893112	83.989731	B-5	76	80	0	2	-4.028221
1497	83.989731	84.086349	E-6	72	80	0	5	-3.228870
1498	84.000000	85.500000	G-1	102	80	1	-5	-4.456078
1499	84.000000	85.500000	G-2	102	80	1	-1	-1.202832
1500	84.086349	84.182967	A-5	83	80	0	2	-3.263552
1501	84.182967	84.279586	D-6	76	80	0	5	-3.228870
1502	84.279586	84.376204	D-5	72	80	0	1	-1.922714
1503	84.376204	84.472823	B-5	83	80	0	5	-3.707830
1504	84.472823	84.569441	D-5	78	80	0	1	-2.845304
1505	84.569441	84.666059	A-5	74	80	0	5	-4.274449
1506	84.666059	84.762678	B-4	83	80	0	1	-3.027253
1507	84.762678	84.859296	A-5	72	80	0	5	-4.284649
1508	84.859296	84.955914	D-5	72	80	0	2	-3.263552
1509	84.955914	85.052533	G-5	83	80	0	5	-3.228870
1510	85.052533	85.149151	B-4	78	80	0	2	-4.028221
1511	85.149151	85.245769	E-5	74	80	0	5	-3.228870
1512	85.245769	85.342388	A-4	83	80	0	2	-3.263552
1513	85.342388	85.439006	D-5	77	80	0	5	-3.228870
1514	85.439006	85.535624	D-4	76	80	0	1	-1.922714
1515	85.535624	85.632243	B-4	87	80	0	5	-3.707830
1516	85.632243	85.728861	D-4	82	80	0	1	-2.845304
1517	85.728861	85.825480	A-4	77	80	0	5	-4.274449
1518	85.825480	85.922098	B-3	88	80	0	1	-3.027253
1519	85.922098	86.018716	A-4	77	80	0	5	-4.284649
1520	86.018716	86.115335	D-4	81	80	0	2	-3.263552
1521	86.115335	86.211953	G-4	93	80	0	5	-3.228870
1522	86.211953	86.308571	B-3	87	80	0	2	-4.028221
1523	86.308571	86.405190	E-4	86	80	0	5	-3.228870
1524	86.405190	86.501808	A-3	97	80	0	2	-3.263552
1525	86.501808	86.598426	D-4	91	80	0	5	-3.228870
1526	86.598426	86.695045	D-3	88	80	0	1	-1.922714
1527	86.695045	86.791663	B-3	101	80	0	4	-4.268071
1528	86.791663	86.888281	G-3	92	80	0	2	-3.359779
1529	86.888281	86.984900	E-4	87	80	0	5	-3.767315
1530	86.984900	87.081518	D-3	101	80	0	1	-3.460971
1531	87.081518	87.178137	D-4	92	80	0	5	-2.242366
1532	87.178137	87.274755	A-3	86	80	0	2	-3.071676
1533	87.274755	87.371373	B-3	101	80	0	3	-2.675961
1534	87.371373	87.467992	G-3	93	80	0	1	-3.281335
1535	87.467992	87.564610	E-4	89	80	0	5	-3.707830
1536	87.564610	87.661228	D-3	101	80	0	1	-3.460971
1537	87.661228	87.757847	D-4	93	80	0	5	-2.242366
1538	87.757847	87.854465	A-3	89	80	0	2	-3.071676
1539	87.854465	88.136155	B-3	101	80	0	3	-2.675961
1540	88.136155	88.230052	G-3	48	80	0	2	-3.674662
1541	88.136155	88.230052	B-3	60	80	0	3	-3.012122
1542	88.230052	88.323949	A-3	59	80	0	2	-2.287533
1543	88.323949	88.417845	G-3	54	80	0	1	-2.609267
1544	88.417845	88.511742	E-4	50	80	0	3	-4.659051
1545	88.417845	88.511742	G-4	63	80	0	5	-2.681011
1546	88.511742	88.605639	D-4	60	80	0	2	-3.071676
1547	88.605639	88.699535	B-3	56	80	0	1	-3.157580
1548	88.699535	88.790860	G-4	50	80	0	3	-4.659051
1549	88.699535	88.790860	B-4	64	80	0	5	-2.681011
1550	88.790860	88.882184	E-4	62	80	0	2	-3.263552
1551	88.882184	88.973508	D-4	58	80	0	1	-2.609267
1552	88.973508	89.064832	B-4	52	80	0	3	-4.659051
1553	88.973508	89.064832	D-5	66	80	0	5	-2.681011
1554	89.064832	89.156156	A-4	64	80	0	2	-3.071676
1555	89.156156	89.247481	G-4	58	80	0	1	-2.609267
1556	89.247481	89.338805	E-5	55	80	0	3	-4.659051
1557	89.247481	89.338805	G-5	69	80	0	5	-2.681011
1558	89.338805	89.430129	D-5	59	80	0	2	-3.071676
1559	89.430129	89.521453	B-4	59	80	0	1	-3.157580
1560	89.521453	89.611543	G-5	55	80	0	3	-4.659051
1561	89.521453	89.611543	B-5	70	80	0	5	-2.681011
1562	89.611543	89.701633	E-5	65	80	0	2	-3.263552
1563	89.701633	89.791724	D-5	64	80	0	1	-2.609267
1564	89.791724	89.881814	B-5	56	80	0	3	-4.659051
1565	89.791724	89.881814	D-6	71	80	0	5	-2.681011
1566	89.881814	89.971904	A-5	67	80	0	2	-3.071676
1567	89.971904	90.061994	G-5	67	80	0	1	-2.609267
1568	90.061994	90.152084	E-6	58	80	0	3	-4.659051
1569	90.061994	90.152084	G-6	73	80	0	5	-2.681011
1570	90.152084	90.242174	D-6	67	80	0	2	-3.071676
1571	90.242174	90.332264	B-5	65	80	0	1	-3.157580
1572	90.332264	90.421153	G-6	59	80	0	3	-4.659051
1573	90.332264	90.421153	B-6	75	80	0	5	-2.681011
1574	90.421153	90.510042	E-6	69	80	0	2	-3.263552
1575	90.510042	90.598931	D-6	66	80	0	1	-2.609267
1576	90.598931	90.687820	E-6	62	80	0	2	-2.867384
1577	90.598931	90.687820	G-6	78	80	0	4	-2.758588
1578	90.687820	90.776709	D-6	70	80	0	2	-3.266530
1579	90.776708	90.865597	B-5	69	80	0	1	-3.157580
1580	90.865597	90.954486	G-6	62	80	0	3	-4.659051
1581	90.865597	90.954486	B-6	78	80	0	5	-2.681011
1582	90.954486	91.043375	E-6	71	80	0	2	-3.263552
1583	91.043375	91.132264	D-6	70	80	0	1	-2.609267
1584	91.132264	91.223588	E-6	64	80	0	2	-2.867384
1585	91.132264	91.223588	G-6	81	80	0	4	-2.758588
1586	91.223588	91.314912	D-6	74	80	0	2	-3.266530
1587	91.314912	91.406237	B-5	73	80	0	1	-3.157580
1588	91.406237	91.497561	G-6	64	80	0	3	-4.659051
1589	91.406237	91.497561	B-6	81	80	0	5	-2.681011
1590	91.497561	91.588885	E-6	75	80	0	2	-3.263552
1591	91.588885	91.680209	D-6	74	80	0	1	-2.609267
1592	91.680209	91.771533	E-6	65	80	0	2	-2.867384
1593	91.680209	91.771533	G-6	82	80	0	4	-2.758588
1594	91.771533	91.862858	D-6	75	80	0	2	-3.266530
1595	91.862858	91.954182	B-5	75	80	0	1	-3.157580
1596	91.954182	92.046774	G-6	67	80	0	3	-4.659051
1597	91.954182	92.046774	B-6	85	80	0	5	-2.681011
1598	92.046774	92.139367	E-6	77	80	0	3	-5.492188
1599	92.139367	92.231960	D-6	75	80	0	2	-2.287533
1600	92.231960	92.324552	B-5	89	80	0	1	-3.157580
1601	92.231960	92.324552	G-6	89	80	0	5	-3.707830
1602	92.417145	92.511042	G-5	94	80	0	1	-1.922714
1603	92.417145	92.511042	G-6	94	80	0	5	-2.242366
1604	92.511042	92.604938	E-5	94	80	0	1	-4.340619
1605	92.511042	92.604938	E-6	94	80	0	5	-2.242366
1606	92.604938	92.698835	D-5	95	80	0	1	-3.460971
1607	92.604938	92.698835	D-6	95	80	0	5	-2.242366
1608	92.698835	92.792732	B-4	96	80	0	1	-4.340619
1609	92.698835	92.792732	B-5	96	80	0	5	-2.242366
1610	92.792732	92.889350	A-4	97	80	0	1	-3.460971
1611	92.792732	92.889350	A-5	97	80	0	5	-2.242366
1612	92.889350	92.985968	G-4	98	80	0	1	-3.460971
1613	92.889350	92.985968	G-5	98	80	0	5	-2.242366
1614	92.985968	93.082587	E-4	98	80	0	1	-4.340619
1615	92.985968	93.082587	E-5	98	80	0	5	-2.242366
1616	93.082587	93.179205	D-4	100	80	0	1	-3.460971
1617	93.082587	93.179205	D-5	100	80	0	5	-2.242366
1618	93.179205	93.275823	B-3	101	80	0	1	-4.340619
1619	93.179205	93.275823	B-4	101	80	0	5	-2.242366
1620	93.275823	93.372442	A-3	103	80	0	1	-3.460971
1621	93.275823	93.372442	A-4	103	80	0	5	-2.242366
1622	93.372442	93.952152	G-3	117	80	0	1	-3.460971
1623	93.372442	93.952152	G-4	117	80	0	4	-3.867317
1624	93.952152	94.531862	B-5	108	80	0	1	-7.338864
1625	93.952152	94.531862	D-6	108	80	0	2	-2.525967
1626	93.952152	94.531862	G-6	108	80	0	4	-2.909306
1627	93.952152	94.531862	B-6	118	80	0	5	-3.402079
1628	94.531862	96.270993	G-3	112	80	0	1	-6.163296
